1.017789999999999928e+01 9.795534411010111092e-06 9.847921516431968058e-06 9.826371329340355759e-06
1.043200000000000038e+01 9.125360941159594977e-06 9.382484465479348049e-06 9.329502872936920545e-06
1.068609999999999971e+01 8.683735310350117624e-06 8.814552740686595954e-06 8.858580900359246942e-06
1.094030000000000058e+01 8.308521046096292880e-06 8.325746119284922270e-06 8.307539866381251288e-06
1.119439999999999991e+01 7.715876221997692295e-06 7.993719221744859983e-06 7.947371123827524816e-06
1.144849999999999923e+01 7.415680484652549878e-06 7.512360262667471612e-06 7.523691483718382387e-06
1.171439999999999948e+01 7.109963354688507718e-06 7.069619872634482017e-06 7.099071703347472275e-06
1.205320000000000036e+01 6.805975081928955709e-06 6.558359384592604380e-06 6.530850997374158622e-06
1.239209999999999923e+01 6.405902703495579608e-06 6.117495767038134142e-06 6.104835416729933308e-06
1.273099999999999987e+01 6.162366882376944487e-06 5.665380961438447835e-06 5.648278209304322665e-06
1.306990000000000052e+01 5.620673442758071872e-06 5.392151989565812108e-06 5.378020672824374426e-06
1.340879999999999939e+01 5.052365245926155281e-06 5.174701310151855718e-06 5.198085438040960981e-06
1.374770000000000003e+01 5.017144861255027006e-06 4.758676362339566486e-06 4.741912568979531062e-06
1.408660000000000068e+01 4.619524594296462006e-06 4.525606538062379025e-06 4.534695465390429601e-06
1.442549999999999955e+01 4.286974382177237647e-06 4.305545832453186270e-06 4.310196293010414947e-06
1.476440000000000019e+01 4.203651805137118184e-06 4.012599085122167867e-06 3.966680009029856509e-06
1.510330000000000084e+01 3.781750929113617744e-06 3.860373413637725531e-06 3.871491566310954493e-06
1.544209999999999994e+01 3.530657055977814089e-06 3.669252485091754499e-06 3.688158328876874906e-06
1.585510000000000019e+01 3.374663171429217832e-06 3.413854108616995752e-06 3.410292041563101169e-06
1.630699999999999861e+01 3.009152087460046327e-06 3.234107455063696586e-06 3.280756706901273833e-06
1.675890000000000057e+01 2.901555991468472760e-06 2.991939400587291018e-06 3.005004639410907562e-06
1.721079999999999899e+01 2.739796008252054487e-06 2.786256619453502480e-06 2.796947216806994998e-06
1.766280000000000072e+01 2.427062956939067212e-06 2.660882710131827098e-06 2.699210822711833365e-06
1.811469999999999914e+01 2.376889360277191114e-06 2.471375757657281691e-06 2.465795767692164581e-06
1.856660000000000110e+01 2.249404474574467845e-06 2.305710804589448133e-06 2.311253716754047821e-06
1.901849999999999952e+01 2.118306524421515846e-06 2.156484752065728252e-06 2.177830899857290191e-06
1.947040000000000148e+01 1.954866340072459426e-06 2.047709018689517637e-06 2.066685312266839228e-06
1.992229999999999990e+01 1.820756500617731139e-06 1.937370446555756971e-06 1.955367704504391710e-06
2.037430000000000163e+01 1.725283197697136866e-06 1.820709282620603033e-06 1.838707302631113117e-06
2.085219999999999985e+01 1.655755180186248076e-06 1.701706792442071385e-06 1.708315980901570609e-06
2.145479999999999876e+01 1.493283578006529033e-06 1.607231028300981243e-06 1.605943133986266769e-06
2.205750000000000099e+01 1.412883762670806708e-06 1.484443311476762675e-06 1.496426896615237646e-06
2.266009999999999991e+01 1.307635487377515877e-06 1.390271573791650925e-06 1.399428647056234035e-06
2.326269999999999882e+01 1.260124620730951701e-06 1.282493546907214523e-06 1.288231107926706012e-06
2.386540000000000106e+01 1.138346924106381553e-06 1.222278540746618893e-06 1.223165472509249019e-06
2.446799999999999997e+01 1.082782947511234684e-06 1.128343045579405938e-06 1.144754170101983418e-06
2.507069999999999865e+01 1.016251942140750474e-06 1.060101702661356817e-06 1.068273279473141122e-06
2.567330000000000112e+01 9.705186617692982963e-07 9.869107918908991938e-07 9.926924459211697763e-07
2.627590000000000003e+01 9.082321878008948703e-07 9.281458035838963174e-07 9.343304165460632975e-07
2.687859999999999872e+01 8.209570120582213136e-07 8.882303589968505582e-07 8.920921653052591945e-07
2.748120000000000118e+01 7.789706600998527488e-07 8.264290850666640196e-07 8.429771859754352553e-07
2.822250000000000014e+01 7.384634245456719548e-07 7.717258612221812518e-07 7.720333631350392684e-07
2.902609999999999957e+01 6.986981891770233990e-07 7.133814933451603299e-07 7.115538002875529776e-07
2.982979999999999876e+01 6.154366135045077585e-07 6.792059188535481867e-07 6.866348954316982529e-07
3.063340000000000174e+01 5.779920140919802106e-07 6.212430026823222095e-07 6.305840699704404224e-07
3.143700000000000117e+01 5.558537504173214751e-07 5.827094617683792263e-07 5.858902686235343376e-07
3.224069999999999681e+01 5.376872020152435298e-07 5.378782442499370085e-07 5.368516217610570354e-07
3.304429999999999978e+01 4.807462403295504826e-07 5.165814752538656089e-07 5.132715151936646927e-07
3.384790000000000276e+01 4.670899035417138345e-07 4.744081822763617512e-07 4.712234273304126213e-07
3.465160000000000196e+01 4.294348178088288545e-07 4.469735555143633676e-07 4.469082927488968956e-07
3.545519999999999783e+01 3.942268960325365143e-07 4.229291454093164540e-07 4.245421199876680764e-07
3.625880000000000081e+01 3.814273131221073055e-07 3.921283625573579946e-07 3.921841703755596860e-07
3.711789999999999878e+01 3.476597351483551431e-07 3.708778799947310669e-07 3.738036890976208252e-07
3.818959999999999866e+01 3.310641959130354734e-07 3.418756362106737038e-07 3.423352094872768969e-07
3.926129999999999853e+01 2.945638873178481376e-07 3.251111495563268622e-07 3.249350967527232352e-07
4.033290000000000219e+01 2.929963704024383804e-07 2.925913137976894662e-07 2.942389670989934069e-07
4.140460000000000207e+01 2.727474201028382853e-07 2.728805695306520513e-07 2.749915273255518025e-07
4.247630000000000194e+01 2.423610220221701436e-07 2.632991033697789669e-07 2.602426738420329264e-07
4.354789999999999850e+01 2.352795727774600257e-07 2.426659299720873475e-07 2.428101053063662572e-07
4.461959999999999837e+01 2.162472580979478727e-07 2.267435160300980716e-07 2.274038122615584758e-07
4.569129999999999825e+01 2.015530097267988020e-07 2.118842875866990671e-07 2.135874170386281659e-07
4.676290000000000191e+01 1.932266984302741323e-07 1.961295921325045657e-07 1.971768018514899408e-07
4.783460000000000178e+01 1.756127870875222937e-07 1.876131205438184579e-07 1.884274700417772346e-07
4.890630000000000166e+01 1.671765207544436380e-07 1.750323816551339878e-07 1.751468463189108929e-07
5.023669999999999902e+01 1.576980752763961096e-07 1.616823451227350068e-07 1.614571428013708570e-07
5.166579999999999728e+01 1.431011686661938013e-07 1.512400777411966679e-07 1.521778125601449072e-07
5.309490000000000265e+01 1.365286735372978498e-07 1.383981142849103939e-07 1.404513327698896645e-07
5.452400000000000091e+01 1.219422538636951033e-07 1.324032554319975462e-07 1.337907145809661126e-07
5.595309999999999917e+01 1.211300988177118544e-07 1.208705781320411359e-07 1.200408723615921662e-07
5.738219999999999743e+01 1.060327873488005201e-07 1.158538076936325022e-07 1.156544341257827753e-07
5.881130000000000280e+01 1.023904301207914548e-07 1.072963595460243463e-07 1.065337989658297695e-07
6.024040000000000106e+01 9.591632639028373293e-08 9.885963968844095739e-08 9.873929103646374107e-08
6.166949999999999932e+01 8.906729749280714837e-08 9.362979246461129467e-08 9.375703627006367888e-08
6.309859999999999758e+01 8.314878146854749660e-08 8.836314933412222413e-08 8.842849349220157240e-08
6.452760000000000673e+01 7.810146571373044733e-08 8.190935796221986629e-08 8.236261627643864320e-08
6.607179999999999609e+01 7.219296297972764427e-08 7.735585697557083399e-08 7.765923871008713249e-08
6.797750000000000625e+01 6.689778760353056536e-08 7.122387043990405444e-08 7.267601686112936243e-08
6.988320000000000221e+01 6.349812677397534740e-08 6.478763037546452485e-08 6.706242454066875161e-08
7.178889999999999816e+01 5.654917978406365751e-08 6.278604474059708136e-08 6.292570349323416576e-08
7.369469999999999743e+01 5.545928992424586674e-08 5.716442629521121001e-08 5.965920281882049986e-08
7.560039999999999338e+01 5.155989451756131001e-08 5.380912600376804864e-08 5.315973224882407581e-08
7.750610000000000355e+01 4.830027398675489655e-08 4.953829120787882599e-08 5.009064594791097569e-08
7.941179999999999950e+01 4.282219551964009903e-08 4.756807413260401700e-08 4.753062194295455035e-08
8.131749999999999545e+01 4.053189533318799160e-08 4.389716051505856412e-08 4.453488843278820756e-08
8.322329999999999472e+01 3.864594438769559201e-08 3.993143991614734803e-08 4.126498566508147339e-08
8.512900000000000489e+01 3.790114196502911515e-08 3.784710177179478625e-08 3.871204224887636172e-08
8.703470000000000084e+01 3.360112912371213551e-08 3.674491294396189952e-08 3.658395757307671857e-08
8.942260000000000275e+01 3.121853660001885741e-08 3.332967323918104064e-08 3.379621966088759115e-08
9.196389999999999532e+01 2.957759237746604931e-08 3.135619086568681042e-08 3.080880860811167388e-08
9.450520000000000209e+01 2.638943032135625703e-08 2.668286460632473674e-08 2.934157890628123773e-08
9.704659999999999798e+01 2.439907614549903493e-08 2.697092350201591943e-08 2.776209870422757195e-08
9.958790000000000475e+01 2.356315759258500202e-08 2.505435233842227014e-08 2.516981009244849985e-08
1.021290000000000049e+02 2.239091024489376491e-08 2.319283725130096306e-08 2.354823821605596611e-08
1.046710000000000065e+02 2.084621774630169793e-08 2.170539367221625349e-08 2.182313352578422635e-08
1.072120000000000033e+02 1.943537363236902821e-08 2.002154754197060685e-08 2.058611169488047402e-08
1.097530000000000001e+02 1.832204286308160477e-08 1.864668543065491359e-08 1.925037878407410172e-08
1.122939999999999969e+02 1.696869171876524461e-08 1.734370372570316466e-08 1.875306354965783722e-08
1.148359999999999985e+02 1.582820421108061710e-08 1.604794765065607982e-08 1.718540847579391352e-08
1.176110000000000042e+02 1.470394499326645486e-08 1.522676750322104623e-08 1.628651663414232674e-08
1.210000000000000000e+02 1.399719669226369509e-08 1.308566380567208752e-08 1.526183901407969556e-08
1.243889999999999958e+02 1.291631171478800056e-08 1.310816068432708030e-08 1.323064393387769662e-08
1.277780000000000058e+02 1.190407839515036457e-08 1.265418115948419419e-08 1.203646187262089848e-08
1.311670000000000016e+02 1.111211883842621081e-08 1.210526937524678863e-08 1.080345104632700528e-08
1.345550000000000068e+02 9.903518923257191463e-09 1.113156633069370369e-08 1.060850859604910888e-08
1.379439999999999884e+02 9.003796958267286131e-09 1.007731518865671450e-08 1.040648235307600320e-08
1.413329999999999984e+02 8.383023484049920183e-09 9.319976509205680659e-09 9.780448016744403163e-09
1.447220000000000084e+02 8.169115105479742860e-09 8.767793509507370618e-09 8.549751210395270307e-09
1.481109999999999900e+02 7.641277465860864319e-09 8.156141545178413841e-09 8.120509887440439974e-09
1.515000000000000000e+02 6.755641161255676556e-09 7.688341959655280327e-09 7.903501584089047687e-09
1.548890000000000100e+02 6.599721070443080582e-09 7.215209142467630563e-09 7.066488197089291540e-09
1.591740000000000066e+02 6.307846910602213103e-09 6.512458256239577556e-09 6.534820998158213182e-09
1.636930000000000121e+02 5.640680516579792882e-09 6.200405848880661279e-09 6.081485734539547825e-09
1.682129999999999939e+02 5.057239191428481063e-09 5.642735180447900032e-09 5.904618943123621824e-09
1.727319999999999993e+02 4.677431249296025079e-09 5.272324855361366325e-09 5.469187335342610382e-09
1.772510000000000048e+02 4.533621242721719154e-09 4.861009229488012870e-09 4.926279362790269748e-09
1.817700000000000102e+02 4.070149552636673681e-09 4.748763899763618303e-09 4.494904477599710004e-09
1.862889999999999873e+02 3.884084324855183242e-09 4.129173048743815254e-09 4.374434701401003670e-09
1.908079999999999927e+02 3.623986238240717340e-09 3.943851001299169138e-09 3.960082760460115213e-09
1.953280000000000030e+02 3.355057683722485428e-09 3.729207232434894698e-09 3.660639663842622477e-09
1.998470000000000084e+02 3.158247018373159372e-09 3.307927021554821756e-09 3.549302635072020123e-09
2.043660000000000139e+02 2.903367950278121947e-09 3.247400775012179421e-09 3.184796369709699480e-09
2.093530000000000086e+02 2.749937086640167074e-09 2.922825754310516565e-09 3.014510370549317368e-09
2.153789999999999907e+02 2.526810825187715135e-09 2.808406530662695204e-09 2.692167154149590980e-09
2.214060000000000059e+02 2.293631363513974010e-09 2.542977996976343453e-09 2.589941629509683186e-09
2.274319999999999879e+02 2.108697574697157204e-09 2.432965787949703178e-09 2.338039208704241340e-09
2.334590000000000032e+02 1.959881322416540481e-09 2.149511136150222501e-09 2.268047277695890597e-09
2.394850000000000136e+02 1.774315544309637580e-09 1.968221922298817976e-09 2.170983508391545237e-09
2.455109999999999957e+02 1.682256481141546649e-09 1.819149692993898681e-09 1.993450190364555656e-09
2.515380000000000109e+02 1.578216072357689350e-09 1.728364772289264497e-09 1.792390142603553722e-09
2.575640000000000214e+02 1.428556920415894632e-09 1.669738816667833164e-09 1.649087137916272705e-09
2.635910000000000082e+02 1.429306479518580402e-09 1.495765933620430327e-09 1.483790407581797313e-09
2.696170000000000186e+02 1.208988724222947759e-09 1.422275120987094011e-09 1.478811069789958777e-09
2.756440000000000055e+02 1.161166515742712153e-09 1.303702082340519245e-09 1.361840261916769017e-09
2.833330000000000268e+02 1.114981678528984028e-09 1.197030584197741483e-09 1.223275829273275068e-09
2.913700000000000045e+02 9.778014867354062848e-10 1.116140497880628015e-09 1.170343665383966284e-09
2.994060000000000059e+02 9.798248659900165895e-10 1.013540695926277151e-09 1.021153582083706797e-09
3.074420000000000073e+02 8.008959283693262916e-10 9.397082671887967042e-10 1.050377746163366077e-09
3.154789999999999850e+02 8.317699817625741580e-10 8.901672461993842487e-10 8.736827194706778664e-10
3.235149999999999864e+02 7.495229351270981185e-10 8.220236532604950763e-10 8.225893537973435691e-10
3.315509999999999877e+02 6.474121830029570319e-10 7.769727684043667270e-10 7.960366512257797598e-10
3.395880000000000223e+02 6.752943949055586043e-10 6.850242222888287719e-10 6.998804898056129465e-10
3.476240000000000236e+02 5.828579357986876471e-10 6.701889996076123288e-10 6.406389403639234930e-10
3.556610000000000014e+02 4.968493037013836186e-10 6.331343160773101603e-10 6.461185572213063839e-10
3.636970000000000027e+02 5.267724517596432091e-10 5.556932944833324087e-10 5.665449792570245594e-10
3.726580000000000155e+02 4.851555634432443298e-10 5.120629838262275552e-10 5.315063917305283312e-10
3.833740000000000236e+02 3.819375111605828399e-10 4.985048088547190262e-10 5.284537619846983559e-10
3.940910000000000082e+02 4.071532979333020635e-10 4.407238488909335445e-10 4.520035966757645532e-10
4.048079999999999927e+02 3.915912560536373278e-10 4.041029507401245472e-10 4.084403706939884887e-10
4.155240000000000009e+02 3.017350380479303359e-10 4.014013893724936197e-10 4.055005884795763122e-10
4.262409999999999854e+02 2.958076297261661227e-10 3.548369143678806691e-10 3.756540929059533841e-10
4.369569999999999936e+02 3.202634684450852077e-10 3.105524522004915941e-10 3.188485068544233857e-10
4.476739999999999782e+02 2.734995777831177293e-10 3.061502032079012147e-10 2.996576385089812098e-10
4.583910000000000196e+02 2.172839971865659328e-10 2.983716924281547278e-10 2.983363553852795037e-10
4.691070000000000277e+02 2.168969892735967429e-10 2.632127472770909043e-10 2.747609294493124658e-10
4.798240000000000123e+02 2.351583441143762465e-10 2.282866353392728299e-10 2.381463880654755414e-10
4.905409999999999968e+02 2.158136951059103666e-10 2.245218754792435997e-10 2.083119394148461123e-10
5.043389999999999986e+02 1.650587095170660460e-10 2.187085038916280201e-10 2.135430590913059878e-10
5.186299999999999955e+02 1.471300387792561681e-10 1.985397851527366694e-10 2.037436318680071922e-10
5.329199999999999591e+02 1.652476039122096780e-10 1.663748094470329279e-10 1.752083178407575022e-10
5.472110000000000127e+02 1.606179244455976987e-10 1.532362326005598804e-10 1.535804556538425229e-10
5.615019999999999527e+02 1.284289542779942008e-10 1.594648627323333821e-10 1.435614233396724585e-10
5.757930000000000064e+02 1.026558447353921952e-10 1.391986341183478270e-10 1.566759011462600090e-10
5.900839999999999463e+02 9.955240292011603309e-11 1.290252751843686441e-10 1.394341293761396547e-10
6.043750000000000000e+02 1.110394387610603024e-10 1.042332168908477932e-10 1.252332110980919778e-10
6.186660000000000537e+02 1.129471499001455525e-10 1.001390827885371927e-10 1.018217760113172861e-10
6.329569999999999936e+02 9.243906553769982882e-11 9.942014708611991109e-11 9.926091967618031252e-11
6.472480000000000473e+02 7.238375239448784388e-11 1.008988785994235075e-10 9.628908550608871155e-11
6.633460000000000036e+02 6.175894540673938343e-11 9.256262539083203247e-11 9.440300710242862731e-11
6.824039999999999964e+02 6.725871969119754764e-11 7.854264009602754579e-11 8.285182731277493380e-11
7.014610000000000127e+02 7.253519929595862186e-11 6.752111524966516538e-11 7.015073609267629129e-11
7.205180000000000291e+02 6.580255743721430442e-11 6.406383776023401112e-11 6.394846534255172062e-11
7.395750000000000455e+02 5.152928237703384213e-11 6.411653073326188687e-11 6.283089089426721021e-11
7.586319999999999482e+02 4.051059935286182146e-11 6.174991266261877563e-11 6.247808693451942738e-11
7.776900000000000546e+02 3.761847360574584797e-11 5.689642799302444869e-11 5.747934712622972211e-11
7.967469999999999573e+02 3.961120302407983105e-11 4.866529310028646814e-11 5.202728247563373287e-11
8.158039999999999736e+02 4.304910523993194028e-11 4.239111429081027740e-11 4.426124711867599682e-11
8.348609999999999900e+02 4.235920428115307016e-11 3.794448158312087797e-11 3.934375926572607380e-11
8.539180000000000064e+02 3.792676430403675277e-11 3.634864436518020876e-11 3.622511578078304849e-11
8.729759999999999991e+02 3.130518874532407997e-11 3.595704460243716919e-11 3.481933966223875830e-11
8.977309999999999945e+02 2.379097651834328672e-11 3.545169892046672902e-11 3.440635179619000098e-11
9.231449999999999818e+02 1.952533374046092946e-11 3.354625298191822448e-11 3.308291817012085487e-11
9.485579999999999927e+02 1.955420624748416207e-11 2.933868025154181750e-11 3.025796683335363798e-11
9.739710000000000036e+02 2.142736186157822268e-11 2.490213654014638865e-11 2.656708422527540383e-11
9.993840000000000146e+02 2.290206980580615748e-11 2.126328067099788758e-11 2.296062542569596168e-11
1.024799999999999955e+03 2.243789842674980026e-11 1.933069544916601637e-11 2.001610387358418962e-11
1.050210000000000036e+03 2.008590152759983870e-11 1.837737891638494985e-11 1.853886627001522587e-11
1.075619999999999891e+03 1.655852019270653298e-11 1.825800329710346658e-11 1.772449363319000876e-11
1.101039999999999964e+03 1.296473384915779809e-11 1.836972032921552525e-11 1.710836687312668264e-11
1.126450000000000045e+03 1.021033419345096570e-11 1.770880015503740706e-11 1.671407577701163316e-11
1.151859999999999900e+03 8.711561971006044865e-12 1.613303585974161208e-11 1.634173483195235050e-11
1.180779999999999973e+03 8.353739001523352188e-12 1.458255627330922292e-11 1.494407360906743252e-11
1.214670000000000073e+03 9.224775560806549706e-12 1.237132738766246431e-11 1.315808729488098691e-11
1.248559999999999945e+03 1.004139925284846266e-11 1.040699270309670755e-11 1.146753945390483201e-11
1.282450000000000045e+03 1.026177082123232062e-11 9.130707425992276355e-12 9.904607328025408861e-12
1.316339999999999918e+03 9.705516030903310307e-12 8.484758550703172848e-12 8.781492146493522823e-12
1.350230000000000018e+03 8.475054827065867706e-12 8.053144174885348790e-12 8.281280959098785368e-12
1.384119999999999891e+03 7.093719860324189964e-12 8.071235295009879435e-12 7.668112779280896873e-12
1.418009999999999991e+03 5.469400285715096774e-12 7.940766277117310313e-12 7.590345829383359189e-12
1.451900000000000091e+03 4.538090734823791751e-12 7.787041015156049973e-12 7.033881177460163768e-12
1.485789999999999964e+03 3.520232874006447718e-12 6.797702923058950896e-12 7.504789533364605149e-12
1.519670000000000073e+03 3.058110453673634348e-12 6.379263897664337453e-12 6.973566004032031972e-12
1.553559999999999945e+03 2.996560957081764289e-12 5.876775039214850311e-12 6.216510424138387971e-12
1.597980000000000018e+03 3.163251531755566239e-12 5.015134018612095052e-12 5.672251892377342515e-12
1.643170000000000073e+03 3.494063175942050042e-12 4.483994769502193426e-12 4.722315711510757787e-12
1.688359999999999900e+03 3.622989932342228441e-12 3.891639884303055279e-12 4.141171486620718585e-12
1.733549999999999955e+03 3.653748992043193062e-12 3.293450066160161425e-12 3.758257769926647768e-12
1.778740000000000009e+03 3.523447211691973286e-12 3.043175949826015451e-12 3.271980822649512198e-12
1.823930000000000064e+03 3.240106648789416427e-12 2.899419233232967952e-12 2.895806369085617306e-12
1.869130000000000109e+03 2.875713944602657741e-12 2.887473275682265563e-12 2.555012123097577942e-12
1.914319999999999936e+03 2.447249507858729386e-12 2.899916019206817310e-12 2.303459761732154476e-12
1.959509999999999991e+03 2.021237792585733713e-12 2.467553245575168343e-12 2.549142761576626683e-12
2.004700000000000045e+03 1.736514196823462304e-12 2.121211128819512788e-12 2.609953543733676539e-12
2.049889999999999873e+03 1.390755744564460681e-12 2.740708969169350230e-12 1.821403472027090140e-12
2.101840000000000146e+03 1.057340160762013672e-12 2.323635911346524955e-12 2.081684586743061778e-12
2.162110000000000127e+03 8.492596572704288269e-13 2.052970860563775344e-12 2.102518662018846897e-12
2.222369999999999891e+03 7.665339119155066294e-13 1.596773292202190941e-12 2.226025556628543796e-12
2.282630000000000109e+03 7.929584498189472080e-13 1.553141907558293448e-12 1.858922557679729971e-12
2.342900000000000091e+03 7.040227828241674714e-13 1.799623529598360816e-12 1.361685599411577227e-12
2.403159999999999854e+03 6.896318014999050264e-13 1.196631678594549580e-12 1.663595278060275844e-12
2.463429999999999836e+03 7.368495679354314573e-13 1.353340211917220248e-12 1.171433981895993590e-12
2.523690000000000055e+03 7.309961337570834660e-13 9.692025652596579078e-13 1.293868787599622682e-12
2.583960000000000036e+03 7.237224439876696968e-13 1.001863154044468238e-12 1.029433721494156044e-12
2.644219999999999800e+03 7.489460175103731980e-13 8.675700107074668112e-13 9.150706653943163090e-13
2.704480000000000018e+03 7.299510939456088884e-13 7.349311360298498677e-13 8.589679408647714543e-13
2.764750000000000000e+03 7.063350075410131971e-13 6.706071062931083608e-13 7.607330536019404830e-13
2.844420000000000073e+03 6.839859438020060302e-13 5.963193468484173860e-13 6.758076212826208098e-13
2.924780000000000200e+03 6.527076174037657657e-13 5.603200312847225999e-13 5.784633196139618147e-13
3.005150000000000091e+03 6.105246994625697848e-13 4.912154872839792600e-13 5.403980057203625341e-13
3.085510000000000218e+03 5.539427832437227246e-13 4.534979552265246599e-13 4.989065561134986118e-13
3.165869999999999891e+03 5.048557790405036685e-13 4.398872944946991435e-13 4.357531463275599508e-13
3.246239999999999782e+03 4.577355666684227007e-13 4.169966310711633036e-13 3.945728530986808588e-13
3.326599999999999909e+03 4.068124273513801888e-13 3.896096232113762427e-13 3.688862114685612019e-13
3.406960000000000036e+03 3.569502450967283408e-13 3.654442847421738369e-13 3.477508055638821248e-13
3.487329999999999927e+03 3.105335521750729051e-13 3.434201844064493930e-13 3.276900230102067416e-13
3.567690000000000055e+03 2.698778419660506370e-13 3.228057009865695485e-13 3.098442354224887801e-13
3.648050000000000182e+03 2.344115432936149518e-13 3.027257102820186985e-13 2.912606435211286372e-13
3.741360000000000127e+03 1.987257890354907102e-13 2.841760929426815405e-13 2.761437739086093280e-13
3.848519999999999982e+03 1.628567464881859956e-13 2.672146866189815206e-13 2.647012677916133137e-13
3.955690000000000055e+03 1.340824438609844417e-13 2.505867298571305158e-13 2.506014950433927793e-13
4.062860000000000127e+03 1.122318105752047016e-13 2.339861947862183214e-13 2.370836582314769027e-13
4.170020000000000437e+03 9.601802474510139598e-14 2.175280872926033836e-13 2.212762885960096868e-13
4.277189999999999600e+03 8.516948134214998064e-14 2.047887196131242419e-13 2.007247126580536174e-13
4.384359999999999673e+03 7.677692493439574625e-14 1.957608914412170111e-13 1.778368837430351190e-13
4.491520000000000437e+03 6.560653496466478365e-14 1.825754997387534191e-13 1.646442243038334153e-13
4.598689999999999600e+03 5.269535627465503379e-14 1.617512171177933103e-13 1.649952261562278993e-13
4.705859999999999673e+03 4.757515263473784289e-14 1.465136246404071809e-13 1.541472206120222466e-13
4.813020000000000437e+03 4.841956861456164564e-14 1.401338591535040501e-13 1.306235175575672609e-13
4.920189999999999600e+03 4.171419387392405013e-14 1.237163652970766298e-13 1.278042067241075754e-13
5.063100000000000364e+03 3.774309452644809550e-14 1.093218147117195445e-13 1.210589702692351092e-13
5.206010000000000218e+03 3.670822021537009084e-14 1.006562208136880328e-13 1.080416928730002897e-13
5.348920000000000073e+03 3.786240116418357459e-14 9.405617433198282210e-14 9.289603815907157446e-14
5.491819999999999709e+03 3.702504570345890262e-14 8.162466831162096149e-14 8.744871503547847657e-14
5.634729999999999563e+03 3.463433651585394438e-14 7.188918681678712882e-14 8.215270363177467483e-14
5.777640000000000327e+03 3.480198344163605661e-14 6.799686969928062758e-14 7.058851068433164348e-14
5.920550000000000182e+03 3.423179661562396574e-14 5.833530956055308554e-14 6.651994896335943663e-14
6.063460000000000036e+03 3.283570539241589647e-14 5.378266252249416923e-14 5.938886338503352521e-14
6.206369999999999891e+03 3.231871108253710913e-14 4.757971125397971884e-14 5.390192574756646330e-14
6.349279999999999745e+03 3.110203888203972315e-14 4.331343214764036818e-14 4.853237696577972247e-14
6.492189999999999600e+03 3.006986460336765099e-14 3.812976439971938852e-14 4.458733643128791711e-14
6.659750000000000000e+03 2.912611273977617864e-14 3.539926380268907474e-14 3.875890816474841063e-14
6.850319999999999709e+03 2.801481216802761596e-14 2.949664957851314339e-14 3.675312258311715297e-14
7.040890000000000327e+03 2.705365875463200637e-14 2.879488525273266985e-14 3.066432931618054571e-14
7.231470000000000255e+03 2.592850942388929553e-14 2.363118510990810620e-14 2.967364230841894949e-14
7.422039999999999964e+03 2.461571415500473261e-14 2.320075698238168240e-14 2.480674521466838527e-14
7.612609999999999673e+03 2.343561005547623355e-14 1.877424705180565120e-14 2.439677537029363971e-14
7.803180000000000291e+03 2.201865058735403948e-14 1.989547067613226912e-14 1.907956924217445511e-14
7.993750000000000000e+03 2.088269254593105985e-14 1.368728336594843051e-14 2.150881897057052087e-14
8.184329999999999927e+03 1.941346762586101241e-14 1.821165302530182475e-14 1.382392547712127440e-14
8.374899999999999636e+03 1.843079154675075883e-14 1.038372068663379928e-14 1.839459088608937631e-14
8.565469999999999345e+03 1.684733899077123768e-14 1.373251931584702862e-14 1.266301884013859244e-14
8.758229999999999563e+03 1.592442331248915624e-14 1.244416950632885642e-14 1.135318715699319425e-14
9.012370000000000800e+03 1.464651298202770630e-14 8.377328835000640755e-15 1.328147507394486532e-14
9.266500000000000000e+03 1.359239887433957822e-14 1.210506401601416075e-14 7.520109469429397909e-15
9.520629999999999200e+03 1.270673366614594888e-14 4.920456169455738224e-15 1.279358093593103705e-14
9.774760000000000218e+03 1.126574091307213730e-14 1.121224046528294237e-14 5.331725573962779226e-15
1.002889999999999964e+04 1.098469464855515843e-14 5.656815240110384079e-15 8.917256233578593302e-15
1.028300000000000000e+04 9.607731317168492037e-15 5.159249507609722721e-15 8.665696792211665586e-15
1.053720000000000073e+04 8.816831842733347616e-15 9.531429008140630914e-15 3.147784298981635060e-15
1.079129999999999927e+04 8.561259110517422511e-15 3.569135087732571132e-15 7.554051605910199012e-15
1.104539999999999964e+04 7.345332247341265186e-15 3.647553003643031574e-15 7.109696832446863629e-15
1.129960000000000036e+04 6.618980311862942427e-15 7.888372813160540763e-15 2.096435848841567385e-15
1.155370000000000073e+04 6.580390139979316459e-15 4.366234955884802018e-15 4.287488211676416302e-15
1.185460000000000036e+04 5.706713939953133058e-15 1.605235269883440370e-15 6.636109965684584218e-15
1.219350000000000000e+04 4.846661131498617545e-15 6.245868244873369072e-15 1.620947906164903231e-15
1.253239999999999964e+04 4.971059039276496355e-15 3.541122387926654834e-15 3.154924381415268132e-15
1.287129999999999927e+04 4.259169449918616617e-15 9.492819877927580676e-16 5.473913492422887663e-15
1.321010000000000036e+04 3.495295063582064253e-15 4.477028159739912199e-15 1.817231590285321777e-15
1.354900000000000000e+04 3.572439808149146303e-15 4.359809872422218869e-15 1.045068680790939239e-15
1.388789999999999964e+04 3.396272249918056929e-15 9.220605557737253634e-16 3.895991134954406423e-15
1.422679999999999927e+04 2.688427105153780064e-15 1.239627341691779733e-15 3.625043839878959087e-15
1.456570000000000073e+04 2.301532195277324591e-15 3.722453228184162677e-15 9.052427775585405653e-16
1.490460000000000036e+04 2.395928840075314598e-15 3.396051442766746777e-15 5.522419096311790563e-16
1.524350000000000000e+04 2.349033156289294991e-15 1.053550445518239854e-15 2.432186448046614771e-15
1.559020000000000073e+04 1.905927665546627572e-15 3.192156307927100891e-16 3.123875950625739191e-15
1.604210000000000036e+04 1.455556625060141322e-15 2.297286469676478427e-15 1.134056393670264691e-15
1.649400000000000000e+04 1.528292304785403219e-15 2.789901890900848279e-15 1.516153884742142063e-16
1.694590000000000146e+04 1.572940622588166016e-15 9.596702843599932232e-16 1.559580857989148030e-15
1.739779999999999927e+04 1.249118384640213130e-15 1.491855113113695416e-16 2.338151828309069556e-15
1.784979999999999927e+04 9.200541993510039996e-16 1.227114744582281653e-15 1.286720272055266138e-15
1.830170000000000073e+04 8.759313291869048672e-16 2.144183036075998299e-15 1.275387254446533122e-16
1.875359999999999854e+04 9.771327341380876804e-16 1.643010587416774131e-15 2.668362885219542069e-16
1.920550000000000000e+04 9.525405969206331221e-16 5.255511830495572029e-16 1.163582714915095069e-15
1.965740000000000146e+04 7.623044631238802779e-16 5.737249632744689033e-17 1.610033051229113228e-15
2.010929999999999927e+04 5.497804256263878568e-16 4.863972653935732316e-16 1.192585025332694225e-15
2.056129999999999927e+04 4.538876153894897192e-16 1.157149408370103310e-15 4.343383704638173474e-16
2.110150000000000000e+04 4.940185726312336671e-16 1.381087032754409680e-15 -1.159250915040049542e-17
2.170420000000000073e+04 5.625145927506441887e-16 7.957320879385440805e-16 3.508000313896200923e-16
2.230679999999999927e+04 5.036742311109384019e-16 1.409380974909992705e-16 9.175182948463633029e-16
2.290950000000000000e+04 3.591058418883549131e-16 7.667940456754026830e-17 9.935534178557266869e-16
2.351209999999999854e+04 2.475382728554810771e-16 4.757691267568212384e-16 5.857151189384218640e-16
2.411470000000000073e+04 2.257260845669406426e-16 8.351991871601488528e-16 1.345838129751332293e-16
2.471740000000000146e+04 2.645179565361033633e-16 8.513207221077858174e-16 -1.634427307755462528e-17
2.532000000000000000e+04 2.973237253600628766e-16 5.645553524621533093e-16 1.456626792952605051e-16
2.592270000000000073e+04 2.859014150856198200e-16 2.212427309258167956e-16 4.166091896991969605e-16
2.652529999999999927e+04 2.322140844414726096e-16 2.707518067583075107e-17 5.854657313550057733e-16
2.712800000000000000e+04 1.660245930012721419e-16 3.949404131424866686e-17 5.711566519828484356e-16
2.775140000000000146e+04 1.127650279828973714e-16 1.945616397237745369e-16 4.042126278290182396e-16
2.855500000000000000e+04 9.065710977851769217e-17 4.150153054017587182e-16 1.437005464645959997e-16
2.935870000000000073e+04 1.071771895056520295e-16 4.887647233836776630e-16 -2.640624091741294904e-18
3.016229999999999927e+04 1.311164196243738243e-16 3.903921704010109064e-16 1.866292943882185515e-17
3.096590000000000146e+04 1.395235939646759386e-16 2.160471725346778536e-16 1.405957906884541968e-16
3.176959999999999854e+04 1.244285953342338466e-16 6.751561988370905682e-17 2.619444973401605116e-16
3.257320000000000073e+04 9.481781213586269847e-17 4.740278637586757182e-18 3.160551945879838949e-16
3.337680000000000291e+04 6.352698875229301523e-17 2.688294765412702543e-17 2.889746108522273882e-16
3.418050000000000000e+04 4.124702159089382044e-17 9.752256957306060011e-17 2.101740352030541130e-16
3.498409999999999854e+04 3.104602747187522974e-17 1.723526222979050786e-16 1.160945359402601265e-16
3.578780000000000291e+04 3.150949327257676846e-17 2.204433898695448096e-16 4.076353934055460989e-17
3.659140000000000146e+04 3.786391336625027864e-17 2.287608615755458724e-16 4.562420959674023364e-19
3.756140000000000146e+04 4.779493153999827452e-17 1.988034845289295506e-16 -1.620301763519692396e-18
3.863309999999999854e+04 5.411144217469758115e-17 1.336675633930177661e-16 3.552267286021991717e-17
3.970469999999999709e+04 5.256594458413104402e-17 6.651098109764568197e-17 8.469213583503007367e-17
4.077640000000000146e+04 4.445975373541981088e-17 1.990135764527321255e-17 1.217902477264924999e-16
4.184800000000000000e+04 3.317120987755647011e-17 1.512404130880319071e-18 1.355127380862818263e-16
4.291969999999999709e+04 2.202452688435218943e-17 7.321023979387933930e-18 1.256372858197546725e-16
4.399140000000000146e+04 1.362544635425081985e-17 2.760370016939702689e-17 1.010790467639681300e-16
4.506300000000000000e+04 8.635283792862238472e-18 5.182584740409459712e-17 6.970814389107891464e-17
4.613469999999999709e+04 6.930015713860663883e-18 7.211317126535702471e-17 4.007904195106473187e-17
4.720640000000000146e+04 7.603726007040890429e-18 8.378562786900929911e-17 1.721470147681318379e-17
4.827800000000000000e+04 9.641014664297066466e-18 8.662931197460643698e-17 3.376208888361466294e-18
4.939900000000000000e+04 1.213724527816812008e-17 8.096367422174804592e-17 -2.021592281968591672e-18
5.082809999999999854e+04 1.496683288066184067e-17 6.662735050674518351e-17 1.354313604542967883e-18
5.225719999999999709e+04 1.625115858876785650e-17 4.757577819918001448e-17 1.135961491376321999e-17
5.368630000000000291e+04 1.607988811867633312e-17 2.958422953378334762e-17 2.329035176255919619e-17
5.511540000000000146e+04 1.446713442692939665e-17 1.502011144615039678e-17 3.336720674192538780e-17
5.654450000000000000e+04 1.204065934949195671e-17 5.521065288124120145e-18 3.979068090280451921e-17
5.797350000000000000e+04 9.316537917869701686e-18 9.813985656505853296e-19 4.207159094846480497e-17
5.940259999999999854e+04 6.678148471448909921e-18 4.623821465914172608e-19 4.047880341779404508e-17
6.083169999999999709e+04 4.486170800369776529e-18 2.691187817872518182e-18 3.650043193148506390e-17
6.226080000000000291e+04 2.786663209254693874e-18 6.384987765183275685e-18 3.069296543142039474e-17
6.368990000000000146e+04 1.627366297509550549e-18 1.044579786586325467e-17 2.417609038773360036e-17
6.511900000000000000e+04 9.724097434262685608e-19 1.424416840070026081e-17 1.802734820588362209e-17
6.686039999999999418e+04 7.078589539332590052e-19 1.796357896489637528e-17 1.155264322942181963e-17
6.876610000000000582e+04 8.750031478062067963e-19 2.051230216143697654e-17 6.079937691796205336e-18
7.067180000000000291e+04 1.302423848469190076e-18 2.131362206458491015e-17 2.371593384880964819e-18
7.257750000000000000e+04 1.815952516563573265e-18 2.062373225331076057e-17 3.120966346149426183e-19
7.448319999999999709e+04 2.279686886875354473e-18 1.872982182384417548e-17 -4.015594605712692874e-19
7.638900000000000000e+04 2.657981448804886126e-18 1.636597690428575095e-17 -1.501304495307071554e-19
7.829469999999999709e+04 2.878936136093870736e-18 1.358922925209437337e-17 7.076550781535056855e-19
8.020039999999999418e+04 2.956819686988707058e-18 1.082203903122424795e-17 1.859208930618180710e-18
8.210610000000000582e+04 2.893519496351097464e-18 8.224101273543697570e-18 3.054058678187712556e-18
8.401180000000000291e+04 2.754049664847409645e-18 6.030480742661313431e-18 4.170811962337749397e-18
8.591760000000000582e+04 2.525622958731289678e-18 4.182460528912768214e-18 5.065118582170557907e-18
8.793289999999999418e+04 2.248746094670651910e-18 2.675959282274618945e-18 5.770408007794142646e-18
9.047419999999999709e+04 1.910509049400234230e-18 1.371614725946467745e-18 6.401635989714126666e-18
9.301550000000000000e+04 1.548591898036201856e-18 5.605298515822026501e-19 6.594475179611454426e-18
9.555680000000000291e+04 1.224351705770186509e-18 1.558018786724069082e-19 6.543047285961312333e-18
9.809810000000000582e+04 9.248591412645514766e-19 4.101475017967533520e-20 6.190453955644076580e-18
1.006390000000000000e+05 6.732295436765936043e-19 1.235169225344086850e-19 5.685600695810451996e-18
