1.017789999999999928e+01 1.081826221516547814e-05 1.062437385692938097e-05 1.058511046597297218e-05
1.043200000000000038e+01 1.013044773335083836e-05 1.004484212112759933e-05 1.011305004924374576e-05
1.068609999999999971e+01 9.743621339060148432e-06 9.491416843271267901e-06 9.499688779106661701e-06
1.094030000000000058e+01 8.903016447380129097e-06 9.137118223444083150e-06 9.092906040948498707e-06
1.119439999999999991e+01 8.669000945537333843e-06 8.567001128878370790e-06 8.520359089249269853e-06
1.144849999999999923e+01 8.458322497669000761e-06 8.021554178419401589e-06 7.961206644618795756e-06
1.171439999999999948e+01 7.854576813643889671e-06 7.602399409873653626e-06 7.656264995003599086e-06
1.205320000000000036e+01 7.327791246752435639e-06 7.161861825697423951e-06 7.132342225209866446e-06
1.239209999999999923e+01 6.876291228103327506e-06 6.691886244159978170e-06 6.680865424968813202e-06
1.273099999999999987e+01 6.318395027199181702e-06 6.363506450988834346e-06 6.321210829638191824e-06
1.306990000000000052e+01 6.015918725507831324e-06 5.886165757709871049e-06 5.919420578564803609e-06
1.340879999999999939e+01 5.542782534676699770e-06 5.595382258121901222e-06 5.610680688160261763e-06
1.374770000000000003e+01 5.362868711733941807e-06 5.202075167354466292e-06 5.191022383262204475e-06
1.408660000000000068e+01 5.160926483829714126e-06 4.847147038741204960e-06 4.838736215370957779e-06
1.442549999999999955e+01 4.746109120225632018e-06 4.640363185758476753e-06 4.613001435046249632e-06
1.476440000000000019e+01 4.367824440993509995e-06 4.413642957733706981e-06 4.314897736816591660e-06
1.510330000000000084e+01 4.398372119563217910e-06 4.074381047473563282e-06 4.012432155972275847e-06
1.544209999999999994e+01 4.047839278805220002e-06 3.889867274325232165e-06 3.868554970628335424e-06
1.585510000000000019e+01 3.665285190574727249e-06 3.692674807461862514e-06 3.701391611266718393e-06
1.630699999999999861e+01 3.508624088215382572e-06 3.427122409249176396e-06 3.383893792624391442e-06
1.675890000000000057e+01 3.172179966692308247e-06 3.231362054746064805e-06 3.239859282953235200e-06
1.721079999999999899e+01 3.082315678717047722e-06 2.985121447124481649e-06 2.962859740676754026e-06
1.766280000000000072e+01 2.887009256733206294e-06 2.789364890675618296e-06 2.775914813959038042e-06
1.811469999999999914e+01 2.627271594116644807e-06 2.640959139117174626e-06 2.658292321912836837e-06
1.856660000000000110e+01 2.459517894698599556e-06 2.482674024312728979e-06 2.496890790909698582e-06
1.901849999999999952e+01 2.342099917192306977e-06 2.328241337571210566e-06 2.319492033376983649e-06
1.947040000000000148e+01 2.275526706898421335e-06 2.159234470004239726e-06 2.140930698150579891e-06
1.992229999999999990e+01 2.029254178633818030e-06 2.078155099301690826e-06 2.082134208042902154e-06
2.037430000000000163e+01 1.929673798447758087e-06 1.953903640597784730e-06 1.948864018248146573e-06
2.085219999999999985e+01 1.822237420044373623e-06 1.832900114112930930e-06 1.831633123767798676e-06
2.145479999999999876e+01 1.710493404909899282e-06 1.697721024088090467e-06 1.697435622294375381e-06
2.205750000000000099e+01 1.550075024396720821e-06 1.600592855050003738e-06 1.608655140680358521e-06
2.266009999999999991e+01 1.490029156003961167e-06 1.471088018781167172e-06 1.484825980448807572e-06
2.326269999999999882e+01 1.367527067686519852e-06 1.393497445999431989e-06 1.391036273117726860e-06
2.386540000000000106e+01 1.249022683018881465e-06 1.315852321331212457e-06 1.320829268568727985e-06
2.446799999999999997e+01 1.186197657170275690e-06 1.230190609232290122e-06 1.222496378593859179e-06
2.507069999999999865e+01 1.157090490478249332e-06 1.133086631971925942e-06 1.121346106792556793e-06
2.567330000000000112e+01 1.077563620351196613e-06 1.063149918099518385e-06 1.059704365851375736e-06
2.627590000000000003e+01 1.007997044681625198e-06 1.008456097861517259e-06 9.886080423115485656e-07
2.687859999999999872e+01 9.137206276588763340e-07 9.578801548836226277e-07 9.555690572944289636e-07
2.748120000000000118e+01 9.094973140782028814e-07 8.788937430263620237e-07 8.701457376985429239e-07
2.822250000000000014e+01 8.203372651754309829e-07 8.218725938188359843e-07 8.332894659658874828e-07
2.902609999999999957e+01 7.745441694873161414e-07 7.673470569250043023e-07 7.682553193474926579e-07
2.982979999999999876e+01 7.146243712793022352e-07 7.177460296215247448e-07 7.186868244437688779e-07
3.063340000000000174e+01 6.844131929135334615e-07 6.613558556058074795e-07 6.750648404312871990e-07
3.143700000000000117e+01 6.298102834307781074e-07 6.229585062663120767e-07 6.219388966355838656e-07
3.224069999999999681e+01 5.761469955662366407e-07 5.884122335486477641e-07 5.890929687336482792e-07
3.304429999999999978e+01 5.440811645035835064e-07 5.517229777915346793e-07 5.441549997951043624e-07
3.384790000000000276e+01 5.312157669151165110e-07 5.066437265256568472e-07 4.993930194707350862e-07
3.465160000000000196e+01 4.634106482445580126e-07 4.915927655385687418e-07 4.881506741858608894e-07
3.545519999999999783e+01 4.565976256554002261e-07 4.502078233237342424e-07 4.454947414363954971e-07
3.625880000000000081e+01 4.336720877350383486e-07 4.190221312562796157e-07 4.186581995271442808e-07
3.711789999999999878e+01 4.010513618212084694e-07 3.953825077271813578e-07 3.948096136068097963e-07
3.818959999999999866e+01 3.624773246315750107e-07 3.700722243334886226e-07 3.743300646138872987e-07
3.926129999999999853e+01 3.469664790506808155e-07 3.421752088849429046e-07 3.413833157515089769e-07
4.033290000000000219e+01 3.307700925928887643e-07 3.152024977544568208e-07 3.137096771454140778e-07
4.140460000000000207e+01 2.890289011013681105e-07 3.036433796706335314e-07 3.022566476885047172e-07
4.247630000000000194e+01 2.852448708886571678e-07 2.735966682388545013e-07 2.783290104430952037e-07
4.354789999999999850e+01 2.558807305970323244e-07 2.595103670906554286e-07 2.651781884779481750e-07
4.461959999999999837e+01 2.405567437555987801e-07 2.467223708571482638e-07 2.439372439206270911e-07
4.569129999999999825e+01 2.284668213737959468e-07 2.278229552640729075e-07 2.286017228845169298e-07
4.676290000000000191e+01 2.130317256017037306e-07 2.140868943417546754e-07 2.140627763301497364e-07
4.783460000000000178e+01 1.991320702574614895e-07 2.011413008388854075e-07 2.012099074062000430e-07
4.890630000000000166e+01 1.910930688451251224e-07 1.868284391003313055e-07 1.859267548765306601e-07
5.023669999999999902e+01 1.769661072241522237e-07 1.738436526980131038e-07 1.744748806267641936e-07
5.166579999999999728e+01 1.614716711496598717e-07 1.634901706981998068e-07 1.633025211140978256e-07
5.309490000000000265e+01 1.531513603083145946e-07 1.510859148061342917e-07 1.502126072784377560e-07
5.452400000000000091e+01 1.413305613375235505e-07 1.412989623627151199e-07 1.411142895693453898e-07
5.595309999999999917e+01 1.314730502744889392e-07 1.318498938916266528e-07 1.317229135564316096e-07
5.738219999999999743e+01 1.206872044303780753e-07 1.234821073945046799e-07 1.232856278452776368e-07
5.881130000000000280e+01 1.140725741130320023e-07 1.165591639483137098e-07 1.143363819872891141e-07
6.024040000000000106e+01 1.087728525136593972e-07 1.056990321448959798e-07 1.076150126098017745e-07
6.166949999999999932e+01 9.784204868197266814e-08 1.019952088436940703e-07 1.009928972445758336e-07
6.309859999999999758e+01 9.449817995099567118e-08 9.360853601938425534e-08 9.361077912060149994e-08
6.452760000000000673e+01 8.929049174112882335e-08 8.792374437182199809e-08 8.638426003197573659e-08
6.607179999999999609e+01 8.318274399599575324e-08 8.207717257741042518e-08 8.152567813807860756e-08
6.797750000000000625e+01 7.677160858200040277e-08 7.655424501046875860e-08 7.575517790981742406e-08
6.988320000000000221e+01 7.136731206471217891e-08 7.122596088344187018e-08 7.106288432504098753e-08
7.178889999999999816e+01 6.465134425031714013e-08 6.689142121224445202e-08 6.685736172578963089e-08
7.369469999999999743e+01 6.231282138477973397e-08 6.098432865129603160e-08 6.149697179150166449e-08
7.560039999999999338e+01 5.837569278920782824e-08 5.815048789677041186e-08 5.732483263087463717e-08
7.750610000000000355e+01 5.374010849812112207e-08 5.307840177950136552e-08 5.386716475534466932e-08
7.941179999999999950e+01 4.982060912530277933e-08 4.999064695281820424e-08 5.008305325714173891e-08
8.131749999999999545e+01 4.639005564013291570e-08 4.745818766899805395e-08 4.636488937086996097e-08
8.322329999999999472e+01 4.357522770753212092e-08 4.418134612212840141e-08 4.369441746826389871e-08
8.512900000000000489e+01 4.305341945451827622e-08 4.032298044614459161e-08 4.121104992249859658e-08
8.703470000000000084e+01 3.865507721846471193e-08 3.763864283862269304e-08 3.924612035762795586e-08
8.942260000000000275e+01 3.482584604238680669e-08 3.608744799438568829e-08 3.621187857480979398e-08
9.196389999999999532e+01 3.267228959241729092e-08 3.373813038260168779e-08 3.281396434471965908e-08
9.450520000000000209e+01 3.093453007823492213e-08 3.205739172717775480e-08 3.091549320023271000e-08
9.704659999999999798e+01 2.882996327458401934e-08 2.889801017245757397e-08 2.858734913691202189e-08
9.958790000000000475e+01 2.668075485464482553e-08 2.665126626015557553e-08 2.654101626772900040e-08
1.021290000000000049e+02 2.483015496404852806e-08 2.511761075524541149e-08 2.512527257158772490e-08
1.046710000000000065e+02 2.322950028496931904e-08 2.335562969696221915e-08 2.317113828118718209e-08
1.072120000000000033e+02 2.182242527322150340e-08 2.208601213589308956e-08 2.139092579706406033e-08
1.097530000000000001e+02 2.035688018016532372e-08 2.060695073169068522e-08 1.994015248940233986e-08
1.122939999999999969e+02 1.896888284676379402e-08 1.875847902208382855e-08 1.984724930463638112e-08
1.148359999999999985e+02 1.795927253103268129e-08 1.773277001502468383e-08 1.745778213529421674e-08
1.176110000000000042e+02 1.671102094056184186e-08 1.681244834940372032e-08 1.641498189188088903e-08
1.210000000000000000e+02 1.544324703030698182e-08 1.447399098508570514e-08 1.591087218033405056e-08
1.243889999999999958e+02 1.414488302028377659e-08 1.421965462046303059e-08 1.411497251035656646e-08
1.277780000000000058e+02 1.318436963736517052e-08 1.312425277907766262e-08 1.334144569389133068e-08
1.311670000000000016e+02 1.236677110967163460e-08 1.274787655799558133e-08 1.173733996233278928e-08
1.345550000000000068e+02 1.137036853691717851e-08 1.187211317354306326e-08 1.103350823953976281e-08
1.379439999999999884e+02 1.043759792549180869e-08 1.114012892016211605e-08 1.035208165434607911e-08
1.413329999999999984e+02 9.787767644851733000e-09 9.981956846263631749e-09 9.523299505124777457e-09
1.447220000000000084e+02 9.277041046604071178e-09 9.321394177513668595e-09 9.088844251895997564e-09
1.481109999999999900e+02 8.623307842858634006e-09 8.283937338322387530e-09 8.983714594349647944e-09
1.515000000000000000e+02 8.091625035196128260e-09 8.147504107826257183e-09 7.957215481977617698e-09
1.548890000000000100e+02 7.592497161460337490e-09 7.351179809697356973e-09 7.668282203842308738e-09
1.591740000000000066e+02 6.973705488721487179e-09 7.007174039304465714e-09 6.973941371974051759e-09
1.636930000000000121e+02 6.386171607700344445e-09 6.511600168363382073e-09 6.510565356058281512e-09
1.682129999999999939e+02 5.876486207768588597e-09 6.094921309853637550e-09 6.002550492377776196e-09
1.727319999999999993e+02 5.428360836419380881e-09 5.504794228063236415e-09 5.750859040517385338e-09
1.772510000000000048e+02 5.154492479376287968e-09 5.163040521314834012e-09 5.177476449308880153e-09
1.817700000000000102e+02 4.770897203561776514e-09 4.880861241148775799e-09 4.753171365289450573e-09
1.862889999999999873e+02 4.470827951821654084e-09 4.417008697609820499e-09 4.515255425568526371e-09
1.908079999999999927e+02 4.159840545084234518e-09 4.173836146864959573e-09 4.142919139897606098e-09
1.953280000000000030e+02 3.878163561200395316e-09 3.900183102402685701e-09 3.850337731396920474e-09
1.998470000000000084e+02 3.622896796148918987e-09 3.543239007526845560e-09 3.675610776324237709e-09
2.043660000000000139e+02 3.346911513315132149e-09 3.417720054124825953e-09 3.346235337560042744e-09
2.093530000000000086e+02 3.163400244916697340e-09 3.080702872359457099e-09 3.163923923723846823e-09
2.153789999999999907e+02 2.887771795031174038e-09 3.025084498865024084e-09 2.780492664603802782e-09
2.214060000000000059e+02 2.663706571952779369e-09 2.637244741467870777e-09 2.742002473579349357e-09
2.274319999999999879e+02 2.455677359971298662e-09 2.491671295743364488e-09 2.502424684274838274e-09
2.334590000000000032e+02 2.267490536599900480e-09 2.302585925264411127e-09 2.337318906635689621e-09
2.394850000000000136e+02 2.074424092671002779e-09 2.109096102026016042e-09 2.224653893802982227e-09
2.455109999999999957e+02 1.942851275153905390e-09 1.941726538804066786e-09 2.069578278542028815e-09
2.515380000000000109e+02 1.773221125956316897e-09 1.837558853740901838e-09 1.923516797302782197e-09
2.575640000000000214e+02 1.664299404112679705e-09 1.791370165199429936e-09 1.692064619687891263e-09
2.635910000000000082e+02 1.538107712566967995e-09 1.671184303949037522e-09 1.580256130983995039e-09
2.696170000000000186e+02 1.489504205397373112e-09 1.491603271802317353e-09 1.479946724300310701e-09
2.756440000000000055e+02 1.399224853039376673e-09 1.381458849374135037e-09 1.375397896936488603e-09
2.833330000000000268e+02 1.250237771306630428e-09 1.305502093431276386e-09 1.282337076955307148e-09
2.913700000000000045e+02 1.159674820104933810e-09 1.192752279146640015e-09 1.194817628748426935e-09
2.994060000000000059e+02 1.088103473279534292e-09 1.095432960238760269e-09 1.094878340581706179e-09
3.074420000000000073e+02 9.734743951508338874e-10 9.926959307965953611e-10 1.069363371852571314e-09
3.154789999999999850e+02 9.264247379830994848e-10 9.552452087040169962e-10 9.342205841979151438e-10
3.235149999999999864e+02 8.629584008963624759e-10 8.686171446140004528e-10 8.757660705896375374e-10
3.315509999999999877e+02 7.774428189932830459e-10 8.110857473521724508e-10 8.303768150303232613e-10
3.395880000000000223e+02 7.477082994761851595e-10 7.533461759940410468e-10 7.455221061297740289e-10
3.476240000000000236e+02 6.886053596907096961e-10 7.011035180606267193e-10 6.878621982223491786e-10
3.556610000000000014e+02 6.240134093858369967e-10 6.581301779474275724e-10 6.579817951667357989e-10
3.636970000000000027e+02 5.951426302183783754e-10 6.017779459015261695e-10 6.066702027987206210e-10
3.726580000000000155e+02 5.559202759203194581e-10 5.587726794074250467e-10 5.581646098222556627e-10
3.833740000000000236e+02 4.956623275555361827e-10 5.237466703468519571e-10 5.231841805626120174e-10
3.940910000000000082e+02 4.685850647362410236e-10 4.766749798674637708e-10 4.788574978062954757e-10
4.048079999999999927e+02 4.380535120070990323e-10 4.395432560962935239e-10 4.385202848966077787e-10
4.155240000000000009e+02 3.865124564397201801e-10 4.153071406501262361e-10 4.150156091851538048e-10
4.262409999999999854e+02 3.609053848474481098e-10 3.782427551261345983e-10 3.878406999064175340e-10
4.369569999999999936e+02 3.491047828089442748e-10 3.464090948920407778e-10 3.484319804640151700e-10
4.476739999999999782e+02 3.125280581466584593e-10 3.281656247139306137e-10 3.269936580294111353e-10
4.583910000000000196e+02 2.737916687647844649e-10 3.174118550230840620e-10 3.117476524934583663e-10
4.691070000000000277e+02 2.616303988070579862e-10 2.830274917467102432e-10 2.881948793262319631e-10
4.798240000000000123e+02 2.593473448241191716e-10 2.543954168067898465e-10 2.593016319440911055e-10
4.905409999999999968e+02 2.388392367088940670e-10 2.445784665900426426e-10 2.344668090070634298e-10
5.043389999999999986e+02 2.009053049683029348e-10 2.309345748686371615e-10 2.298433548855600366e-10
5.186299999999999955e+02 1.806502762589204779e-10 2.123859804291719419e-10 2.164791778539076404e-10
5.329199999999999591e+02 1.850436198121725481e-10 1.864022028497985371e-10 1.911868218785290458e-10
5.472110000000000127e+02 1.773649702423168300e-10 1.698561917216444126e-10 1.723206577465388688e-10
5.615019999999999527e+02 1.531313153122232854e-10 1.712924756746797833e-10 1.557452090730970447e-10
5.757930000000000064e+02 1.307615858034466811e-10 1.478431726488482006e-10 1.655308201462051597e-10
5.900839999999999463e+02 1.221731113520113585e-10 1.414763692309682948e-10 1.472480959590204077e-10
6.043750000000000000e+02 1.246602247727387504e-10 1.201642512227076848e-10 1.358405711229536704e-10
6.186660000000000537e+02 1.229666828990694324e-10 1.140544111436026416e-10 1.156544310175780030e-10
6.329569999999999936e+02 1.068941205075980182e-10 1.097911481624168163e-10 1.100676510675852140e-10
6.472480000000000473e+02 9.185722956489341773e-11 1.070051633246969348e-10 1.042060929861097194e-10
6.633460000000000036e+02 8.205912575386423876e-11 9.853022037550098388e-11 9.954200902638481515e-11
6.824039999999999964e+02 8.123722894889367196e-11 8.713209814208359560e-11 8.945716021702278508e-11
7.014610000000000127e+02 8.047851739643637020e-11 7.784664101066717997e-11 7.910437890603625480e-11
7.205180000000000291e+02 7.355723070632118175e-11 7.280251796360139331e-11 7.474728241205656650e-11
7.395750000000000455e+02 6.292579109069610474e-11 6.992714842997232692e-11 6.928645597687658937e-11
7.586319999999999482e+02 5.417788340885338530e-11 6.614887741787034903e-11 6.648692528026129946e-11
7.776900000000000546e+02 4.992112175385898844e-11 6.103608989594429289e-11 6.171071633342140799e-11
7.967469999999999573e+02 4.881954248824400254e-11 5.476290879316176156e-11 5.610537332628427340e-11
8.158039999999999736e+02 4.931466835688155199e-11 4.837360908371248677e-11 5.039971790697332365e-11
8.348609999999999900e+02 4.728759095792813136e-11 4.397234184517499478e-11 4.549814583632689712e-11
8.539180000000000064e+02 4.343223566774645750e-11 4.157985721253479945e-11 4.159580186720876440e-11
8.729759999999999991e+02 3.781265371108341903e-11 4.004917511782705931e-11 3.939820671793453878e-11
8.977309999999999945e+02 3.116224383467681530e-11 3.845681627890444151e-11 3.816505467653976269e-11
9.231449999999999818e+02 2.636582445638365346e-11 3.698383979246656036e-11 3.589681857508330260e-11
9.485579999999999927e+02 2.516557472120557963e-11 3.310285437594869675e-11 3.309422175631175130e-11
9.739710000000000036e+02 2.564715004235500074e-11 2.885674348798853788e-11 2.975295972111547818e-11
9.993840000000000146e+02 2.628602382890980982e-11 2.506574950055132155e-11 2.637793093535388818e-11
1.024799999999999955e+03 2.553675971554167374e-11 2.277763689046080504e-11 2.340404679341948863e-11
1.050210000000000036e+03 2.318103913160836111e-11 2.140310972415045594e-11 2.169790561657534185e-11
1.075619999999999891e+03 1.973466358131877523e-11 2.098940191750848339e-11 2.051990715964154969e-11
1.101039999999999964e+03 1.608746789753377868e-11 2.084153699127099680e-11 1.961799134861100347e-11
1.126450000000000045e+03 1.329277822851554872e-11 1.996883238666745888e-11 1.906353067868044970e-11
1.151859999999999900e+03 1.159266055966238066e-11 1.829458547387371010e-11 1.852601749681030555e-11
1.180779999999999973e+03 1.097777302040998459e-11 1.654422652408573085e-11 1.711827541191715656e-11
1.214670000000000073e+03 1.150977346443957912e-11 1.449818733650569267e-11 1.501413609368459381e-11
1.248559999999999945e+03 1.211610786336218972e-11 1.235856353152841657e-11 1.326257147258837769e-11
1.282450000000000045e+03 1.208810932087523186e-11 1.093479080272610069e-11 1.170113405127585921e-11
1.316339999999999918e+03 1.130345059576939183e-11 1.022215868250318830e-11 1.049263936161826469e-11
1.350230000000000018e+03 9.889959120647331084e-12 9.631175723098744062e-12 9.999342263998147455e-12
1.384119999999999891e+03 8.427193783878320072e-12 9.648029509658705438e-12 9.161089022696150065e-12
1.418009999999999991e+03 6.604751478172735802e-12 9.427442153133074296e-12 9.095170776821502954e-12
1.451900000000000091e+03 5.690340621584036211e-12 9.222095827772260751e-12 8.306927762753354705e-12
1.485789999999999964e+03 4.515792776248349308e-12 7.949183874481376008e-12 8.980579054083503862e-12
1.519670000000000073e+03 3.983670612078093538e-12 7.513339612344876322e-12 8.316596685800977919e-12
1.553559999999999945e+03 3.914316902261910091e-12 6.980986642993679044e-12 7.400213692917096918e-12
1.597980000000000018e+03 4.065874581081886789e-12 5.977685750803484915e-12 6.769809544647857449e-12
1.643170000000000073e+03 4.402485945941891739e-12 5.399835824221863922e-12 5.644324075395412785e-12
1.688359999999999900e+03 4.484764789607782927e-12 4.734188819743425306e-12 4.986386446150560015e-12
1.733549999999999955e+03 4.474780837258178233e-12 4.036508293794963161e-12 4.564355382610486037e-12
1.778740000000000009e+03 4.294124675870888056e-12 3.750042477868669087e-12 4.000902000785517437e-12
1.823930000000000064e+03 3.948728738029609613e-12 3.584547812706804905e-12 3.561906537407824026e-12
1.869130000000000109e+03 3.514716516702992942e-12 3.569386340373987649e-12 3.154676222085167271e-12
1.914319999999999936e+03 3.010894862648780113e-12 3.580168860553508946e-12 2.854908523931488188e-12
1.959509999999999991e+03 2.510472390397929200e-12 3.050334650263059033e-12 3.157213505228453591e-12
2.004700000000000045e+03 2.177828741933369711e-12 2.635202199897438467e-12 3.230225704097656462e-12
2.049889999999999873e+03 1.763689648652157589e-12 3.388348562204909955e-12 2.277242625466650630e-12
2.101840000000000146e+03 1.360334424066187658e-12 2.884658850271024528e-12 2.593662636831756391e-12
2.162110000000000127e+03 1.103763757091003255e-12 2.558346901725072371e-12 2.615447728141639668e-12
2.222369999999999891e+03 9.954330714619628168e-13 2.013344686918920828e-12 2.759817767867756515e-12
2.282630000000000109e+03 1.017677017527566659e-12 1.959486330549692522e-12 2.323676104643664954e-12
2.342900000000000091e+03 9.052660986140253695e-13 2.245541489658251333e-12 1.731822568623820478e-12
2.403159999999999854e+03 8.817897110783310401e-13 1.533619900796005461e-12 2.081321257344140210e-12
2.463429999999999836e+03 9.359674722991683166e-13 1.704960429955321062e-12 1.503087710658164936e-12
2.523690000000000055e+03 9.279860426081727922e-13 1.253001114876199749e-12 1.637145097112839107e-12
2.583960000000000036e+03 9.225946664901868728e-13 1.279608113163971535e-12 1.321932498184043743e-12
2.644219999999999800e+03 9.539901475386523381e-13 1.113048483053403096e-12 1.183883702827767528e-12
2.704480000000000018e+03 9.350976572529637467e-13 9.533601354464423074e-13 1.109275661140439417e-12
2.764750000000000000e+03 9.109440986703197849e-13 8.708084226651430756e-13 9.868502168220563660e-13
2.844420000000000073e+03 8.867833111756495864e-13 7.751101258552150757e-13 8.772673402555113215e-13
2.924780000000000200e+03 8.504265885447320332e-13 7.234183389380969247e-13 7.570599988643409040e-13
3.005150000000000091e+03 7.982903622685253716e-13 6.402095969160100889e-13 7.034300748775563732e-13
3.085510000000000218e+03 7.308632330862111324e-13 5.950077225018090376e-13 6.441972947772483340e-13
3.165869999999999891e+03 6.703159718474180022e-13 5.713285101788916189e-13 5.700577916605543289e-13
3.246239999999999782e+03 6.082775094910590190e-13 5.384086028812925445e-13 5.234670411837277863e-13
3.326599999999999909e+03 5.412481946513032538e-13 5.047797830720394502e-13 4.927201211106997698e-13
3.406960000000000036e+03 4.758203772282455434e-13 4.763735661468170315e-13 4.662234471586445711e-13
3.487329999999999927e+03 4.151238931438720751e-13 4.502442620525402674e-13 4.416057816546427421e-13
3.567690000000000055e+03 3.617458700732207286e-13 4.251550768341203477e-13 4.194879727911871481e-13
3.648050000000000182e+03 3.157587946680931033e-13 4.020325464371951834e-13 3.948689859774805137e-13
3.741360000000000127e+03 2.671413499814645026e-13 3.799353327272625078e-13 3.761581762780128188e-13
3.848519999999999982e+03 2.166719976553227204e-13 3.590245354273004227e-13 3.630336355695240776e-13
3.955690000000000055e+03 1.769077515707798992e-13 3.390199550089124547e-13 3.451342990112642312e-13
4.062860000000000127e+03 1.468084329209637665e-13 3.180848920209559791e-13 3.274208961123818289e-13
4.170020000000000437e+03 1.249517866772735204e-13 2.975557178797300112e-13 3.061990567701511099e-13
4.277189999999999600e+03 1.108315053802921656e-13 2.827159642764526319e-13 2.772077897557550764e-13
4.384359999999999673e+03 1.000021189549006645e-13 2.731420315230728449e-13 2.446701003992383023e-13
4.491520000000000437e+03 8.453557387196214522e-14 2.562860804495643431e-13 2.279473385387149198e-13
4.598689999999999600e+03 6.602448906323107517e-14 2.266412715308792425e-13 2.320491412106977075e-13
4.705859999999999673e+03 5.946941251226048848e-14 2.061534984074918171e-13 2.181360127917270109e-13
4.813020000000000437e+03 6.202941023193752034e-14 1.994706338026273112e-13 1.842523800495443505e-13
4.920189999999999600e+03 5.277247859294020040e-14 1.762688770098128835e-13 1.824422005263157638e-13
5.063100000000000364e+03 4.763045841667739122e-14 1.557344179485450478e-13 1.737767749962908381e-13
5.206010000000000218e+03 4.694110529823409986e-14 1.439363053895406693e-13 1.551950974776891580e-13
5.348920000000000073e+03 4.954541753650566411e-14 1.351294461816451942e-13 1.332281165211638623e-13
5.491819999999999709e+03 4.905412594438998112e-14 1.171813992280639976e-13 1.260604282080940536e-13
5.634729999999999563e+03 4.619161379213786167e-14 1.033459687961787857e-13 1.190821662526310613e-13
5.777640000000000327e+03 4.713841108689705874e-14 9.819802757791943217e-14 1.022441127888887926e-13
5.920550000000000182e+03 4.696511840611763142e-14 8.420786265629309047e-14 9.686554216309635107e-14
6.063460000000000036e+03 4.548630510875197930e-14 7.796232386372694296e-14 8.670388387476339022e-14
6.206369999999999891e+03 4.536405995752326370e-14 6.913237972806219502e-14 7.904472704567366848e-14
6.349279999999999745e+03 4.407536275985044013e-14 6.315383516681568091e-14 7.139147970214603718e-14
6.492189999999999600e+03 4.307437534167221875e-14 5.572424841873872827e-14 6.592029539799560102e-14
6.659750000000000000e+03 4.211853298532538258e-14 5.193374537587850183e-14 5.736302634166584927e-14
6.850319999999999709e+03 4.085514436820454379e-14 4.315959672379535423e-14 5.462717992338457255e-14
7.040890000000000327e+03 3.970321353931286692e-14 4.234133731813205778e-14 4.543734416303667756e-14
7.231470000000000255e+03 3.832223031918117840e-14 3.458985047539006973e-14 4.420018809511860250e-14
7.422039999999999964e+03 3.659396404401459321e-14 3.422509863218184113e-14 3.686994161449851504e-14
7.612609999999999673e+03 3.506831027998396130e-14 2.752888519957982350e-14 3.650929601758882867e-14
7.803180000000000291e+03 3.313920403956546646e-14 2.958426709488077584e-14 2.842445767955228597e-14
7.993750000000000000e+03 3.161527750653687076e-14 2.002568785736936443e-14 3.244611738507384452e-14
8.184329999999999927e+03 2.953774229977594990e-14 2.735541336671937707e-14 2.059389053534757345e-14
8.374899999999999636e+03 2.823196172694334880e-14 1.525300886677194403e-14 2.795166005967314444e-14
8.565469999999999345e+03 2.596243807979110355e-14 2.067472923377516085e-14 1.916416033308362979e-14
8.758229999999999563e+03 2.467245728886872443e-14 1.889814979800455313e-14 1.716570489615412121e-14
9.012370000000000800e+03 2.278180823145622109e-14 1.245535383397610513e-14 2.041705329732700805e-14
9.266500000000000000e+03 2.118439805714686800e-14 1.859803317522575860e-14 1.127719605301147201e-14
9.520629999999999200e+03 1.989465138769509486e-14 7.173807995899818211e-15 1.982781005461076639e-14
9.774760000000000218e+03 1.767411827540664799e-14 1.736391613015292054e-14 8.000916112388935645e-15
1.002889999999999964e+04 1.730179297519008325e-14 8.590991345707210794e-15 1.376761427653002936e-14
1.028300000000000000e+04 1.518301324710448918e-14 7.780055380570201771e-15 1.353728136476396444e-14
1.053720000000000073e+04 1.396041530626310339e-14 1.499822181943347860e-14 4.659435741334178179e-15
1.079129999999999927e+04 1.364659667953485086e-14 5.440072879813990876e-15 1.184970241550926218e-14
1.104539999999999964e+04 1.173968091385770152e-14 5.549134339108775234e-15 1.127379550574907660e-14
1.129960000000000036e+04 1.060249788286643990e-14 1.260652576431258595e-14 3.122279666120463305e-15
1.155370000000000073e+04 1.061328794770171185e-14 6.947880264815087411e-15 6.726484537307509230e-15
1.185460000000000036e+04 9.236321256332655014e-15 2.371074772517786071e-15 1.071461754069671663e-14
1.219350000000000000e+04 7.834635927925981916e-15 1.011802360308608187e-14 2.467776920798492700e-15
1.253239999999999964e+04 8.068413785061444179e-15 5.720451578533868686e-15 4.989446903093576826e-15
1.287129999999999927e+04 6.930628156926380884e-15 1.385385362821623188e-15 8.932436710967736153e-15
1.321010000000000036e+04 5.671780359541655219e-15 7.299225592971391416e-15 2.888790186220364779e-15
1.354900000000000000e+04 5.823064923858167525e-15 7.197755135665285571e-15 1.574692425482333531e-15
1.388789999999999964e+04 5.574100800432139827e-15 1.444249386344187686e-15 6.397925656413649989e-15
1.422679999999999927e+04 4.406446330223430961e-15 1.957780258912821469e-15 6.015174253305831576e-15
1.456570000000000073e+04 3.765481420941781141e-15 6.203695988688058190e-15 1.438979400522759460e-15
1.490460000000000036e+04 3.951462681650980197e-15 5.726640167702433417e-15 8.236215432475200368e-16
1.524350000000000000e+04 3.903886947513204521e-15 1.746385818054934782e-15 4.051022132494348713e-15
1.559020000000000073e+04 3.173394219939886935e-15 4.699915836429778854e-16 5.298090113366916771e-15
1.604210000000000036e+04 2.401984524746916469e-15 3.886679932810183946e-15 1.900786524817941260e-15
1.649400000000000000e+04 2.534895159114656590e-15 4.785918595049904653e-15 1.894513412580092870e-16
1.694590000000000146e+04 2.631539857539440074e-15 1.635378724206286411e-15 2.628124054774373806e-15
1.739779999999999927e+04 2.088498827126926112e-15 2.132594957505218515e-16 4.018923538499228010e-15
1.784979999999999927e+04 1.520316720510639150e-15 2.090092170274104722e-15 2.213043570199291027e-15
1.830170000000000073e+04 1.448357714003996595e-15 3.722112151976567969e-15 1.868485572730816535e-16
1.875359999999999854e+04 1.637282464887394052e-15 2.873426808178995473e-15 4.215674260901947616e-16
1.920550000000000000e+04 1.611087953409286526e-15 9.145977037888081412e-16 2.009039215642255589e-15
1.965740000000000146e+04 1.286793846044588557e-15 7.799508397936797207e-17 2.821295951694116118e-15
2.010929999999999927e+04 9.173293272391132278e-16 8.362806865902498365e-16 2.104307725087384574e-15
2.056129999999999927e+04 7.511069086036704986e-16 2.045156325228287034e-15 7.614106552969968238e-16
2.110150000000000000e+04 8.288776161147635104e-16 2.469762507992090708e-15 -4.245219602205240798e-17
2.170420000000000073e+04 9.586354808011590086e-16 1.427994260484445576e-15 6.037305502768824374e-16
2.230679999999999927e+04 8.615812151813999141e-16 2.472295375001654246e-16 1.631879709479605871e-15
2.290950000000000000e+04 6.064767710116586302e-16 1.247897686010102514e-16 1.783472438049085176e-15
2.351209999999999854e+04 4.072921618497594220e-16 8.474009127850258556e-16 1.055073939774704170e-15
2.411470000000000073e+04 3.703085509706430155e-16 1.510028736921734621e-15 2.375427489315223261e-16
2.471740000000000146e+04 4.441171622609247815e-16 1.549590946405320824e-15 -4.115617143211440597e-17
2.532000000000000000e+04 5.094382442925927021e-16 1.033737471417532335e-15 2.527198177602430687e-16
2.592270000000000073e+04 4.943225980142831150e-16 4.060730674780429930e-16 7.524920539367345694e-16
2.652529999999999927e+04 4.008661533878541198e-16 4.648433600847809399e-17 1.071426023551669190e-15
2.712800000000000000e+04 2.817829457460855416e-16 6.688679706653017506e-17 1.052802147749333370e-15
2.775140000000000146e+04 1.852487784958669070e-16 3.548400698852931661e-16 7.495145618282127505e-16
2.855500000000000000e+04 1.452106389123949604e-16 7.685086728780053633e-16 2.658186836939110910e-16
2.935870000000000073e+04 1.776521261660497422e-16 9.114100451851233146e-16 -8.884176638477183324e-18
3.016229999999999927e+04 2.251784804365794093e-16 7.326071623913695192e-16 2.916650291082658364e-17
3.096590000000000146e+04 2.434991884754052702e-16 4.068416175110476271e-16 2.577125757184172836e-16
3.176959999999999854e+04 2.178728110826771933e-16 1.271967299370028728e-16 4.881080144412252872e-16
3.257320000000000073e+04 1.641928751935762965e-16 7.392036335940517740e-18 5.936550041530793057e-16
3.337680000000000291e+04 1.066662993388825251e-16 4.825976012123052363e-17 5.464597207605620587e-16
3.418050000000000000e+04 6.529808960825799255e-17 1.823634536812689539e-16 3.990380315308006413e-16
3.498409999999999854e+04 4.675170288947722904e-17 3.263580375444415641e-16 2.212778601086418096e-16
3.578780000000000291e+04 4.852524335559455934e-17 4.206927393578185486e-16 7.746982042825592074e-17
3.659140000000000146e+04 6.186614934933242410e-17 4.398521558712555973e-16 -3.679643432429078101e-19
3.756140000000000146e+04 8.203077335867086281e-17 3.837854301652283018e-16 -5.108951288786627326e-18
3.863309999999999854e+04 9.548841177702980078e-17 2.591711147140102380e-16 6.627001193778913761e-17
3.970469999999999709e+04 9.373708055050842309e-17 1.294757223592867306e-16 1.618227946436917430e-16
4.077640000000000146e+04 7.908787057056700315e-17 3.873731472776100003e-17 2.347805206365148013e-16
4.184800000000000000e+04 5.799118129003368359e-17 2.459799434844315541e-18 2.627466163481368581e-16
4.291969999999999709e+04 3.697176682816555201e-17 1.341069097086313934e-17 2.450197191856080423e-16
4.399140000000000146e+04 2.098751627651718068e-17 5.297935118646781718e-17 1.978281250615067396e-16
4.506300000000000000e+04 1.160141205320667055e-17 1.007797608253859309e-16 1.370093519072309831e-16
4.613469999999999709e+04 8.607366168776218065e-18 1.412961111391946335e-16 7.905769854925342995e-17
4.720640000000000146e+04 1.032916774549776478e-17 1.652892100073103632e-16 3.401648044802201531e-17
4.827800000000000000e+04 1.474040342479268180e-17 1.717171144055867352e-16 6.464749423515224098e-18
4.939900000000000000e+04 2.012837488796800165e-17 1.612992500822767281e-16 -4.457249560097748130e-18
5.082809999999999854e+04 2.619388917969960653e-17 1.332201685143275753e-16 2.079546935380687135e-18
5.225719999999999709e+04 2.924485624772304783e-17 9.558681229171198745e-17 2.203662793080466559e-17
5.368630000000000291e+04 2.926249956353723849e-17 5.958561673237244285e-17 4.598607897634728003e-17
5.511540000000000146e+04 2.641090707061833197e-17 3.036414217967513017e-17 6.645362955467920569e-17
5.654450000000000000e+04 2.185802953241850293e-17 1.116841996434855698e-17 7.970950176505449184e-17
5.797350000000000000e+04 1.663688741258496452e-17 1.898067944181059923e-18 8.467965009962384234e-17
5.940259999999999854e+04 1.154577109278370051e-17 7.522256762299485084e-19 8.190357833052527819e-17
6.083169999999999709e+04 7.267148460264030655e-18 5.217377902798968616e-18 7.409840831895885950e-17
6.226080000000000291e+04 3.966296651515131643e-18 1.273716517023412226e-17 6.257751461233703912e-17
6.368990000000000146e+04 1.740750825516973622e-18 2.110796985425672257e-17 4.954104511943051780e-17
6.511900000000000000e+04 5.086969824081249207e-19 2.898243002719929995e-17 3.706386436099904928e-17
6.686039999999999418e+04 7.331630829933133471e-20 3.676415841696078162e-17 2.383435509806855508e-17
6.876610000000000582e+04 5.203042598345734659e-19 4.216151347519024185e-17 1.257059309849975829e-17
7.067180000000000291e+04 1.504447842671134449e-18 4.397083575504002244e-17 4.894368721113197258e-18
7.257750000000000000e+04 2.668635027270233989e-18 4.269162861906672777e-17 5.990851822975219982e-19
7.448319999999999709e+04 3.741513103231926078e-18 3.894154677060155887e-17 -9.165882792310543706e-19
7.638900000000000000e+04 4.619177666167858418e-18 3.410425623416722864e-17 -4.214321148852686538e-19
7.829469999999999709e+04 5.179472365574810337e-18 2.841964253278405254e-17 1.350973489950842878e-18
8.020039999999999418e+04 5.436876433669790047e-18 2.271316999592890094e-17 3.757297826242970431e-18
8.210610000000000582e+04 5.401118621205938864e-18 1.733848023361065958e-17 6.282602854837393894e-18
8.401180000000000291e+04 5.183566973126793662e-18 1.275087904581093688e-17 8.653910514273533773e-18
8.591760000000000582e+04 4.780061580152422595e-18 8.878818921514697866e-18 1.058399458886883761e-17
8.793289999999999418e+04 4.263785587380576087e-18 5.700679671341025435e-18 1.212641583486731100e-17
9.047419999999999709e+04 3.606058763232416890e-18 2.926054885550892553e-18 1.351101325985082358e-17
9.301550000000000000e+04 2.895934720962631852e-18 1.192392826774579492e-18 1.399074903535097085e-17
9.555680000000000291e+04 2.245397670473994553e-18 3.171129127012552164e-19 1.392047346668891445e-17
9.809810000000000582e+04 1.646453548419981182e-18 6.223554973314696186e-20 1.322535708504985977e-17
1.006390000000000000e+05 1.140907193636144236e-18 2.325718372697960167e-19 1.219171443819095412e-17
