1.017789999999999928e+01 9.664871710887783354e-06 9.641123459370005568e-06 9.550360505826325805e-06
1.043200000000000038e+01 9.009617506042337114e-06 9.180902624070051151e-06 9.112513214426263687e-06
1.068609999999999971e+01 8.565722087691610205e-06 8.628261104695782911e-06 8.644788039050224111e-06
1.094030000000000058e+01 8.193353689490832952e-06 8.150333436416408466e-06 8.128957151512878140e-06
1.119439999999999991e+01 7.610969191359591111e-06 7.825896237764294464e-06 7.790588645223852805e-06
1.144849999999999923e+01 7.304942253449970157e-06 7.365106907892912245e-06 7.357437429286269391e-06
1.171439999999999948e+01 6.998783511995926753e-06 6.916627265290144460e-06 6.940582517748942390e-06
1.205320000000000036e+01 6.694447351114639286e-06 6.419430508090275105e-06 6.391048291787352950e-06
1.239209999999999923e+01 6.289733725129203382e-06 5.993330531187587061e-06 5.974608778299488632e-06
1.273099999999999987e+01 6.044034036658165220e-06 5.547102127596894371e-06 5.530522414727750402e-06
1.306990000000000052e+01 5.509381072639476082e-06 5.282368153417742689e-06 5.264988362841176050e-06
1.340879999999999939e+01 4.954186434598185317e-06 5.062184449047649225e-06 5.086232219747195490e-06
1.374770000000000003e+01 4.906170147113388015e-06 4.657602708887726282e-06 4.640798011183350641e-06
1.408660000000000068e+01 4.525949038062959486e-06 4.427470048660556257e-06 4.435776939217676714e-06
1.442549999999999955e+01 4.200798011236631532e-06 4.210990890322169606e-06 4.214521948250752717e-06
1.476440000000000019e+01 4.116341512793711910e-06 3.924481102152120051e-06 3.879525959598828276e-06
1.510330000000000084e+01 3.706471506266930343e-06 3.772141191087080367e-06 3.782775887088890077e-06
1.544209999999999994e+01 3.463152431405922820e-06 3.584923349306386291e-06 3.600938612380147113e-06
1.585510000000000019e+01 3.309415976787116760e-06 3.333151598888328012e-06 3.328347834054066166e-06
1.630699999999999861e+01 2.952741498680585563e-06 3.155930723081326485e-06 3.199875052089785262e-06
1.675890000000000057e+01 2.847880377702325150e-06 2.918793147147678216e-06 2.928932766120825529e-06
1.721079999999999899e+01 2.689789655350458948e-06 2.717321669002641421e-06 2.726330678218618522e-06
1.766280000000000072e+01 2.399172757350585671e-06 2.592585625408988815e-06 2.625972590575455365e-06
1.811469999999999914e+01 2.334218994404264371e-06 2.408154446229039200e-06 2.400418451311942372e-06
1.856660000000000110e+01 2.208530209445854328e-06 2.245687692807496182e-06 2.249276748969010500e-06
1.901849999999999952e+01 2.080001006857209665e-06 2.099950142623440382e-06 2.115925669689036932e-06
1.947040000000000148e+01 1.924386879834671027e-06 1.990723884340009277e-06 2.007192592011306032e-06
1.992229999999999990e+01 1.792352590055283039e-06 1.882740963195700222e-06 1.899201376534572103e-06
2.037430000000000163e+01 1.700592044207692915e-06 1.768044706545787393e-06 1.783372426485741499e-06
2.085219999999999985e+01 1.626370991107946851e-06 1.654394982886591080e-06 1.657806043686367777e-06
2.145479999999999876e+01 1.472835037447481201e-06 1.559784304750752092e-06 1.559291345317547666e-06
2.205750000000000099e+01 1.388857819236594871e-06 1.442172940152336149e-06 1.451480571416616257e-06
2.266009999999999991e+01 1.288530792483466209e-06 1.349705728859995299e-06 1.355651070438273015e-06
2.326269999999999882e+01 1.239854518438434582e-06 1.243874560381015647e-06 1.248506945673866891e-06
2.386540000000000106e+01 1.119886309393320446e-06 1.184884725845599814e-06 1.185484561122851461e-06
2.446799999999999997e+01 1.062348586741149209e-06 1.095746500702420982e-06 1.109874258891862337e-06
2.507069999999999865e+01 1.002136096079458651e-06 1.026384507723117798e-06 1.033042115853833868e-06
2.567330000000000112e+01 9.526390194343580462e-07 9.574589697706058701e-07 9.609095756476211553e-07
2.627590000000000003e+01 8.918500069892577240e-07 9.002297152703108519e-07 9.045277675894627350e-07
2.687859999999999872e+01 8.071112943405668163e-07 8.626635960051876450e-07 8.628051176383613548e-07
2.748120000000000118e+01 7.655392922881550341e-07 8.000473859788821066e-07 8.153871158717681237e-07
2.822250000000000014e+01 7.320323537245555664e-07 7.459551648958131753e-07 7.456023717456312757e-07
2.902609999999999957e+01 6.865688232354251893e-07 6.911101625747864511e-07 6.891520736645050789e-07
2.982979999999999876e+01 6.066104727441212187e-07 6.547905354040884337e-07 6.629403501206572806e-07
3.063340000000000174e+01 5.701612635085688985e-07 6.001815157810454359e-07 6.310989919865092296e-07
3.143700000000000117e+01 5.457816478754286149e-07 5.633804859333695518e-07 5.661349215523760308e-07
3.224069999999999681e+01 5.269285244875732478e-07 5.204272434372621906e-07 5.187637263297860686e-07
3.304429999999999978e+01 4.714090738062386589e-07 5.009740951617451735e-07 4.843305594396987860e-07
3.384790000000000276e+01 4.578748828980830780e-07 4.585982213175114078e-07 4.550818809226692437e-07
3.465160000000000196e+01 4.218952792270522768e-07 4.312995137352425292e-07 4.315450489353539787e-07
3.545519999999999783e+01 3.881315618631710094e-07 4.018745016843382536e-07 4.088658760476590533e-07
3.625880000000000081e+01 3.740985946307635485e-07 3.785643313398195704e-07 3.783009624793457270e-07
3.711789999999999878e+01 3.408917255150308541e-07 3.579185192280581609e-07 3.606422745800186971e-07
3.818959999999999866e+01 3.244774207903214073e-07 3.301650384550896244e-07 3.297794679404472391e-07
3.926129999999999853e+01 2.883347378108917120e-07 3.139209971560836195e-07 3.133820719331821399e-07
4.033290000000000219e+01 2.865377422549581199e-07 2.824104985527380256e-07 2.836785225448501798e-07
4.140460000000000207e+01 2.669946228028466479e-07 2.633275565143612251e-07 2.649334132537717294e-07
4.247630000000000194e+01 2.381290077702287376e-07 2.536102370487286063e-07 2.504015455900945141e-07
4.354789999999999850e+01 2.295871165455396433e-07 2.299907642825328709e-07 2.340672552322902884e-07
4.461959999999999837e+01 2.116676780995570330e-07 2.183066920220893934e-07 2.182289813454737948e-07
4.569129999999999825e+01 1.965411577749695810e-07 2.044922576137063481e-07 2.060271826351021748e-07
4.676290000000000191e+01 1.894610348547244788e-07 1.899255234958873852e-07 1.895303707853771503e-07
4.783460000000000178e+01 1.724907142307406958e-07 1.803770580963575414e-07 1.808739676156485815e-07
4.890630000000000166e+01 1.636002741999409862e-07 1.684773135547756680e-07 1.683528474489739691e-07
5.023669999999999902e+01 1.540114177844017883e-07 1.558114144098924360e-07 1.552109863016813735e-07
5.166579999999999728e+01 1.401525049978606351e-07 1.455490864913907816e-07 1.461444845535268166e-07
5.309490000000000265e+01 1.331667800469411233e-07 1.331720602502291520e-07 1.348226283023022898e-07
5.452400000000000091e+01 1.186128973609292108e-07 1.285708125387507797e-07 1.257560810666572121e-07
5.595309999999999917e+01 1.184220256795418546e-07 1.162760293679314595e-07 1.154555114477294907e-07
5.738219999999999743e+01 1.041824018644744656e-07 1.112260970395319018e-07 1.108912679347771689e-07
5.881130000000000280e+01 9.980977707302403729e-08 1.031636268989167756e-07 1.023702097387611460e-07
6.024040000000000106e+01 9.388371887032506115e-08 9.523438266516854164e-08 9.504535288550089044e-08
6.166949999999999932e+01 8.700908569874081039e-08 8.997736272317750193e-08 8.987541320754860721e-08
6.309859999999999758e+01 8.156085852493913924e-08 8.449036200320214232e-08 8.440717125992284063e-08
6.452760000000000673e+01 7.587358848327985865e-08 7.901913859823951701e-08 7.913488967080628135e-08
6.607179999999999609e+01 7.042495182240663352e-08 7.403174465337463512e-08 7.416944675097014381e-08
6.797750000000000625e+01 6.582261429285615820e-08 6.843200792392626652e-08 6.945901155267712671e-08
6.988320000000000221e+01 6.218474161778486723e-08 6.074039104242106652e-08 6.400961902475473285e-08
7.178889999999999816e+01 5.509456508430951207e-08 6.010571027192050144e-08 6.029164063905860437e-08
7.369469999999999743e+01 5.382421259584826572e-08 5.599224342217152832e-08 5.720264074724414512e-08
7.560039999999999338e+01 5.071131514952895734e-08 5.165038277933966092e-08 5.079281389528891079e-08
7.750610000000000355e+01 4.679405430442445453e-08 4.757706670839184282e-08 4.801631197952922353e-08
7.941179999999999950e+01 4.190197718065288698e-08 4.546808123178533484e-08 4.542692058862462370e-08
8.131749999999999545e+01 3.950003140295493705e-08 4.206580735666753722e-08 4.256131546681081331e-08
8.322329999999999472e+01 3.758579365168684735e-08 3.896825269720644043e-08 3.952599670349635677e-08
8.512900000000000489e+01 3.688135755285274261e-08 3.619359099974793990e-08 3.701476171447717881e-08
8.703470000000000084e+01 3.272453617050875256e-08 3.469776695917310385e-08 3.458652515486080506e-08
8.942260000000000275e+01 3.039799644106318200e-08 3.190556868851596150e-08 3.228905768894749622e-08
9.196389999999999532e+01 2.876206281533744054e-08 2.978653441308275585e-08 2.964986937731760137e-08
9.450520000000000209e+01 2.570170360459999666e-08 2.556131622012160310e-08 2.790176704277491153e-08
9.704659999999999798e+01 2.386698742011473346e-08 2.572831617449682598e-08 2.638750023033921861e-08
9.958790000000000475e+01 2.295463921602585034e-08 2.402017890894883871e-08 2.380660139589842959e-08
1.021290000000000049e+02 2.171046764678068737e-08 2.226589354874252398e-08 2.236395382537367871e-08
1.046710000000000065e+02 2.016541169861127902e-08 2.079078411231259634e-08 2.083379350326279258e-08
1.072120000000000033e+02 1.878219704938253927e-08 1.919102832847400879e-08 1.967788878012820691e-08
1.097530000000000001e+02 1.767611729941283239e-08 1.787281134611820935e-08 1.742633034572248883e-08
1.122939999999999969e+02 1.638757053602418350e-08 1.688761521867775991e-08 1.843192784908038381e-08
1.148359999999999985e+02 1.531822598537433289e-08 1.550630108877516079e-08 1.629853062155755611e-08
1.176110000000000042e+02 1.425024342908855075e-08 1.502958600247734635e-08 1.508642213483034629e-08
1.210000000000000000e+02 1.349551905511639359e-08 1.256351449434479276e-08 1.468166964053882077e-08
1.243889999999999958e+02 1.258474402434016604e-08 1.257186993346346254e-08 1.262812505719637866e-08
1.277780000000000058e+02 1.147281496761217340e-08 1.211210057786816580e-08 1.149898943388199538e-08
1.311670000000000016e+02 1.073393261259368955e-08 1.157827691628014209e-08 1.029816866112617047e-08
1.345550000000000068e+02 9.632873667913120158e-09 1.059996534696508459e-08 1.009324983512180095e-08
1.379439999999999884e+02 8.809914270045276999e-09 9.584654095781342530e-09 9.870883514078275312e-09
1.413329999999999984e+02 8.187955283245285542e-09 8.864850980202200445e-09 9.275958081552517111e-09
1.447220000000000084e+02 7.829742017944260751e-09 8.360508664738943308e-09 8.162213580653885764e-09
1.481109999999999900e+02 7.380298569204849765e-09 7.781299389916987436e-09 7.741746100841164170e-09
1.515000000000000000e+02 6.599788198470327009e-09 7.306950220361677309e-09 7.487779491167997191e-09
1.548890000000000100e+02 6.387945777145104682e-09 6.866942504219320339e-09 6.731289688635579528e-09
1.591740000000000066e+02 6.076131662276820155e-09 6.220523213042557205e-09 6.225913919680624892e-09
1.636930000000000121e+02 5.459562887913784698e-09 5.912173429960720960e-09 5.777658132125497893e-09
1.682129999999999939e+02 4.929578063319899617e-09 5.362271873864050763e-09 5.594282122316052542e-09
1.727319999999999993e+02 4.546664982775312911e-09 5.012073141443071969e-09 5.190971320781616611e-09
1.772510000000000048e+02 4.380853986257924672e-09 4.631500751047863521e-09 4.684956272694214989e-09
1.817700000000000102e+02 3.954142673242530485e-09 4.507383913105236067e-09 4.270596413652236549e-09
1.862889999999999873e+02 3.762497651727561601e-09 3.930814611700376514e-09 4.151271381572064429e-09
1.908079999999999927e+02 3.507250268294115375e-09 3.750677823931902462e-09 3.762715357773983786e-09
1.953280000000000030e+02 3.251755130989235186e-09 3.546096686785964425e-09 3.472450987224802017e-09
1.998470000000000084e+02 3.056992249069553437e-09 3.144337834645860295e-09 3.370022071284587740e-09
2.043660000000000139e+02 2.811355183216558537e-09 3.087540635463697088e-09 3.021875852029849765e-09
2.093530000000000086e+02 2.662557034207221086e-09 2.775445100301193062e-09 2.861096674491586412e-09
2.153789999999999907e+02 2.441784275262829543e-09 2.673237711532658243e-09 2.552987778204513414e-09
2.214060000000000059e+02 2.222041392488121335e-09 2.416724484011651028e-09 2.454649928500228797e-09
2.274319999999999879e+02 2.041292856639757858e-09 2.308917758272553102e-09 2.220215303574777404e-09
2.334590000000000032e+02 1.897166934699015104e-09 2.044125610053838021e-09 2.148551356157735558e-09
2.394850000000000136e+02 1.719111785402655043e-09 1.868944263161253015e-09 2.058461991436093404e-09
2.455109999999999957e+02 1.629474225798604895e-09 1.729249539244760545e-09 1.887445660456635786e-09
2.515380000000000109e+02 1.522416416773259191e-09 1.643840848084049776e-09 1.701578246887953897e-09
2.575640000000000214e+02 1.388918977155024989e-09 1.581040632299870503e-09 1.561477340545104795e-09
2.635910000000000082e+02 1.372118210290706941e-09 1.421851232245017716e-09 1.414462904252795045e-09
2.696170000000000186e+02 1.177612147099769624e-09 1.349145717830292225e-09 1.395323900069938843e-09
2.756440000000000055e+02 1.122647618503120927e-09 1.240311402754005890e-09 1.288199947242873989e-09
2.833330000000000268e+02 1.075816039826736114e-09 1.135848268829422706e-09 1.161227086343841627e-09
2.913700000000000045e+02 9.494626931815373682e-10 1.058159289377125694e-09 1.106561422441337624e-09
2.994060000000000059e+02 9.391752235922181983e-10 9.659567768695043343e-10 9.706207800382778499e-10
3.074420000000000073e+02 7.821313710707517703e-10 8.891652577355796522e-10 9.909054411936689777e-10
3.154789999999999850e+02 7.973708774702545216e-10 8.481658824304259306e-10 8.302372049357277330e-10
3.235149999999999864e+02 7.232700571118693030e-10 7.794228068975194114e-10 7.808352020435428629e-10
3.315509999999999877e+02 6.312297017725746491e-10 7.351515036316464741e-10 7.512637542598402630e-10
3.395880000000000223e+02 6.455873650285064932e-10 6.533177626921179543e-10 6.658658742793759931e-10
3.476240000000000236e+02 5.623760874780687222e-10 6.337950084674706141e-10 6.091207251385085865e-10
3.556610000000000014e+02 4.868665988906827079e-10 5.975737662685618672e-10 6.091429443407554726e-10
3.636970000000000027e+02 5.056749551004679301e-10 5.293267060796653715e-10 5.372679203198670055e-10
3.726580000000000155e+02 4.643030960710227281e-10 4.876324124050116906e-10 5.055642515239658897e-10
3.833740000000000236e+02 3.752961860566696730e-10 4.704283685874516632e-10 4.975137748558789108e-10
3.940910000000000082e+02 3.915399956804415665e-10 4.191644079060866065e-10 4.285890099134719453e-10
4.048079999999999927e+02 3.740544885640563947e-10 3.848060690104898516e-10 3.856621658754539606e-10
4.155240000000000009e+02 2.959357590851420646e-10 3.784286105644905561e-10 3.825786366003675849e-10
4.262409999999999854e+02 2.877893378079762906e-10 3.364091028668251466e-10 3.542366328251987174e-10
4.369569999999999936e+02 3.048469829494309944e-10 2.968637721870902401e-10 3.036549423634788802e-10
4.476739999999999782e+02 2.628866493146278983e-10 2.903214415500084000e-10 2.850753396353638298e-10
4.583910000000000196e+02 2.134563632729329537e-10 2.812828544041972987e-10 2.812672593228698957e-10
4.691070000000000277e+02 2.110376434785867390e-10 2.495180992954099292e-10 2.590811952260034214e-10
4.798240000000000123e+02 2.241486991508028852e-10 2.166296094085582884e-10 2.261591589406388923e-10
4.905409999999999968e+02 2.054995655374163898e-10 2.139045559109505683e-10 1.989538310516331211e-10
5.043389999999999986e+02 1.611215605929309511e-10 2.065161318478113991e-10 2.017980365592577371e-10
5.186299999999999955e+02 1.441978570110049667e-10 1.876007456017322917e-10 1.919950690372627801e-10
5.329199999999999591e+02 1.579237013394034173e-10 1.589274183007091393e-10 1.663665731598875457e-10
5.472110000000000127e+02 1.527943946241487046e-10 1.461588039804961897e-10 1.467231220453551572e-10
5.615019999999999527e+02 1.243908949604950714e-10 1.507496805923163704e-10 1.362499555471886617e-10
5.757930000000000064e+02 1.010026872609659258e-10 1.291310551265333716e-10 1.476800038024333939e-10
5.900839999999999463e+02 9.687643136046353969e-11 1.226037770392311323e-10 1.314518954347181382e-10
6.043750000000000000e+02 1.059100333299190088e-10 9.990698649640729225e-11 1.189033108736737809e-10
6.186660000000000537e+02 1.072606317209099232e-10 9.570774388050268543e-11 9.735756074858743021e-11
6.329569999999999936e+02 8.877760231977254227e-11 9.443977495595363247e-11 9.443881182427386527e-11
6.472480000000000473e+02 7.078589148946865174e-11 9.523248712512864336e-11 9.110293458540273895e-11
6.633460000000000036e+02 6.081786310050735948e-11 8.740755101994761562e-11 8.902830417954504990e-11
6.824039999999999964e+02 6.494788686035497572e-11 7.473746269741983388e-11 7.844024569222522507e-11
7.014610000000000127e+02 6.898393250182385157e-11 6.465228649095780697e-11 6.707699012559129459e-11
7.205180000000000291e+02 6.265019272743937380e-11 6.118611490770529130e-11 6.108778780485537097e-11
7.395750000000000455e+02 4.979116348059161537e-11 6.078574916628482213e-11 5.971805473812358461e-11
7.586319999999999482e+02 3.985523715805432598e-11 5.831653224744160650e-11 5.904066761950409946e-11
7.776900000000000546e+02 3.700703928361422758e-11 5.382699727549631725e-11 5.423201981588947320e-11
7.967469999999999573e+02 3.840984137371225692e-11 4.623891285801613396e-11 4.927481759327163907e-11
8.158039999999999736e+02 4.129184974339251707e-11 4.055966432562338332e-11 4.212665077102351386e-11
8.348609999999999900e+02 4.024621220186406532e-11 3.639349988763154061e-11 3.759543461550441421e-11
8.539180000000000064e+02 3.612678115499584812e-11 3.474985646089732494e-11 3.463997617910684774e-11
8.729759999999999991e+02 3.010295222816385473e-11 3.419535318450277922e-11 3.319368815233337497e-11
8.977309999999999945e+02 2.327780497718207951e-11 3.354021542464346458e-11 3.263099744317446782e-11
9.231449999999999818e+02 1.930835603059129429e-11 3.171969684936579080e-11 3.127311663904292006e-11
9.485579999999999927e+02 1.914758969782726576e-11 2.785362886195888502e-11 2.861928824361143687e-11
9.739710000000000036e+02 2.065324393234627058e-11 2.378017366205144569e-11 2.522151512210229843e-11
9.993840000000000146e+02 2.184647758136918796e-11 2.040027439381190262e-11 2.190354303481891732e-11
1.024799999999999955e+03 2.134249923079542280e-11 1.854657833584653964e-11 1.916582134085805156e-11
1.050210000000000036e+03 1.916450972498533667e-11 1.757760153378530092e-11 1.775069378172936705e-11
1.075619999999999891e+03 1.592730240643648982e-11 1.739479041566688831e-11 1.691477699439663110e-11
1.101039999999999964e+03 1.262032202505687679e-11 1.744522709464728469e-11 1.626153922429584610e-11
1.126450000000000045e+03 1.005823372542389712e-11 1.679350730674279473e-11 1.584059403783331619e-11
1.151859999999999900e+03 8.625741740645045451e-12 1.530531946263300377e-11 1.547286302357195355e-11
1.180779999999999973e+03 8.231990124339402189e-12 1.386488909293803053e-11 1.415114198137257213e-11
1.214670000000000073e+03 8.959204694267693608e-12 1.178999694122158483e-11 1.251240157501072263e-11
1.248559999999999945e+03 9.643310910545696698e-12 9.974552501608213566e-12 1.093226266914609737e-11
1.282450000000000045e+03 9.797568753346308993e-12 8.775812951555564063e-12 9.474592530498133585e-12
1.316339999999999918e+03 9.252521404705178049e-12 8.153256035680411134e-12 8.420733913414415899e-12
1.350230000000000018e+03 8.097634154350531463e-12 7.724386080090918343e-12 7.938534433708554491e-12
1.384119999999999891e+03 6.812672949100561018e-12 7.715284503045456459e-12 7.344198991038794952e-12
1.418009999999999991e+03 5.299661157060766367e-12 7.568721402823071793e-12 7.252676511262948321e-12
1.451900000000000091e+03 4.435807051928399712e-12 7.407461114760136384e-12 6.709272619271466940e-12
1.485789999999999964e+03 3.478843593369639496e-12 6.464789940275450183e-12 7.140796401424912277e-12
1.519670000000000073e+03 3.036209345058966739e-12 6.067795445703502177e-12 6.631262505602533858e-12
1.553559999999999945e+03 2.965715750260981117e-12 5.594487457314282434e-12 5.912396771194738443e-12
1.597980000000000018e+03 3.104403916680976143e-12 4.784231279965170237e-12 5.397935020888855684e-12
1.643170000000000073e+03 3.395487926063709554e-12 4.287216193425786000e-12 4.502672184375506069e-12
1.688359999999999900e+03 3.495810265760377192e-12 3.732678001862091259e-12 3.956842222170533802e-12
1.733549999999999955e+03 3.508372042738868730e-12 3.168959621507209714e-12 3.598136193923423866e-12
1.778740000000000009e+03 3.374084479172012098e-12 2.931359428982879711e-12 3.140056222727609339e-12
1.823930000000000064e+03 3.099564131831627457e-12 2.792928882655783612e-12 2.783814869344590403e-12
1.869130000000000109e+03 2.752220853978948617e-12 2.778235013087282920e-12 2.459216516483769788e-12
1.914319999999999936e+03 2.346641997841321264e-12 2.785255415545952015e-12 2.218526151445678297e-12
1.959509999999999991e+03 1.944828523798183978e-12 2.368348256430057291e-12 2.450526297306042326e-12
2.004700000000000045e+03 1.677222501577927218e-12 2.036278699513683574e-12 2.504023622421590122e-12
2.049889999999999873e+03 1.350304389379646490e-12 2.624223076677564750e-12 1.749989728384239982e-12
2.101840000000000146e+03 1.035346494551550758e-12 2.222142943970830106e-12 1.997071428004469938e-12
2.162110000000000127e+03 8.386910951301780738e-13 1.961807782118451422e-12 2.014521437991471102e-12
2.222369999999999891e+03 7.601468964532118746e-13 1.525625508888442272e-12 2.130482677871211715e-12
2.282630000000000109e+03 7.839874266605171195e-13 1.485989898826207845e-12 1.777313377810776035e-12
2.342900000000000091e+03 6.961620467612802398e-13 1.722564579307442165e-12 1.302491260191367949e-12
2.403159999999999854e+03 6.801004420067582117e-13 1.145679984012210733e-12 1.592560094453201754e-12
2.463429999999999836e+03 7.218325707219189455e-13 1.298400807195276055e-12 1.121372934682367749e-12
2.523690000000000055e+03 7.136420645817658673e-13 9.308416799023968280e-13 1.240205939051334326e-12
2.583960000000000036e+03 7.037640116137657560e-13 9.634959079359723520e-13 9.879198016264713249e-13
2.644219999999999800e+03 7.258649142456359482e-13 8.359218048065918123e-13 8.788382175278619516e-13
2.704480000000000018e+03 7.059974863017832266e-13 7.090445653365063080e-13 8.260779020456147765e-13
2.764750000000000000e+03 6.820521662968471046e-13 6.477083264879689942e-13 7.325927638684856978e-13
2.844420000000000073e+03 6.593893640450952463e-13 5.766102775339690144e-13 6.515754582098786867e-13
2.924780000000000200e+03 6.286123435836490757e-13 5.421232856040567953e-13 5.583521192632647119e-13
3.005150000000000091e+03 5.878497901828914957e-13 4.754893794479949850e-13 5.219513177164126480e-13
3.085510000000000218e+03 5.333752652231263240e-13 4.388360169518595980e-13 4.823380139298845879e-13
3.165869999999999891e+03 4.862690154909765906e-13 4.256062629654988223e-13 4.214854442684291376e-13
3.246239999999999782e+03 4.412584498181082075e-13 4.034297597712492412e-13 3.816171331057338151e-13
3.326599999999999909e+03 3.926362930874378333e-13 3.768167590967116843e-13 3.567040974937789367e-13
3.406960000000000036e+03 3.449936927897642647e-13 3.533000050601458472e-13 3.362198676411116603e-13
3.487329999999999927e+03 3.005910049825439840e-13 3.318958475710534065e-13 3.167845501653624522e-13
3.567690000000000055e+03 2.616573408889501300e-13 3.119121375459932946e-13 2.995124230007028837e-13
3.648050000000000182e+03 2.276344695040622844e-13 2.924736186118138177e-13 2.815741163170617234e-13
3.741360000000000127e+03 1.933904704597960232e-13 2.744947171057490913e-13 2.669091381350821300e-13
3.848519999999999982e+03 1.589458520821616014e-13 2.580210800181249213e-13 2.557476907368068343e-13
3.955690000000000055e+03 1.312441401809789704e-13 2.419123219287563936e-13 2.420782548013229772e-13
4.062860000000000127e+03 1.101539620220259645e-13 2.258827694273428078e-13 2.290034382431498856e-13
4.170020000000000437e+03 9.444373417221204256e-14 2.100218504719962605e-13 2.137411688728614375e-13
4.277189999999999600e+03 8.387380646517347552e-14 1.977713392037682415e-13 1.939210662435575285e-13
4.384359999999999673e+03 7.566075635730155207e-14 1.891122498925735281e-13 1.718509341614101458e-13
4.491520000000000437e+03 6.477148645481473398e-14 1.764308840076539994e-13 1.591409750568223945e-13
4.598689999999999600e+03 5.220167834453982367e-14 1.563627254584658239e-13 1.595259978626598252e-13
4.705859999999999673e+03 4.712871848740201502e-14 1.417144467957379838e-13 1.490939736344982282e-13
4.813020000000000437e+03 4.781297410406142003e-14 1.356457900784086550e-13 1.263955949524816578e-13
4.920189999999999600e+03 4.123009991445897708e-14 1.198186862581295863e-13 1.237394123155578580e-13
5.063100000000000364e+03 3.729123162114535072e-14 1.059147390100735759e-13 1.172453680202737567e-13
5.206010000000000218e+03 3.619633270167939703e-14 9.756444220376336330e-14 1.046725230169466166e-13
5.348920000000000073e+03 3.722604523607521661e-14 9.122338340254673788e-14 9.002554761003847839e-14
5.491819999999999709e+03 3.634268152748548500e-14 7.921101094720976772e-14 8.477982265964114703e-14
5.634729999999999563e+03 3.396832098965163936e-14 6.978946969906537267e-14 7.968608476928918786e-14
5.777640000000000327e+03 3.407751903033444407e-14 6.604958083097262897e-14 6.849755110498951439e-14
5.920550000000000182e+03 3.348096482667263948e-14 5.670066418910433628e-14 6.457973324070865437e-14
6.063460000000000036e+03 3.209406493602498257e-14 5.229813770580944886e-14 5.768862827243371864e-14
6.206369999999999891e+03 3.156374454550138143e-14 4.629726347225969937e-14 5.238362502077200501e-14
6.349279999999999745e+03 3.036349545525404998e-14 4.216664316691829457e-14 4.719318361622235650e-14
6.492189999999999600e+03 2.934632877937091573e-14 3.714403298175940877e-14 4.338063458724457964e-14
6.659750000000000000e+03 2.841605104340599348e-14 3.449836329698015778e-14 3.772921680521248633e-14
6.850319999999999709e+03 2.732261735605304442e-14 2.876243316911948379e-14 3.578810554455037854e-14
7.040890000000000327e+03 2.638021012181286897e-14 2.808120973326949422e-14 2.987496679410535222e-14
7.231470000000000255e+03 2.527920254589411209e-14 2.306289184363666297e-14 2.891544621172081725e-14
7.422039999999999964e+03 2.400039165759243515e-14 2.264075139056193786e-14 2.418846138347466560e-14
7.612609999999999673e+03 2.284968609494387004e-14 1.833806230045675915e-14 2.379072954195614473e-14
7.803180000000000291e+03 2.147256042858407071e-14 1.942560146468490498e-14 1.862096111851853909e-14
7.993750000000000000e+03 2.036718546682316519e-14 1.338306162294830441e-14 2.098928278564129623e-14
8.184329999999999927e+03 1.894047171475119996e-14 1.779110618427400301e-14 1.350470616825075695e-14
8.374899999999999636e+03 1.798621113327197399e-14 1.015962052781102292e-14 1.796633719603509170e-14
8.565469999999999345e+03 1.644691501327441050e-14 1.343080445519952859e-14 1.237574634952259622e-14
8.758229999999999563e+03 1.555289893442122552e-14 1.217013393720382069e-14 1.110515201158071302e-14
9.012370000000000800e+03 1.430647299351620252e-14 8.205084852672965559e-15 1.298445739973066795e-14
9.266500000000000000e+03 1.328124105717418530e-14 1.184011597762027440e-14 7.363039752525943540e-15
9.520629999999999200e+03 1.241770611241929785e-14 4.825737929939162038e-15 1.251290471822942635e-14
9.774760000000000218e+03 1.101375383453291747e-14 1.097222424920133184e-14 5.223132733485816630e-15
1.002889999999999964e+04 1.074177538521593808e-14 5.541060445854516292e-15 8.730680403025245314e-15
1.028300000000000000e+04 9.398122579709948552e-15 5.058675314007950267e-15 8.482538052016665647e-15
1.053720000000000073e+04 8.628535424520217578e-15 9.332277024762492125e-15 3.089073206341045925e-15
1.079129999999999927e+04 8.380775479661512903e-15 3.499912795985256503e-15 7.401433127597073947e-15
1.104539999999999964e+04 7.193411376776670186e-15 3.579689153493378765e-15 6.965706799300202206e-15
1.129960000000000036e+04 6.485652334739540572e-15 7.731266611897525744e-15 2.059305370436773325e-15
1.155370000000000073e+04 6.450362698730776116e-15 4.281753169490921266e-15 4.207485064805168082e-15
1.185460000000000036e+04 5.595715342004313520e-15 1.578689360960700387e-15 6.508273694879135931e-15
1.219350000000000000e+04 4.754454651537332653e-15 6.127120703816555531e-15 1.592866035242165419e-15
1.253239999999999964e+04 4.877496401471443247e-15 3.474634634820434130e-15 3.098407107431042829e-15
1.287129999999999927e+04 4.180107824902399362e-15 9.345315120810089013e-16 5.372125758595606671e-15
1.321010000000000036e+04 3.432098104809704112e-15 4.395616935204981544e-15 1.785198714922487841e-15
1.354900000000000000e+04 3.508875302682001641e-15 4.280310998717188461e-15 1.028710851137051438e-15
1.388789999999999964e+04 3.336617493187108330e-15 9.067004781025745916e-16 3.827624810868478649e-15
1.422679999999999927e+04 2.642427263721260738e-15 1.219554301673766692e-15 3.561726978342475587e-15
1.456570000000000073e+04 2.263383343840601167e-15 3.658885380301104878e-15 8.906563938003141594e-16
1.490460000000000036e+04 2.356961254790838377e-15 3.338666120518599312e-15 5.444587814072991589e-16
1.524350000000000000e+04 2.311555372049127024e-15 1.036538561022596979e-15 2.393240666680423703e-15
1.559020000000000073e+04 1.876434946601951181e-15 3.149353042424239408e-16 3.074208721029200147e-15
1.604210000000000036e+04 1.433774469545047753e-15 2.261592198182408202e-15 1.116535670062877919e-15
1.649400000000000000e+04 1.505761231608150555e-15 2.746594168030982241e-15 1.500519976169823805e-16
1.694590000000000146e+04 1.549985211557748880e-15 9.451213241706559567e-16 1.536539131864502406e-15
1.739779999999999927e+04 1.231353332250253119e-15 1.473746470079724334e-16 2.303549380473276945e-15
1.784979999999999927e+04 9.075044278797772096e-16 1.209602654614728704e-15 1.268078872361495840e-15
1.830170000000000073e+04 8.643189133048366298e-16 2.113742173175285752e-15 1.260126277841389424e-16
1.875359999999999854e+04 9.643464698033350297e-16 1.620155271646017784e-15 2.635490357007330520e-16
1.920550000000000000e+04 9.403422201935957415e-16 5.184740879608274703e-16 1.148242942882527094e-15
1.965740000000000146e+04 7.529024238392992757e-16 5.676770316037410355e-17 1.589193701815691976e-15
2.010929999999999927e+04 5.433559321050789356e-16 4.804597464018285753e-16 1.177627661815108393e-15
2.056129999999999927e+04 4.488584684552735197e-16 1.143268747652950630e-15 4.291364750935911000e-16
2.110150000000000000e+04 4.886591638289620078e-16 1.364919614474200906e-15 -1.133820652968302952e-17
2.170420000000000073e+04 5.564705850634605477e-16 7.866135378184011533e-16 3.469604299680849488e-16
2.230679999999999927e+04 4.984055771647902769e-16 1.393788461692935828e-16 9.074669324833257406e-16
2.290950000000000000e+04 3.555272151634487149e-16 7.591661819955653990e-17 9.829264432805603422e-16
2.351209999999999854e+04 2.452312049906773632e-16 4.708997892909916959e-16 5.796430816375657112e-16
2.411470000000000073e+04 2.237169649990694092e-16 8.268835417068261863e-16 1.332559114162503813e-16
2.471740000000000146e+04 2.622051494429254703e-16 8.431493108324973675e-16 -1.614218356211653919e-17
2.532000000000000000e+04 2.947944812268042704e-16 5.593619668258299275e-16 1.443907732881417346e-16
2.592270000000000073e+04 2.835771257369896423e-16 2.193007887563887032e-16 4.130439030761966170e-16
2.652529999999999927e+04 2.304451498422344386e-16 2.685263240457792606e-17 5.807026686468555117e-16
2.712800000000000000e+04 1.648673045101280737e-16 3.920597213585137641e-17 5.667931962601286806e-16
2.775140000000000146e+04 1.120637697675130546e-16 1.931966411799618000e-16 4.013354416178905704e-16
2.855500000000000000e+04 9.014065167293513036e-17 4.122236399114465732e-16 1.427261746309923674e-16
2.935870000000000073e+04 1.065823273447700695e-16 4.856434262723838426e-16 -2.618361971506018171e-18
3.016229999999999927e+04 1.304112129454852707e-16 3.880448131473569212e-16 1.856578334546090510e-17
3.096590000000000146e+04 1.388157891381717283e-16 2.148319186623788840e-16 1.398310359481732211e-16
3.176959999999999854e+04 1.238501772693982558e-16 6.716153533053682181e-17 2.606171198453620704e-16
3.257320000000000073e+04 9.442834864220933306e-17 4.716763324447699492e-18 3.145936744516138548e-16
3.337680000000000291e+04 6.330943915982082294e-17 2.677520849355753202e-17 2.877782684361959936e-16
3.418050000000000000e+04 4.113988396223158576e-17 9.717614279270352342e-17 2.094126439337291089e-16
3.498409999999999854e+04 3.099015910557708846e-17 1.718336614001815692e-16 1.157381291829109642e-16
3.578780000000000291e+04 3.146822530000747112e-17 2.199114308575097967e-16 4.066226024299934890e-17
3.659140000000000146e+04 3.782859001633623486e-17 2.283555592259012341e-16 4.550825723729724136e-19
3.756140000000000146e+04 4.776480790658890271e-17 1.985559598942047336e-16 -1.615990528986537699e-18
3.863309999999999854e+04 5.409545774951646238e-17 1.335601631974986987e-16 3.549973893702024208e-17
3.970469999999999709e+04 5.257390102704582943e-17 6.648808449645859278e-17 8.467329480325281636e-17
4.077640000000000146e+04 4.449043400360819791e-17 1.990328223408231771e-17 1.218232006611004849e-16
4.184800000000000000e+04 3.321541663026935150e-17 1.512630410111757032e-18 1.356218803021479061e-16
4.291969999999999709e+04 2.207130232490103472e-17 7.331693304130735404e-18 1.258105591531732651e-16
4.399140000000000146e+04 1.366806676778278540e-17 2.766031525276842081e-17 1.012799857561299631e-16
4.506300000000000000e+04 8.672828790397616273e-18 5.196543533523452049e-17 6.989208522801374347e-17
4.613469999999999709e+04 6.967202069521200677e-18 7.235755701179836882e-17 4.021255330002792215e-17
4.720640000000000146e+04 7.648229374621263540e-18 8.413235925131190290e-17 1.728463665927026139e-17
4.827800000000000000e+04 9.701122908066043292e-18 8.705769782898302575e-17 3.392369104683938562e-18
4.939900000000000000e+04 1.221906760797228536e-17 8.143075023080513263e-17 -2.033096792303822407e-18
5.082809999999999854e+04 1.507268922796205605e-17 6.704921389857356340e-17 1.363885488952387698e-18
5.225719999999999709e+04 1.637411658539628707e-17 4.790540784421883922e-17 1.144016660373346836e-17
5.368630000000000291e+04 1.621115141647971552e-17 2.980773749728581147e-17 2.346913783584735876e-17
5.511540000000000146e+04 1.459526618356229593e-17 1.514348701222287718e-17 3.364542391078550650e-17
5.654450000000000000e+04 1.215681407793923788e-17 5.570173406392961164e-18 4.015100466902938957e-17
5.797350000000000000e+04 9.414804313344612419e-18 9.907748315051764797e-19 4.248482948356726090e-17
5.940259999999999854e+04 6.755634610931634826e-18 4.674712800763279170e-19 4.090963976251825515e-17
6.083169999999999709e+04 4.544031409670871799e-18 2.722691447355810138e-18 3.692116106498332861e-17
6.226080000000000291e+04 2.827316187888983213e-18 6.465353737322547784e-18 3.107579686630353238e-17
6.368990000000000146e+04 1.654989570514336307e-18 1.058765931161405165e-17 2.450227293028271834e-17
6.511900000000000000e+04 9.921134278402237163e-19 1.445313925920319516e-17 1.829040720528693795e-17
6.686039999999999418e+04 7.241277492342053747e-19 1.824224755248871289e-17 1.173099985615004010e-17
6.876610000000000582e+04 8.943130816909713091e-19 2.084520061204094483e-17 6.178150755259807659e-18
7.067180000000000291e+04 1.329470357809952576e-18 2.167585695048545486e-17 2.411729715730429894e-18
7.257750000000000000e+04 1.853010157461288777e-18 2.099099878278393648e-17 3.177122955290688594e-19
7.448319999999999709e+04 2.326761931305470715e-18 1.907967844585060680e-17 -4.088142755934199189e-19
7.638900000000000000e+04 2.714424109401687640e-18 1.668686589088419087e-17 -1.526605925812430980e-19
7.829469999999999709e+04 2.942381790937683503e-18 1.386918866921476598e-17 7.227943681627734086e-19
8.020039999999999418e+04 3.024847798231720792e-18 1.105655572010194501e-17 1.900192231850941812e-18
8.210610000000000582e+04 2.963310398763287299e-18 8.411774465437202206e-18 3.124562503726476196e-18
8.401180000000000291e+04 2.823936690468697897e-18 6.175593089553343522e-18 4.272098387290233734e-18
8.591760000000000582e+04 2.593255925186043953e-18 4.288733127382429611e-18 5.194835635149921233e-18
8.793289999999999418e+04 2.312219827003819001e-18 2.747562517780798591e-18 5.925899182094716317e-18
9.047419999999999709e+04 1.966386934885048119e-18 1.409519635232248879e-18 6.579588177673111474e-18
9.301550000000000000e+04 1.595693465262189184e-18 5.765889530502154693e-19 6.783818705148823817e-18
9.555680000000000291e+04 1.263252223557260988e-18 1.605234667987583145e-19 6.737330731805777154e-18
9.809810000000000582e+04 9.557348964538503611e-19 4.246355426259929339e-20 6.380802885585990955e-18
1.006390000000000000e+05 6.970433949506510350e-19 1.277105690103092444e-19 5.866930713259070628e-18
