1.017789999999999928e+01 8.533974265736921289e-06 8.450381126576770943e-06 8.417495447724349949e-06
1.043200000000000038e+01 7.963758304589231096e-06 8.098471104950929000e-06 8.035585391623040836e-06
1.068609999999999971e+01 7.577000144962323593e-06 7.618102500306550673e-06 7.631481464214032737e-06
1.094030000000000058e+01 7.248296453350122199e-06 7.203498574642725906e-06 7.183884955256039960e-06
1.119439999999999991e+01 6.745213388395254467e-06 6.925307800294933403e-06 6.901834478174656983e-06
1.144849999999999923e+01 6.477154090383704775e-06 6.521067083142200149e-06 6.508685423089619683e-06
1.171439999999999948e+01 6.212852014625721923e-06 6.146284021132379687e-06 6.152831137381413392e-06
1.205320000000000036e+01 5.942033334474988159e-06 5.696958139985493744e-06 5.672205575529449044e-06
1.239209999999999923e+01 5.592046528833262946e-06 5.324583873817164095e-06 5.283654987397317955e-06
1.273099999999999987e+01 5.376223045563383566e-06 4.934717164812485393e-06 4.919279688314473337e-06
1.306990000000000052e+01 4.907363715267922875e-06 4.703769062236470818e-06 4.688050136571141205e-06
1.340879999999999939e+01 4.418124566506281398e-06 4.513571805774318106e-06 4.533657701406849491e-06
1.374770000000000003e+01 4.387263304222951976e-06 4.156698597586551090e-06 4.141645293327633354e-06
1.408660000000000068e+01 4.045254794809964418e-06 3.955687284862792969e-06 3.962987025415812551e-06
1.442549999999999955e+01 3.760031517203114561e-06 3.766666537330245788e-06 3.769608633521015639e-06
1.476440000000000019e+01 3.687812882453877958e-06 3.514701531283067547e-06 3.474373826924604076e-06
1.510330000000000084e+01 3.325212479277967839e-06 3.382043501866667716e-06 3.391449424777124750e-06
1.544209999999999994e+01 3.110141684365230968e-06 3.250467410398113311e-06 3.232077262578286163e-06
1.585510000000000019e+01 2.977409021128136682e-06 2.995580043852013803e-06 2.990885292611462111e-06
1.630699999999999861e+01 2.660464338308825038e-06 2.839581398940257773e-06 2.878774181186376592e-06
1.675890000000000057e+01 2.569686699834995200e-06 2.629500982708818289e-06 2.638382717771134032e-06
1.721079999999999899e+01 2.429514071238622838e-06 2.451129011565899766e-06 2.458800374823673844e-06
1.766280000000000072e+01 2.171604849397459838e-06 2.341551673793195196e-06 2.371100861744398491e-06
1.811469999999999914e+01 2.115056477350619409e-06 2.177903620523082592e-06 2.170400469182727784e-06
1.856660000000000110e+01 2.004115141059434798e-06 2.033907416280375452e-06 2.036617474601064933e-06
1.901849999999999952e+01 1.890154978289461095e-06 1.904528293649139340e-06 1.918985090497887326e-06
1.947040000000000148e+01 1.752443374484198918e-06 1.807576667891627349e-06 1.822016393411129197e-06
1.992229999999999990e+01 1.635471840033564922e-06 1.712049694996776232e-06 1.726506380095363380e-06
2.037430000000000163e+01 1.554584007501781912e-06 1.610046587810807626e-06 1.623497787938972357e-06
2.085219999999999985e+01 1.487829244870026675e-06 1.509403034432423128e-06 1.511842949419105041e-06
2.145479999999999876e+01 1.349126642710439573e-06 1.425190087894792546e-06 1.424254982048689814e-06
2.205750000000000099e+01 1.273948941165851770e-06 1.319397998400816162e-06 1.327390877722030824e-06
2.266009999999999991e+01 1.185599622264255043e-06 1.236212033779478516e-06 1.241256038753917199e-06
2.326269999999999882e+01 1.141391457303723591e-06 1.141055427101150514e-06 1.145062264964299330e-06
2.386540000000000106e+01 1.033371868439903327e-06 1.088536353968619746e-06 1.088540230720929930e-06
2.446799999999999997e+01 9.805383107989939251e-07 1.008757882866243530e-06 1.021352032204353193e-06
2.507069999999999865e+01 9.277545742500978083e-07 9.458975845608996496e-07 9.522335490393664987e-07
2.567330000000000112e+01 8.824435733324191356e-07 8.843088615384980261e-07 8.884256689288952710e-07
2.627590000000000003e+01 8.277168046268783937e-07 8.327729579051575572e-07 8.365226244588544417e-07
2.687859999999999872e+01 7.513193081679984615e-07 7.968085908131381496e-07 8.002155372139186058e-07
2.748120000000000118e+01 7.133865707227865640e-07 7.427756506027281918e-07 7.567618570397639827e-07
2.822250000000000014e+01 6.787704224719276141e-07 6.935155525090690154e-07 6.919896705105588616e-07
2.902609999999999957e+01 6.413302107704006128e-07 6.437941258026269847e-07 6.428000493350892824e-07
2.982979999999999876e+01 5.683891219363905397e-07 6.105183877374974148e-07 6.180300176795493258e-07
3.063340000000000174e+01 5.351120550559594122e-07 5.606052903535902008e-07 5.835646085522077300e-07
3.143700000000000117e+01 5.126283922732119020e-07 5.271648446576980672e-07 5.296655220337613166e-07
3.224069999999999681e+01 4.954466087713234849e-07 4.886259121928676509e-07 4.862174195182984844e-07
3.304429999999999978e+01 4.442899849236236365e-07 4.727775329926296223e-07 4.547706253650690621e-07
3.384790000000000276e+01 4.323199144888384915e-07 4.313719975294754468e-07 4.280602248846343295e-07
3.465160000000000196e+01 3.994819675158896147e-07 4.064104353083201390e-07 4.066883368248179694e-07
3.545519999999999783e+01 3.686568464148401174e-07 3.847782672897457732e-07 3.859160800828777520e-07
3.625880000000000081e+01 3.557330710749438267e-07 3.581383339527227976e-07 3.578375735950479683e-07
3.711789999999999878e+01 3.245208401271548125e-07 3.393356767604452735e-07 3.419134208828305058e-07
3.818959999999999866e+01 3.093223965201997549e-07 3.136209868627809327e-07 3.130318849057798665e-07
3.926129999999999853e+01 2.752472812671961890e-07 2.986501997445607258e-07 2.980476420351967284e-07
4.033290000000000219e+01 2.739458948271110196e-07 2.690773370391204809e-07 2.702980865503756688e-07
4.140460000000000207e+01 2.566217785528251804e-07 2.513462776802589149e-07 2.526650622975649305e-07
4.247630000000000194e+01 2.286536767479302710e-07 2.423973717684732279e-07 2.393635709887817674e-07
4.354789999999999850e+01 2.206044397817334955e-07 2.216698157185338302e-07 2.234095138120085521e-07
4.461959999999999837e+01 2.041124932237974700e-07 2.094526447081443943e-07 2.093084948458892965e-07
4.569129999999999825e+01 1.895941049918773848e-07 1.966921554424811493e-07 1.981157335511313405e-07
4.676290000000000191e+01 1.833875783666082526e-07 1.828927323392286776e-07 1.824980920973484249e-07
4.783460000000000178e+01 1.672897929136261723e-07 1.736521120521957664e-07 1.744781831105957795e-07
4.890630000000000166e+01 1.592009278263121628e-07 1.629955913804896992e-07 1.627969950016078342e-07
5.023669999999999902e+01 1.497841315192847568e-07 1.510598581000675643e-07 1.504890720103157379e-07
5.166579999999999728e+01 1.365930289897109422e-07 1.413007771628633270e-07 1.417963729263334762e-07
5.309490000000000265e+01 1.302172831249364083e-07 1.295469147082919095e-07 1.310764712841785908e-07
5.452400000000000091e+01 1.160711097633830233e-07 1.244496404687388980e-07 1.218948472246363618e-07
5.595309999999999917e+01 1.160327836474199431e-07 1.133919774332438097e-07 1.126183380610003663e-07
5.738219999999999743e+01 1.021979375874037131e-07 1.087088679585696947e-07 1.083637362240034996e-07
5.881130000000000280e+01 9.805808646071802628e-08 1.010854531079299013e-07 1.002442753211302800e-07
6.024040000000000106e+01 9.252986626389392107e-08 9.375514923516855256e-08 9.316754237424999054e-08
6.166949999999999932e+01 8.588538293165773306e-08 8.847136064355582815e-08 8.830972744448307055e-08
6.309859999999999758e+01 8.073934028772694937e-08 8.304459998202743493e-08 8.309813323664655304e-08
6.452760000000000673e+01 7.507115039870018095e-08 7.810967545718864214e-08 7.814307325971524426e-08
6.607179999999999609e+01 7.012149693729491785e-08 7.323751415338754968e-08 7.332344684058681882e-08
6.797750000000000625e+01 6.552600884135801492e-08 6.779916751287596880e-08 6.876893750975065633e-08
6.988320000000000221e+01 6.185796730037107480e-08 6.065012629308675136e-08 6.345282841109673781e-08
7.178889999999999816e+01 5.500602507040359952e-08 5.973276500402801633e-08 5.993196481400832248e-08
7.369469999999999743e+01 5.375503334832184622e-08 5.403589466789803308e-08 5.696020798179183100e-08
7.560039999999999338e+01 5.083727427007814453e-08 5.150064302834076396e-08 5.063988487382118303e-08
7.750610000000000355e+01 4.690752793081967655e-08 4.758103238597911468e-08 4.799860043003755206e-08
7.941179999999999950e+01 4.216502175447185770e-08 4.551204461119506422e-08 4.547036268060277776e-08
8.131749999999999545e+01 3.979322761299705632e-08 4.221857301374323060e-08 4.269313432716154612e-08
8.322329999999999472e+01 3.793227515533695209e-08 3.910407134306552593e-08 3.974014129637872657e-08
8.512900000000000489e+01 3.730298075120287569e-08 3.646766261394848299e-08 3.729229896860816492e-08
8.703470000000000084e+01 3.318292672440570742e-08 3.503668184803315972e-08 3.490278112366964051e-08
8.942260000000000275e+01 3.087425852890245862e-08 3.228502540532329013e-08 3.265239075709603983e-08
9.196389999999999532e+01 2.925148474535061284e-08 3.018866150108865191e-08 2.971744194185229589e-08
9.450520000000000209e+01 2.619162132713178276e-08 2.595626741493161606e-08 2.831317936128647935e-08
9.704659999999999798e+01 2.438609817839542114e-08 2.614939193773577998e-08 2.680884710739892009e-08
9.958790000000000475e+01 2.347518202668515945e-08 2.446265671210437561e-08 2.423776773270452653e-08
1.021290000000000049e+02 2.222574010406330126e-08 2.273348408385208740e-08 2.282244753915734668e-08
1.046710000000000065e+02 2.067396008788306057e-08 2.127120639736115022e-08 2.134309734616754818e-08
1.072120000000000033e+02 1.929070525779074104e-08 1.967714764974965514e-08 2.016451985183439763e-08
1.097530000000000001e+02 1.818626361029582395e-08 1.836400230859628982e-08 1.891111682696156882e-08
1.122939999999999969e+02 1.690083209684590872e-08 1.738616837861519581e-08 1.896197918849253593e-08
1.148359999999999985e+02 1.584039124333691925e-08 1.600317667252639984e-08 1.679998691398231599e-08
1.176110000000000042e+02 1.477166013090359742e-08 1.528200337771588852e-08 1.558196199759153589e-08
1.210000000000000000e+02 1.399632898506088393e-08 1.301932790693036000e-08 1.508362205229670078e-08
1.243889999999999958e+02 1.307016233187667978e-08 1.304599919294313151e-08 1.309183655018019539e-08
1.277780000000000058e+02 1.193704837195089620e-08 1.258497388718458654e-08 1.194379910220650570e-08
1.311670000000000016e+02 1.119260419246910875e-08 1.204957803395458444e-08 1.071094474357631274e-08
1.345550000000000068e+02 1.007601152346954495e-08 1.104223521704119720e-08 1.051290035948926386e-08
1.379439999999999884e+02 9.242736395351660992e-09 9.987712835228336126e-09 1.029461781942000491e-08
1.413329999999999984e+02 8.604038949221021345e-09 9.268834992628458039e-09 9.693120688150525166e-09
1.447220000000000084e+02 8.227322959566621084e-09 8.763620660408348071e-09 8.557756588634144417e-09
1.481109999999999900e+02 7.771230445014157684e-09 8.174741028406732761e-09 8.132146361866578344e-09
1.515000000000000000e+02 6.979168082681412797e-09 7.688132424619737163e-09 7.873708412698854847e-09
1.548890000000000100e+02 6.759356018389907172e-09 7.243879814863665450e-09 7.101997006746430023e-09
1.591740000000000066e+02 6.434558914631669691e-09 6.577476226915181977e-09 6.580143848453151960e-09
1.636930000000000121e+02 5.795541705499059231e-09 6.259211666613076860e-09 6.112899327887866651e-09
1.682129999999999939e+02 5.247749105592337670e-09 5.682947909786812499e-09 5.925544154620851626e-09
1.727319999999999993e+02 4.845836295620215914e-09 5.321151882403669476e-09 5.509465236976117497e-09
1.772510000000000048e+02 4.672390160119253514e-09 4.927722174700021182e-09 4.982969960180727421e-09
1.817700000000000102e+02 4.228715626535748596e-09 4.801240180243033349e-09 4.549904673221220901e-09
1.862889999999999873e+02 4.029297166429829065e-09 4.197337614773331138e-09 4.430276133796841373e-09
1.908079999999999927e+02 3.762707114542873727e-09 4.012248087389281136e-09 4.024541598067847469e-09
1.953280000000000030e+02 3.496564252544493468e-09 3.801205278912706667e-09 3.720828663542801421e-09
1.998470000000000084e+02 3.293829415441049774e-09 3.377764732929891416e-09 3.619404795966768675e-09
2.043660000000000139e+02 3.035676281845754253e-09 3.324297291842333793e-09 3.252591681979107652e-09
2.093530000000000086e+02 2.880959860954564920e-09 2.993954326371407676e-09 3.086047343174029165e-09
2.153789999999999907e+02 2.645147658437264361e-09 2.889020469193538858e-09 2.757534462369197170e-09
2.214060000000000059e+02 2.411675804775771929e-09 2.615247698661200870e-09 2.655166916563028545e-09
2.274319999999999879e+02 2.218740910665931939e-09 2.502058505498999394e-09 2.406225407207973332e-09
2.334590000000000032e+02 2.065500931243674073e-09 2.219596455173006163e-09 2.331587684682884737e-09
2.394850000000000136e+02 1.875085905262140404e-09 2.032515266979522851e-09 2.238010377758337485e-09
2.455109999999999957e+02 1.780414235527771425e-09 1.884346605170729339e-09 2.055451158801500252e-09
2.515380000000000109e+02 1.665605244669582926e-09 1.794817969278439873e-09 1.857327353617802848e-09
2.575640000000000214e+02 1.524189330231572108e-09 1.728599905212802240e-09 1.707232064555626068e-09
2.635910000000000082e+02 1.506216142234485494e-09 1.558684037548218925e-09 1.551196384407370074e-09
2.696170000000000186e+02 1.298057316677093074e-09 1.481809666276305699e-09 1.531400662046601947e-09
2.756440000000000055e+02 1.239063892906449235e-09 1.365964207987440664e-09 1.417594674106110274e-09
2.833330000000000268e+02 1.188846299468540327e-09 1.252485573491276246e-09 1.280505324040184197e-09
2.913700000000000045e+02 1.051574125028909539e-09 1.168398018286209040e-09 1.221375621684881609e-09
2.994060000000000059e+02 1.040025706621196009e-09 1.068917038040714062e-09 1.073726569838090557e-09
3.074420000000000073e+02 8.694852105862012139e-10 9.846633474770902625e-10 1.096841954436708854e-09
3.154789999999999850e+02 8.858636431800995476e-10 9.415865076325032247e-10 9.214052022731030207e-10
3.235149999999999864e+02 8.055401952805458857e-10 8.662950839234584728e-10 8.679760170053489171e-10
3.315509999999999877e+02 7.051196148525277406e-10 8.183806284891925943e-10 8.360644156959837981e-10
3.395880000000000223e+02 7.209109431928202759e-10 7.293456575648030977e-10 7.431464167423770864e-10
3.476240000000000236e+02 6.292640898631857508e-10 7.084466134828178756e-10 6.811464099570567152e-10
3.556610000000000014e+02 5.473511822392886164e-10 6.690982417660667067e-10 6.819635459946450474e-10
3.636970000000000027e+02 5.684966562988908415e-10 5.945948409782346113e-10 6.032306527228748779e-10
3.726580000000000155e+02 5.228538149221155117e-10 5.488314486043723951e-10 5.689326059735125253e-10
3.833740000000000236e+02 4.243152225287816522e-10 5.297061329400199796e-10 5.600448395311986074e-10
3.940910000000000082e+02 4.423426799915891664e-10 4.730327519518839436e-10 4.835197280565271959e-10
4.048079999999999927e+02 4.229464327780308645e-10 4.349608720451146913e-10 4.359425918768546166e-10
4.155240000000000009e+02 3.359606734782815330e-10 4.280299188002964529e-10 4.327190233214222148e-10
4.262409999999999854e+02 3.269759032114041631e-10 3.813449655189188730e-10 4.013210802696772875e-10
4.369569999999999936e+02 3.462765552283511443e-10 3.373311561939063689e-10 3.449387885777426944e-10
4.476739999999999782e+02 2.994099113768254984e-10 3.302680620386755724e-10 3.243850770844991609e-10
4.583910000000000196e+02 2.439986186109856385e-10 3.204438477784437883e-10 3.204275741105706872e-10
4.691070000000000277e+02 2.415175143519804042e-10 2.849677802941326406e-10 2.957628723538871225e-10
4.798240000000000123e+02 2.566506630342739849e-10 2.481239985382096274e-10 2.588784579275165059e-10
4.905409999999999968e+02 2.358079366631264846e-10 2.454688263434594144e-10 2.283470044934142122e-10
5.043389999999999986e+02 1.854746117760346520e-10 2.371724642325920674e-10 2.317599379913733457e-10
5.186299999999999955e+02 1.662456425955392536e-10 2.157488748349795436e-10 2.207588680694812728e-10
5.329199999999999591e+02 1.820126763009100770e-10 1.831627985341932560e-10 1.916633671148967560e-10
5.472110000000000127e+02 1.763048655913927645e-10 1.686802784170883738e-10 1.693444977915189547e-10
5.615019999999999527e+02 1.438980814031877209e-10 1.741501689254513053e-10 1.574442984213610614e-10
5.757930000000000064e+02 1.171239395735126602e-10 1.494160192982111433e-10 1.708548097442354778e-10
5.900839999999999463e+02 1.124610820909996090e-10 1.421517412516981729e-10 1.523494040038349008e-10
6.043750000000000000e+02 1.230443245133181583e-10 1.160988584350692577e-10 1.381017917016126826e-10
6.186660000000000537e+02 1.248204617113162250e-10 1.114142452774801349e-10 1.133346270612036881e-10
6.329569999999999936e+02 1.035694888343643264e-10 1.101293163650769045e-10 1.101335286005588509e-10
6.472480000000000473e+02 8.281371935993950512e-11 1.112604125877130054e-10 1.064502075023475370e-10
6.633460000000000036e+02 7.130031624013606700e-11 1.023115760193671531e-10 1.042020147904968315e-10
6.824039999999999964e+02 7.617826989885343905e-11 8.761147084619262595e-11 9.193848220495397570e-11
7.014610000000000127e+02 8.097210753399102046e-11 7.590509751927774460e-11 7.873916269061954147e-11
7.205180000000000291e+02 7.363564332381400572e-11 7.192723151594951433e-11 7.181226866023651330e-11
7.395750000000000455e+02 5.862338158280062807e-11 7.154346257295726339e-11 7.029580261424211720e-11
7.586319999999999482e+02 4.701187207356946553e-11 6.873349872341833451e-11 6.959563696301222388e-11
7.776900000000000546e+02 4.372016356163374380e-11 6.355232032042133291e-11 6.401918644294494055e-11
7.967469999999999573e+02 4.544043627357718559e-11 5.468126006160223643e-11 5.827799582482060549e-11
8.158039999999999736e+02 4.892627025686237098e-11 4.806141486322183026e-11 4.990868522235961195e-11
8.348609999999999900e+02 4.777366336869068568e-11 4.320561786477077093e-11 4.462805440653857191e-11
8.539180000000000064e+02 4.296929370831100419e-11 4.133491166191923093e-11 4.120391880476979897e-11
8.729759999999999991e+02 3.588198093730634268e-11 4.076120268566942827e-11 3.956716539702424106e-11
8.977309999999999945e+02 2.777959910475194378e-11 4.002929597432344501e-11 3.894377715092462743e-11
9.231449999999999818e+02 2.306611244561302899e-11 3.790227779683360055e-11 3.736817051255338646e-11
9.485579999999999927e+02 2.290072696905774791e-11 3.332414084600668734e-11 3.423988208460288846e-11
9.739710000000000036e+02 2.473565319657602293e-11 2.848620771328558847e-11 3.021363851613840526e-11
9.993840000000000146e+02 2.620478780827695844e-11 2.446810018567508894e-11 2.627347034354796389e-11
1.024799999999999955e+03 2.564015704038614825e-11 2.227539407160889956e-11 2.302070667100496327e-11
1.050210000000000036e+03 2.305892118877088419e-11 2.114386238048942106e-11 2.135360734173970252e-11
1.075619999999999891e+03 1.919153816475665795e-11 2.096109710245289542e-11 2.038134841329045436e-11
1.101039999999999964e+03 1.522715680649425849e-11 2.106337950708687512e-11 1.962825747791887236e-11
1.126450000000000045e+03 1.215173216886552236e-11 2.031672127252473534e-11 1.915709988610975169e-11
1.151859999999999900e+03 1.043720518919551443e-11 1.855178938517897089e-11 1.875329701162551940e-11
1.180779999999999973e+03 9.976851070904783538e-12 1.683504975912850402e-11 1.717758540851671731e-11
1.214670000000000073e+03 1.087564719785484926e-11 1.432355682145661129e-11 1.520743534828854980e-11
1.248559999999999945e+03 1.172393141966210629e-11 1.212953888090230423e-11 1.329930671158559578e-11
1.282450000000000045e+03 1.192988559639493975e-11 1.068274368811260468e-11 1.153598229129246397e-11
1.316339999999999918e+03 1.128223220528161096e-11 9.936141268369513714e-12 1.026357249139888015e-11
1.350230000000000018e+03 9.886337704047687101e-12 9.426917017049779606e-12 9.687240783802538082e-12
1.384119999999999891e+03 8.326056389751954488e-12 9.429848777004443560e-12 8.975816110546960935e-12
1.418009999999999991e+03 6.482874833933315730e-12 9.266222766818200312e-12 8.877535151001749430e-12
1.451900000000000091e+03 5.430135879994456928e-12 9.084302267692294361e-12 8.227319747028251042e-12
1.485789999999999964e+03 4.262101332959864262e-12 7.942935363428880034e-12 8.771208514751257757e-12
1.519670000000000073e+03 3.724453302759432351e-12 7.468123591775275665e-12 8.160754552490296844e-12
1.553559999999999945e+03 3.645065410025318061e-12 6.898073195281152042e-12 7.290328003383532367e-12
1.597980000000000018e+03 3.821265693128072535e-12 5.903978219431609379e-12 6.662331581635319400e-12
1.643170000000000073e+03 4.186708139751078105e-12 5.294477601345008703e-12 5.562021139693916046e-12
1.688359999999999900e+03 4.317481361224735362e-12 4.612831311056231967e-12 4.891732263195035169e-12
1.733549999999999955e+03 4.339622699349654270e-12 3.919070863580111152e-12 4.452046364302235631e-12
1.778740000000000009e+03 4.179399383009255633e-12 3.628765248187987945e-12 3.888646881855257518e-12
1.823930000000000064e+03 3.844369743022649505e-12 3.461398081477893990e-12 3.450883880426458853e-12
1.869130000000000109e+03 3.417732067379329414e-12 3.447944404557884793e-12 3.051892222189788272e-12
1.914319999999999936e+03 2.917326209350777889e-12 3.462033133844194236e-12 2.756626517035529188e-12
1.959509999999999991e+03 2.420196945166499725e-12 2.948248794542676512e-12 3.050009123328483003e-12
2.004700000000000045e+03 2.089336449331749169e-12 2.538638974437177495e-12 3.122196929777175243e-12
2.049889999999999873e+03 1.683638001475818995e-12 3.278413474906390810e-12 2.185001536918440491e-12
2.101840000000000146e+03 1.291044527560505382e-12 2.780063888025763745e-12 2.497418301998831365e-12
2.162110000000000127e+03 1.045324012346506426e-12 2.456507935693351534e-12 2.521728103083193467e-12
2.222369999999999891e+03 9.475854060142304811e-13 1.911787389565185224e-12 2.669689554364964894e-12
2.282630000000000109e+03 9.785346587836664681e-13 1.863504142076814009e-12 2.229292995548725646e-12
2.342900000000000091e+03 8.695467613355003588e-13 2.162428395014463693e-12 1.634904550910541306e-12
2.403159999999999854e+03 8.505826675727592405e-13 1.439256838222370064e-12 2.001205287310466808e-12
2.463429999999999836e+03 9.046036797622645827e-13 1.632674742947388289e-12 1.410304257857502728e-12
2.523690000000000055e+03 8.957682515590019301e-13 1.171336540734035428e-12 1.561482440144311151e-12
2.583960000000000036e+03 8.849230694254028496e-13 1.213798734398926961e-12 1.244955220709583242e-12
2.644219999999999800e+03 9.143994710525866008e-13 1.054069137264758677e-12 1.108736646848157386e-12
2.704480000000000018e+03 8.908768833632414406e-13 8.950266360040817797e-13 1.043415859613532700e-12
2.764750000000000000e+03 8.621521862539470880e-13 8.186499893890294399e-13 9.264662443284977702e-13
2.844420000000000073e+03 8.342671606717840462e-13 7.290859304227801592e-13 8.243541972461272396e-13
2.924780000000000200e+03 7.959727031254778457e-13 6.858729581156505123e-13 7.066594549672310142e-13
3.005150000000000091e+03 7.448942228627139161e-13 6.018658511553583275e-13 6.609858725785439031e-13
3.085510000000000218e+03 6.763183876251845447e-13 5.558735303606852715e-13 6.111784993151077504e-13
3.165869999999999891e+03 6.170034309154707301e-13 5.395883193026704116e-13 5.343666171001532716e-13
3.246239999999999782e+03 5.602533159937787218e-13 5.119197460429013979e-13 4.841712715066075340e-13
3.326599999999999909e+03 4.988234758814208968e-13 4.785883640263069083e-13 4.529573768025558722e-13
3.406960000000000036e+03 4.385591975269805298e-13 4.491640993524029243e-13 4.273506290361220274e-13
3.487329999999999927e+03 3.823474030625231219e-13 4.223960662023862527e-13 4.030532561005859032e-13
3.567690000000000055e+03 3.330389838383184957e-13 3.974027610660615391e-13 3.814879507672746933e-13
3.648050000000000182e+03 2.899357124060778655e-13 3.730656063034862666e-13 3.590510050594347591e-13
3.741360000000000127e+03 2.463827830530006903e-13 3.504359245576742950e-13 3.406486250491122650e-13
3.848519999999999982e+03 2.024307763664666976e-13 3.295734785370030088e-13 3.265710498098834022e-13
3.955690000000000055e+03 1.670892931716217691e-13 3.091518359564403863e-13 3.092737629596670078e-13
4.062860000000000127e+03 1.401929935706213029e-13 2.888077126054502815e-13 2.927209042258549692e-13
4.170020000000000437e+03 1.201756336630986512e-13 2.686550979856414187e-13 2.733559184227902155e-13
4.277189999999999600e+03 1.067329770438698333e-13 2.531004570059395942e-13 2.481431907113411315e-13
4.384359999999999673e+03 9.630430572478773405e-14 2.421328236008539471e-13 2.200264530014023788e-13
4.491520000000000437e+03 8.243990332774211932e-14 2.260176942288650871e-13 2.038666115318553529e-13
4.598689999999999600e+03 6.640839856362652843e-14 2.004318308709921766e-13 2.044714569238350581e-13
4.705859999999999673e+03 5.998596148295040914e-14 1.817559880912628919e-13 1.912176614219074780e-13
4.813020000000000437e+03 6.095248767966644611e-14 1.740621446894667891e-13 1.622180723552771106e-13
4.920189999999999600e+03 5.257897559422254355e-14 1.538593535198945229e-13 1.589106711306713006e-13
5.063100000000000364e+03 4.756606057605551756e-14 1.360175039364074158e-13 1.505839970502255562e-13
5.206010000000000218e+03 4.620538954385383764e-14 1.252997469022338882e-13 1.344509511145515491e-13
5.348920000000000073e+03 4.757390150161485581e-14 1.171559494449657846e-13 1.156533344389551606e-13
5.491819999999999709e+03 4.647919375052072032e-14 1.017328106147986563e-13 1.089250722666676006e-13
5.634729999999999563e+03 4.346280400809096628e-14 8.964319276506848478e-14 1.023876420641914939e-13
5.777640000000000327e+03 4.363730991760129082e-14 8.484334403595375443e-14 8.802312765071173260e-14
5.920550000000000182e+03 4.290178662815062046e-14 7.283754136603262407e-14 8.299841820896243230e-14
6.063460000000000036e+03 4.114569953361953019e-14 6.719132712080999262e-14 7.414943055699376456e-14
6.206369999999999891e+03 4.049045201621140744e-14 5.948497077504530406e-14 6.734108412802866711e-14
6.349279999999999745e+03 3.896961070824777511e-14 5.418604285299282300e-14 6.067635227446292254e-14
6.492189999999999600e+03 3.768297261938267667e-14 4.773673713150898919e-14 5.578412445359892597e-14
6.659750000000000000e+03 3.649961374609080688e-14 4.433591574229338627e-14 4.851441145857226030e-14
6.850319999999999709e+03 3.509860464881430456e-14 3.695176751893841427e-14 4.600958553507780443e-14
7.040890000000000327e+03 3.388907827505012181e-14 3.607271902128464809e-14 3.839544213552800056e-14
7.231470000000000255e+03 3.247539932806702971e-14 2.961284990550232453e-14 3.715716805674077839e-14
7.422039999999999964e+03 3.083012602415544062e-14 2.907038143418110025e-14 3.107059525864250657e-14
7.612609999999999673e+03 2.935062112098919159e-14 2.353224390562278443e-14 3.055707256250130881e-14
7.803180000000000291e+03 2.757751452343387394e-14 2.493198316132934770e-14 2.390444029383430095e-14
7.993750000000000000e+03 2.615508824009634821e-14 1.716052149577472566e-14 2.694612672729719500e-14
8.184329999999999927e+03 2.431755197064707867e-14 2.282465323440257043e-14 1.732410495857211908e-14
8.374899999999999636e+03 2.308851367304489608e-14 1.301916708754420444e-14 2.305126217191063549e-14
8.565469999999999345e+03 2.110734358729424938e-14 1.721596009389087161e-14 1.587030367098871731e-14
8.758229999999999563e+03 1.995405504087364607e-14 1.559921774492211014e-14 1.423204003829952987e-14
9.012370000000000800e+03 1.834813111273137962e-14 1.050184721683032982e-14 1.664246879529114671e-14
9.266500000000000000e+03 1.702430336501694823e-14 1.516584116223049565e-14 9.422790069236269254e-15
9.520629999999999200e+03 1.591071817376294250e-14 6.164887008755577860e-15 1.602343516943642119e-14
9.774760000000000218e+03 1.410314136556070457e-14 1.403996593064295396e-14 6.676069890445134144e-15
1.002889999999999964e+04 1.374769420459559123e-14 7.080675798158151466e-15 1.116285955006960534e-14
1.028300000000000000e+04 1.202073879035310359e-14 6.456589675267719987e-15 1.084339632666589212e-14
1.053720000000000073e+04 1.102812513922213550e-14 1.192330100640601136e-14 3.936908802082404773e-15
1.079129999999999927e+04 1.070502329782477675e-14 4.461946117250102440e-15 9.446449160294980779e-15
1.104539999999999964e+04 9.181199226851758991e-15 4.558477928362952939e-15 8.886947324507634305e-15
1.129960000000000036e+04 8.270178783536591270e-15 9.856943585618514806e-15 2.617515097311047773e-15
1.155370000000000073e+04 8.218807674830859894e-15 5.452273499836241061e-15 5.353776109336797445e-15
1.185460000000000036e+04 7.123952127009875331e-15 2.001339595537263156e-15 8.284494660335714543e-15
1.219350000000000000e+04 6.046626648924244598e-15 7.793016265599702759e-15 2.020093761459148294e-15
1.253239999999999964e+04 6.198421086976357732e-15 4.414678019435289722e-15 3.932394582113535810e-15
1.287129999999999927e+04 5.307256003976332389e-15 1.180317177605395301e-15 6.821636876995911885e-15
1.321010000000000036e+04 4.352022632214941940e-15 5.575156476724261696e-15 2.261326120519813893e-15
1.354900000000000000e+04 4.445086646247333875e-15 5.426018415049431653e-15 1.297984644492930261e-15
1.388789999999999964e+04 4.222858465264726369e-15 1.144643155019058310e-15 4.844453661340797883e-15
1.422679999999999927e+04 3.339538221782937815e-15 1.538176892727690350e-15 4.504411649204626910e-15
1.456570000000000073e+04 2.855980922966238633e-15 4.621642727386622344e-15 1.121957553206289493e-15
1.490460000000000036e+04 2.970591683565898709e-15 4.213173004887357799e-15 6.823757320055402451e-16
1.524350000000000000e+04 2.909749243852218957e-15 1.304386119347625629e-15 3.012958445966839204e-15
1.559020000000000073e+04 2.357985744048054981e-15 3.928320965527615442e-16 3.867487282954777675e-15
1.604210000000000036e+04 1.798404068658902789e-15 2.841040137567653192e-15 1.401637665503836053e-15
1.649400000000000000e+04 1.886704543671630062e-15 3.448550928196522990e-15 1.849861177331663130e-16
1.694590000000000146e+04 1.940302003981875238e-15 1.184224437407656073e-15 1.924275396954527358e-15
1.739779999999999927e+04 1.538859799374514514e-15 1.822356066142111204e-16 2.883908638449227853e-15
1.784979999999999927e+04 1.131432049575147474e-15 1.510928851400530724e-15 1.584924663995123808e-15
1.830170000000000073e+04 1.075720972136966879e-15 2.639123531689512407e-15 1.554092214260721390e-16
1.875359999999999854e+04 1.198971572902587618e-15 2.019989001958322837e-15 3.262267230926806904e-16
1.920550000000000000e+04 1.167411467238331390e-15 6.446533021409719781e-16 1.427460107322126960e-15
1.965740000000000146e+04 9.325362783007478980e-16 6.907707284828749076e-17 1.973578716111195239e-15
2.010929999999999927e+04 6.708155282752959873e-16 5.942904181959792024e-16 1.459726886781405623e-15
2.056129999999999927e+04 5.523810959422285944e-16 1.413835410366149545e-15 5.301671720169623346e-16
2.110150000000000000e+04 6.006465240920890806e-16 1.685863477982549282e-15 -1.542318723560739935e-17
2.170420000000000073e+04 6.836138244772676130e-16 9.700671895019399635e-16 4.264041526563861804e-16
2.230679999999999927e+04 6.112595895200176529e-16 1.710203252453503915e-16 1.116352566466509795e-15
2.290950000000000000e+04 4.346735619870152119e-16 9.233899113826545477e-17 1.207665488409457013e-15
2.351209999999999854e+04 2.985374087500825234e-16 5.768715941544303031e-16 7.107674450204924144e-16
2.411470000000000073e+04 2.716246050503720457e-16 1.012044344242445020e-15 1.625637021680269901e-16
2.471740000000000146e+04 3.181689876826483042e-16 1.030139779215220318e-15 -2.059798060624214928e-17
2.532000000000000000e+04 3.573556776272807271e-16 6.819341323528842105e-16 1.750815297203960892e-16
2.592270000000000073e+04 3.430287434627419753e-16 2.665490374553803885e-16 5.015525058085629800e-16
2.652529999999999927e+04 2.778223269613050525e-16 3.216789514866101381e-17 7.039221041438425773e-16
2.712800000000000000e+04 1.977714365330388996e-16 4.686679638872537022e-17 6.853789758293183205e-16
2.775140000000000146e+04 1.335246477568648447e-16 2.324980498766926957e-16 4.839417080940882082e-16
2.855500000000000000e+04 1.068935212939680052e-16 4.959375648002714363e-16 1.715758893391289859e-16
2.935870000000000073e+04 1.264923717507926202e-16 5.833595250780023334e-16 -3.565260645237930675e-18
3.016229999999999927e+04 1.549013219001076393e-16 4.652065959753804022e-16 2.173226793478022798e-17
3.096590000000000146e+04 1.647121327919860457e-16 2.569356608380561768e-16 1.667236664626888128e-16
3.176959999999999854e+04 1.465622986791224643e-16 8.001147036490358523e-17 3.105227858520671591e-16
3.257320000000000073e+04 1.112448145819910422e-16 5.377483564717513541e-18 3.740713449020462408e-16
3.337680000000000291e+04 7.405870869304741059e-17 3.146773285779166424e-17 3.413193579444353197e-16
3.418050000000000000e+04 4.762958137988105917e-17 1.146550480066099273e-16 2.476407184755626231e-16
3.498409999999999854e+04 3.552880690880010167e-17 2.023787466469335831e-16 1.363830541088563774e-16
3.578780000000000291e+04 3.599279553265834219e-17 2.582616635947320343e-16 4.764776684896246544e-17
3.659140000000000146e+04 4.334474099653212759e-17 2.672751885220896584e-16 3.430509568421842957e-19
3.756140000000000146e+04 5.486715803327234954e-17 2.317585945786297992e-16 -2.131929134388528715e-18
3.863309999999999854e+04 6.217578671138764837e-17 1.555191361964200925e-16 4.106574606593440356e-17
3.970469999999999709e+04 6.031481736314076387e-17 7.719434870622849614e-17 9.807683961086929758e-17
4.077640000000000146e+04 5.084367836832967536e-17 2.298718613907479204e-17 1.408626684506144654e-16
4.184800000000000000e+04 3.771971626727095841e-17 1.640418968315959413e-18 1.564235524170151233e-16
4.291969999999999709e+04 2.481108509356448552e-17 8.299671777357288039e-18 1.446821952449284826e-16
4.399140000000000146e+04 1.511060424752034841e-17 3.157035284335970127e-17 1.160870458672626534e-16
4.506300000000000000e+04 9.367197672566454767e-18 5.923077094240384267e-17 7.981485924797403949e-17
4.613469999999999709e+04 7.406799005092072733e-18 8.222481226468755394e-17 4.572459587710475217e-17
4.720640000000000146e+04 8.167618927913058036e-18 9.524905983018779609e-17 1.953871863945842702e-17
4.827800000000000000e+04 1.046389603379138753e-17 9.814136636549223545e-17 3.761990432265422598e-18
4.939900000000000000e+04 1.326521351331446029e-17 9.139475662931226477e-17 -2.365154252599831256e-18
5.082809999999999854e+04 1.645344870279071726e-17 7.504359644276083786e-17 1.426498378418091067e-18
5.225719999999999709e+04 1.788951954197368865e-17 5.345313930531147306e-17 1.265736719946648519e-17
5.368630000000000291e+04 1.767654572327921374e-17 3.314483486230101264e-17 2.599099344586067860e-17
5.511540000000000146e+04 1.585090828765706144e-17 1.676876724303668232e-17 3.718104568098695360e-17
5.654450000000000000e+04 1.312275503590100242e-17 6.126207271840756354e-18 4.423121511025733500e-17
5.797350000000000000e+04 1.007498475052482829e-17 1.055529137817656506e-18 4.662920277493296553e-17
5.940259999999999854e+04 7.138687050415344518e-18 4.682447824026052159e-19 4.471526534163567592e-17
6.083169999999999709e+04 4.708530924006028696e-18 2.914538090222948594e-18 4.017111295263948618e-17
6.226080000000000291e+04 2.836087685156675214e-18 6.950653580069270845e-18 3.364278002496776346e-17
6.368990000000000146e+04 1.568154303716708979e-18 1.135331205916424724e-17 2.638203416726069772e-17
6.511900000000000000e+04 8.562228661997513539e-19 1.542609420359769781e-17 1.957495983452771118e-17
6.686039999999999418e+04 5.771228893385270565e-19 1.940126117282494203e-17 1.249598236013619300e-17
6.876610000000000582e+04 7.668516221472587008e-19 2.210143954419010830e-17 6.550821753780121702e-18
7.067180000000000291e+04 1.234951511133283283e-18 2.290097370730939023e-17 2.537371529711215060e-18
7.257750000000000000e+04 1.791776360335266967e-18 2.209060631125669229e-17 3.168766239090659147e-19
7.448319999999999709e+04 2.291791614749477894e-18 1.999354660397212961e-17 -4.501676495295439835e-19
7.638900000000000000e+04 2.694232218655264370e-18 1.740445353876609522e-17 -1.840721244377546801e-19
7.829469999999999709e+04 2.926509281643194134e-18 1.439261593190852482e-17 7.233739117594987567e-19
8.020039999999999418e+04 3.004191771186047860e-18 1.141085892132573545e-17 1.933379306262503247e-18
8.210610000000000582e+04 2.931760884320378216e-18 8.629493411886083749e-18 3.177706999540968561e-18
8.401180000000000291e+04 2.777332840768863386e-18 6.293554821305145993e-18 4.326643992545248894e-18
8.591760000000000582e+04 2.530951209277203728e-18 4.338718576565482927e-18 5.230571479526168852e-18
8.793289999999999418e+04 2.237011904539216973e-18 2.758400553003273445e-18 5.929447014906053338e-18
9.047419999999999709e+04 1.888991308232685270e-18 1.406477601893873056e-18 6.561026249257928290e-18
9.301550000000000000e+04 1.518415000595337437e-18 5.689230630661749863e-19 6.737991917655057881e-18
9.555680000000000291e+04 1.186776052728726586e-18 1.521772264472349271e-19 6.661943042222656523e-18
9.809810000000000582e+04 8.825159881115131470e-19 3.368503334140065764e-20 6.278469080506671845e-18
1.006390000000000000e+05 6.281947727153375096e-19 1.160618559810156684e-19 5.741584277263351744e-18
