1.017789999999999928e+01 8.531395934763094560e-06 8.447912418685462243e-06 8.415045566102350610e-06
1.043200000000000038e+01 7.961333208225165588e-06 8.096097961932916150e-06 8.033238462812307548e-06
1.068609999999999971e+01 7.574691064731419159e-06 7.616474271971871412e-06 7.629241832494424848e-06
1.094030000000000058e+01 7.246081761494811422e-06 7.201353037226787135e-06 7.181752013318307246e-06
1.119439999999999991e+01 6.743136337207250185e-06 6.923240728571662100e-06 6.899778551902074212e-06
1.144849999999999923e+01 6.475150888335902775e-06 6.519106810035312707e-06 6.506731311208654360e-06
1.171439999999999948e+01 6.210926340171000230e-06 6.144430222827769441e-06 6.150976602330811783e-06
1.205320000000000036e+01 5.940193052031635088e-06 5.695223741781953452e-06 5.670480645608871160e-06
1.239209999999999923e+01 5.590306034025140092e-06 5.322948661150658907e-06 5.282032301187812363e-06
1.273099999999999987e+01 5.374547579897575264e-06 4.933191236114088160e-06 4.917758408034491665e-06
1.306990000000000052e+01 4.905830388043989188e-06 4.702305145441710942e-06 4.686592183771734542e-06
1.340879999999999939e+01 4.416730916797776623e-06 4.512159711887875013e-06 4.532240833327986181e-06
1.374770000000000003e+01 4.385879887615629690e-06 4.155387923590904985e-06 4.140339324751279167e-06
1.408660000000000068e+01 4.043966619650898112e-06 3.954438903010472692e-06 3.961737381685677069e-06
1.442549999999999955e+01 3.758825628375109089e-06 3.765467028945421356e-06 3.768409295961206785e-06
1.476440000000000019e+01 3.686630076796570360e-06 3.513580570392159469e-06 3.473265924238904699e-06
1.510330000000000084e+01 3.324133626803164131e-06 3.380958273718044279e-06 3.390362305597416285e-06
1.544209999999999994e+01 3.109122496226784057e-06 3.249419718669738283e-06 3.231036691489529424e-06
1.585510000000000019e+01 2.976427660089249281e-06 2.994609500665489896e-06 2.989917695971826184e-06
1.630699999999999861e+01 2.659580040563131997e-06 2.838659411673462202e-06 2.877841458083613628e-06
1.675890000000000057e+01 2.568828902672699480e-06 2.628644071224232500e-06 2.637525872542900674e-06
1.721079999999999899e+01 2.428700631168874225e-06 2.450327946176073598e-06 2.457999238496264324e-06
1.766280000000000072e+01 2.170867859891325384e-06 2.340786731635494024e-06 2.370328892170944564e-06
1.811469999999999914e+01 2.114339662587560402e-06 2.177187275374026235e-06 2.169689135710420331e-06
1.856660000000000110e+01 2.003432863379448363e-06 2.033235755648819688e-06 2.035946973839492548e-06
1.901849999999999952e+01 1.889507266150330738e-06 1.903895964569623588e-06 1.918350906466677593e-06
1.947040000000000148e+01 1.751833301105942746e-06 1.806976727135105339e-06 1.821414479232068549e-06
1.992229999999999990e+01 1.634899640148668867e-06 1.711479930509131051e-06 1.725934605010714463e-06
2.037430000000000163e+01 1.554034015734816863e-06 1.609508604901088984e-06 1.622957968302667910e-06
2.085219999999999985e+01 1.487306408755143096e-06 1.508894637290086755e-06 1.511337372978975774e-06
2.145479999999999876e+01 1.348652944492116066e-06 1.424709183361200317e-06 1.423776403323235485e-06
2.205750000000000099e+01 1.273499588720831764e-06 1.318952845483792965e-06 1.326945799218827959e-06
2.266009999999999991e+01 1.185177217852560623e-06 1.235796777309839090e-06 1.240841242649322902e-06
2.326269999999999882e+01 1.140985655476394321e-06 1.140671003135406576e-06 1.144677656272980373e-06
2.386540000000000106e+01 1.033003247486279416e-06 1.088169801578741669e-06 1.088174417802017875e-06
2.446799999999999997e+01 9.801917377496353208e-07 1.008415256109891748e-06 1.021007461808332339e-06
2.507069999999999865e+01 9.274199915419554986e-07 9.455791853830077407e-07 9.519147205187962198e-07
2.567330000000000112e+01 8.821302832276379268e-07 8.840087177344741178e-07 8.881263985890438201e-07
2.627590000000000003e+01 8.274216168751010441e-07 8.324901662267110999e-07 8.362397708634149766e-07
2.687859999999999872e+01 7.510491297286193382e-07 7.965390569382412709e-07 7.999459728230505456e-07
2.748120000000000118e+01 7.131302659996132163e-07 7.425231638764587065e-07 7.565060693325338823e-07
2.822250000000000014e+01 6.785259164308714032e-07 6.932821587197671646e-07 6.917582546978194787e-07
2.902609999999999957e+01 6.411047851327362932e-07 6.435770258961092465e-07 6.425838791114850635e-07
2.982979999999999876e+01 5.681843756973163645e-07 6.103146615928347968e-07 6.178244061056951578e-07
3.063340000000000174e+01 5.349199137383253512e-07 5.604182138912364876e-07 5.833709979575881429e-07
3.143700000000000117e+01 5.124470556275455054e-07 5.269895360529954042e-07 5.294898186459565239e-07
3.224069999999999681e+01 4.952736646865179974e-07 4.884636411295289073e-07 4.860566259649308136e-07
3.304429999999999978e+01 4.441351610269040705e-07 4.726214946983517446e-07 4.546208329155420616e-07
3.384790000000000276e+01 4.321703816825586740e-07 4.312306685234074582e-07 4.279203500584659020e-07
3.465160000000000196e+01 3.993114802036727404e-07 4.062792236358875350e-07 4.065574686574730443e-07
3.545519999999999783e+01 3.685281446633323286e-07 3.846542725545738369e-07 3.857922677632896919e-07
3.625880000000000081e+01 3.556113984518454723e-07 3.580232690214515583e-07 3.577228119605641439e-07
3.711789999999999878e+01 3.244104845512183768e-07 3.392271859904123386e-07 3.418041529171983278e-07
3.818959999999999866e+01 3.092188425104028306e-07 3.135217874508458740e-07 3.129339157929860489e-07
3.926129999999999853e+01 2.751560203690891528e-07 2.985564125356448447e-07 2.979544779825260636e-07
4.033290000000000219e+01 2.738566770482352521e-07 2.689942688827870013e-07 2.702148770276485766e-07
4.140460000000000207e+01 2.565392352528305176e-07 2.512695480217454013e-07 2.525883916277211359e-07
4.247630000000000194e+01 2.285802311445716796e-07 2.423250708409389523e-07 2.392923565476550719e-07
4.354789999999999850e+01 2.205357873257672620e-07 2.216037719978971319e-07 2.233436200273928496e-07
4.461959999999999837e+01 2.040487158059219663e-07 2.093919110234452049e-07 2.092482097836872566e-07
4.569129999999999825e+01 1.895370880444493907e-07 1.966354375180574312e-07 1.980588642086836891e-07
4.676290000000000191e+01 1.833321088849986165e-07 1.828416436025601729e-07 1.824471779583581427e-07
4.783460000000000178e+01 1.672396144074513656e-07 1.736044597488342684e-07 1.744305795831970240e-07
4.890630000000000166e+01 1.591546767325121480e-07 1.629514035256631088e-07 1.627532323987521116e-07
5.023669999999999902e+01 1.497420754959071113e-07 1.510197836767759023e-07 1.504492467845526919e-07
5.166579999999999728e+01 1.365552507874896292e-07 1.412642910417589463e-07 1.417601457064432294e-07
5.309490000000000265e+01 1.301826206616988493e-07 1.295142978256062128e-07 1.310436314554923415e-07
5.452400000000000091e+01 1.160404508930039697e-07 1.244194884861102172e-07 1.218653435684575883e-07
5.595309999999999917e+01 1.160036110936603797e-07 1.133651853347896193e-07 1.125918972187171454e-07
5.738219999999999743e+01 1.021728113908975529e-07 1.086841219715276375e-07 1.083391336386138674e-07
5.881130000000000280e+01 9.803499717861934967e-08 1.010631414515294861e-07 1.002221950346695631e-07
6.024040000000000106e+01 9.250899592544063631e-08 9.373510213174692031e-08 9.314783979624905348e-08
6.166949999999999932e+01 8.586647444312653867e-08 8.845337457283089707e-08 8.829203746185941445e-08
6.309859999999999758e+01 8.072212550735668474e-08 8.302869900841129050e-08 8.308230937090819528e-08
6.452760000000000673e+01 7.505634915789411729e-08 7.809502090947394494e-08 7.812856936746152320e-08
6.607179999999999609e+01 7.010795756878904073e-08 7.322469192044657625e-08 7.331086880320360931e-08
6.797750000000000625e+01 6.551405831612661786e-08 6.778816201286984833e-08 6.875798341512157364e-08
6.988320000000000221e+01 6.184716192514238122e-08 6.064089110730910376e-08 6.344337579926497896e-08
7.178889999999999816e+01 5.499723264792457236e-08 5.972434432883183839e-08 5.992346237046099830e-08
7.369469999999999743e+01 5.374738126574487811e-08 5.402861851891112170e-08 5.695275099662152691e-08
7.560039999999999338e+01 5.083024366189921971e-08 5.149464134268335871e-08 5.063398814714070529e-08
7.750610000000000355e+01 4.690203901328408511e-08 4.757588423418742911e-08 4.799348652320655498e-08
7.941179999999999950e+01 4.216028323066421325e-08 4.550783894923590386e-08 4.546616379773996478e-08
8.131749999999999545e+01 3.978941450765730482e-08 4.221512212203925337e-08 4.268972976746159693e-08
8.322329999999999472e+01 3.792922094228720764e-08 3.910141737276401085e-08 3.973749218014694579e-08
8.512900000000000489e+01 3.730052801733902190e-08 3.646571471682022523e-08 3.729032977679522236e-08
8.703470000000000084e+01 3.318117967379139491e-08 3.503534739682977136e-08 3.490142019119592061e-08
8.942260000000000275e+01 3.087312999729894725e-08 3.228426870007842108e-08 3.265169989381646968e-08
9.196389999999999532e+01 2.925085207815055270e-08 3.018834105291014953e-08 2.971715457154112928e-08
9.450520000000000209e+01 2.619144039377806076e-08 2.595636735277783935e-08 2.831338583294240573e-08
9.704659999999999798e+01 2.438625324723693513e-08 2.614999440573382156e-08 2.680950179087921526e-08
9.958790000000000475e+01 2.347579160645035540e-08 2.446361159695946455e-08 2.423873143741446099e-08
1.021290000000000049e+02 2.222679755602186685e-08 2.273474616735643540e-08 2.282374757195800023e-08
1.046710000000000065e+02 2.067534141642607434e-08 2.127275418847994730e-08 2.134467081497514331e-08
1.072120000000000033e+02 1.929235899037284215e-08 1.967892661328966585e-08 2.016637968699047092e-08
1.097530000000000001e+02 1.818818118302658338e-08 1.836600103294258450e-08 1.891320321442046852e-08
1.122939999999999969e+02 1.690293907180246310e-08 1.738841273383762038e-08 1.896447614346565269e-08
1.148359999999999985e+02 1.584267472402010955e-08 1.600555564246946615e-08 1.680253888727029445e-08
1.176110000000000042e+02 1.477409015646418017e-08 1.528460587030209445e-08 1.558464943823847291e-08
1.210000000000000000e+02 1.399892001440337453e-08 1.302174841389677154e-08 1.508649632275004561e-08
1.243889999999999958e+02 1.307284720589089736e-08 1.304869967631232838e-08 1.309457129279677867e-08
1.277780000000000058e+02 1.193974071551556714e-08 1.258784895406469997e-08 1.194653040079438313e-08
1.311670000000000016e+02 1.119535662973996852e-08 1.205258936533194263e-08 1.071361788492809242e-08
1.345550000000000068e+02 1.007869068300894537e-08 1.104524562123891226e-08 1.051576224575214712e-08
1.379439999999999884e+02 9.245387059459883520e-09 9.990661600363616608e-09 1.029766374017650411e-08
1.413329999999999984e+02 8.606703568703152074e-09 9.271772992087417580e-09 9.696204514209436222e-09
1.447220000000000084e+02 8.230102011758292336e-09 8.766610065440084451e-09 8.560669961086669857e-09
1.481109999999999900e+02 7.774058051024489796e-09 8.177735455006622872e-09 8.135128314430699406e-09
1.515000000000000000e+02 6.981878923230219736e-09 7.691160885717556283e-09 7.876815611052225630e-09
1.548890000000000100e+02 6.762167819917468711e-09 7.246916957240393268e-09 7.104973032842142723e-09
1.591740000000000066e+02 6.437406225299525450e-09 6.580391746858285315e-09 6.583061052842192312e-09
1.636930000000000121e+02 5.798227547494599574e-09 6.262125163389737463e-09 6.115744439115666734e-09
1.682129999999999939e+02 5.250318353726530150e-09 5.685740756450521181e-09 5.928459454822950438e-09
1.727319999999999993e+02 4.848330134898370344e-09 5.323894395812771686e-09 5.512307914288859055e-09
1.772510000000000048e+02 4.674920913479868542e-09 4.930391192931332150e-09 4.985669133588800700e-09
1.817700000000000102e+02 4.231124398029316556e-09 4.803977434236299750e-09 4.552495622734386627e-09
1.862889999999999873e+02 4.031707059431988372e-09 4.199844384735114266e-09 4.432923715832899053e-09
1.908079999999999927e+02 3.765068105890586739e-09 4.014760861505811586e-09 4.027060982603603267e-09
1.953280000000000030e+02 3.498870155454345809e-09 3.803706213818758047e-09 3.723275640726897376e-09
1.998470000000000084e+02 3.296106049124943918e-09 3.380087240302237907e-09 3.621895914650715308e-09
2.043660000000000139e+02 3.037880093865814992e-09 3.326699398486824769e-09 3.254939515833817850e-09
2.093530000000000086e+02 2.883143506505390374e-09 2.996206555988034149e-09 3.088369087006576503e-09
2.153789999999999907e+02 2.647223611916502245e-09 2.891277823535957832e-09 2.759682799547541501e-09
2.214060000000000059e+02 2.413638360699437958e-09 2.617361790275102134e-09 2.657310974025460986e-09
2.274319999999999879e+02 2.220610300981409616e-09 2.504151083318568934e-09 2.408237694997782451e-09
2.334590000000000032e+02 2.067304151897409394e-09 2.221520430178246306e-09 2.333606187458181051e-09
2.394850000000000136e+02 1.876783446076952088e-09 2.034339437469581523e-09 2.240018881453467033e-09
2.455109999999999957e+02 1.782084299473172223e-09 1.886098970864491104e-09 2.057360224162337030e-09
2.515380000000000109e+02 1.667222638191132740e-09 1.796549338710756423e-09 1.859117811281013723e-09
2.575640000000000214e+02 1.525730311808851679e-09 1.730324760490145856e-09 1.708935377701003058e-09
2.635910000000000082e+02 1.507786139482767263e-09 1.560299574565953670e-09 1.552806958390055727e-09
2.696170000000000186e+02 1.299473681913980458e-09 1.483402070742320137e-09 1.533041177343699917e-09
2.756440000000000055e+02 1.240461551333436192e-09 1.367490188794789595e-09 1.419172769871774706e-09
2.833330000000000268e+02 1.190222994464133637e-09 1.253920857694214659e-09 1.281973133841651918e-09
2.913700000000000045e+02 1.052830091580596319e-09 1.169773420296988982e-09 1.222810893122414982e-09
2.994060000000000059e+02 1.041291236780437871e-09 1.070212954541706785e-09 1.075026057677856057e-09
3.074420000000000073e+02 8.705862225233708145e-10 9.858842432655196118e-10 1.098198952711109964e-09
3.154789999999999850e+02 8.870029039194249661e-10 9.427923571107486717e-10 9.225829496633754813e-10
3.235149999999999864e+02 8.066091631389789399e-10 8.674310243353604688e-10 8.691150358399158880e-10
3.315509999999999877e+02 7.060899600639312556e-10 8.194831349854755911e-10 8.371886448996782359e-10
3.395880000000000223e+02 7.219177876383840521e-10 7.303624472320063476e-10 7.441807131296100000e-10
3.476240000000000236e+02 6.301762204724092626e-10 7.094593515341730693e-10 6.821228674801456200e-10
3.556610000000000014e+02 5.481795439562148059e-10 6.700804242589719617e-10 6.829636467848134919e-10
3.636970000000000027e+02 5.693691435275695880e-10 5.955014557147977139e-10 6.041470017576330727e-10
3.726580000000000155e+02 5.236767512897253215e-10 5.496913953813198205e-10 5.698230823289552137e-10
3.833740000000000236e+02 4.250130599433030214e-10 5.305468369795268104e-10 5.609313425771703465e-10
3.940910000000000082e+02 4.430717614635863724e-10 4.738047010759577736e-10 4.843065729604561252e-10
4.048079999999999927e+02 4.236543194663525362e-10 4.356864965743200975e-10 4.366700388593276288e-10
4.155240000000000009e+02 3.365496561495427248e-10 4.287528230438827332e-10 4.334494263065746980e-10
4.262409999999999854e+02 3.275583930093729392e-10 3.820086516492412263e-10 4.020149098413859918e-10
4.369569999999999936e+02 3.468945736392005616e-10 3.379356979456089550e-10 3.455547499151906973e-10
4.476739999999999782e+02 2.999628643143270975e-10 3.308694645006716075e-10 3.249776061850015027e-10
4.583910000000000196e+02 2.444706849345997256e-10 3.210371336759155187e-10 3.210208653894847852e-10
4.691070000000000277e+02 2.419922727259619096e-10 2.855124550885904815e-10 2.963248381854477204e-10
4.798240000000000123e+02 2.571570610221671449e-10 2.486160000706198029e-10 2.593871119072131948e-10
4.905409999999999968e+02 2.362849010954029688e-10 2.459658177714991956e-10 2.288105171330979010e-10
5.043389999999999986e+02 1.858681714968247974e-10 2.376559722534790147e-10 2.322327017496962886e-10
5.186299999999999955e+02 1.666064131965277456e-10 2.161962814068839192e-10 2.212149833965884282e-10
5.329199999999999591e+02 1.824024309363306926e-10 1.835547459802127170e-10 1.920703661834566206e-10
5.472110000000000127e+02 1.766868945760116815e-10 1.690472322216533384e-10 1.697135639523350779e-10
5.615019999999999527e+02 1.442233275376966938e-10 1.745311443124206940e-10 1.577909194998826918e-10
5.757930000000000064e+02 1.173997612687962828e-10 1.497486177660946907e-10 1.712339217089067820e-10
5.900839999999999463e+02 1.127277104016595613e-10 1.424773131041671148e-10 1.526942747734213078e-10
6.043750000000000000e+02 1.233336740308200680e-10 1.163739661453850412e-10 1.384240016237949440e-10
6.186660000000000537e+02 1.251178991311717284e-10 1.116826706994906792e-10 1.136077645693376470e-10
6.329569999999999936e+02 1.038263733291780484e-10 1.103978154090744561e-10 1.104026588617475574e-10
6.472480000000000473e+02 8.303020410955230242e-11 1.115344500342429622e-10 1.067136847562047610e-10
6.633460000000000036e+02 7.149314361684138001e-11 1.025686369299331970e-10 1.044631309532254809e-10
6.824039999999999964e+02 7.638046955147274997e-11 8.783772604369494636e-11 9.217378125483235700e-11
7.014610000000000127e+02 8.118411916160562099e-11 7.610648154012280669e-11 7.894641352728603587e-11
7.205180000000000291e+02 7.383154089034753852e-11 7.211998705181259451e-11 7.200479765783989401e-11
7.395750000000000455e+02 5.878642296733472279e-11 7.173524654962208199e-11 7.048539717804323960e-11
7.586319999999999482e+02 4.714962012859961180e-11 6.891889726304354726e-11 6.978390631335688597e-11
7.776900000000000546e+02 4.385081028539166242e-11 6.372745060572785515e-11 6.419423676388051543e-11
7.967469999999999573e+02 4.557482168135928340e-11 5.483561510381356127e-11 5.844162992982718413e-11
8.158039999999999736e+02 4.906889241730210327e-11 4.820205163137294508e-11 5.005266179922804938e-11
8.348609999999999900e+02 4.791351722908035555e-11 4.333514795838763848e-11 4.476051392753202664e-11
8.539180000000000064e+02 4.309824254744032210e-11 4.146023133652024949e-11 4.132890309103945403e-11
8.729759999999999991e+02 3.599461671270977478e-11 4.088551794433999695e-11 3.968862416295023924e-11
8.977309999999999945e+02 2.787207752940783819e-11 4.015113143345608121e-11 3.906311576213608621e-11
9.231449999999999818e+02 2.314613405942835160e-11 3.801864486353757937e-11 3.748279518203407718e-11
9.485579999999999927e+02 2.297933972310220569e-11 3.342897465288475577e-11 3.434633614753426773e-11
9.739710000000000036e+02 2.481806192305744032e-11 2.857856995772680057e-11 3.030981149821577236e-11
9.993840000000000146e+02 2.629056877051388614e-11 2.454965839153920745e-11 2.635949872344691729e-11
1.024799999999999955e+03 2.572445942323024799e-11 2.235067170833802813e-11 2.309802308543173618e-11
1.050210000000000036e+03 2.313664837879106431e-11 2.121560421389721367e-11 2.142637981031173178e-11
1.075619999999999891e+03 1.925913713508266789e-11 2.103235498107859548e-11 2.045103854283874003e-11
1.101039999999999964e+03 1.528400261121488384e-11 2.113527364739498970e-11 1.969528891289013154e-11
1.126450000000000045e+03 1.219989030756578506e-11 2.038677095947960505e-11 1.922273307545462075e-11
1.151859999999999900e+03 1.048019935184653627e-11 1.861681274887599371e-11 1.881837131277747776e-11
1.180779999999999973e+03 1.001801217968171311e-11 1.689552869908055811e-11 1.723791557498773405e-11
1.214670000000000073e+03 1.091862374139576412e-11 1.437580187515871414e-11 1.526255230424552786e-11
1.248559999999999945e+03 1.176861658244431414e-11 1.217543683998499259e-11 1.334850210567069703e-11
1.282450000000000045e+03 1.197469797873629920e-11 1.072414627483243087e-11 1.157972338498127481e-11
1.316339999999999918e+03 1.132481016296589835e-11 9.975030319995539869e-12 1.030336135758856726e-11
1.350230000000000018e+03 9.924518348059066394e-12 9.463948704268745053e-12 9.725117442022194187e-12
1.384119999999999891e+03 8.359443795745580236e-12 9.466655662302203964e-12 9.011237866543324931e-12
1.418009999999999991e+03 6.510470953080067564e-12 9.302260674664200187e-12 8.912517264830794743e-12
1.451900000000000091e+03 5.454618479083625050e-12 9.119657687105597836e-12 8.259902869970781071e-12
1.485789999999999964e+03 4.282772734956974875e-12 7.974237613412961012e-12 8.805737370020067869e-12
1.519670000000000073e+03 3.743326526701261697e-12 7.497923398924371134e-12 8.193177071474367972e-12
1.553559999999999945e+03 3.663649483874011529e-12 6.926080640179724571e-12 7.319715092776266278e-12
1.597980000000000018e+03 3.840114365331944891e-12 5.928490407148627477e-12 6.689487105189431821e-12
1.643170000000000073e+03 4.206406799116588288e-12 5.316948689946113554e-12 5.585188780897300221e-12
1.688359999999999900e+03 4.337112933285691650e-12 4.633004810755754878e-12 4.912571462291554499e-12
1.733549999999999955e+03 4.358909281802626364e-12 3.936769116024292149e-12 4.471439365100083337e-12
1.778740000000000009e+03 4.197778600141509591e-12 3.645430292196102966e-12 3.906033811254889864e-12
1.823930000000000064e+03 3.861311637405711072e-12 3.477458207332895726e-12 3.466673124420395187e-12
1.869130000000000109e+03 3.432994788683789396e-12 3.463959302760189132e-12 3.066143653407023845e-12
1.914319999999999936e+03 2.930703817322495083e-12 3.478050262572503368e-12 2.769717659503002159e-12
1.959509999999999991e+03 2.431751910535234309e-12 2.961981324154306601e-12 3.064386703740973742e-12
2.004700000000000045e+03 2.099766143419017939e-12 2.550630832888726666e-12 3.136808772906656225e-12
2.049889999999999873e+03 1.692569254326742978e-12 3.293610422984961352e-12 2.195541000160796888e-12
2.101840000000000146e+03 1.298513195764898793e-12 2.792919055048347937e-12 2.509347561066204195e-12
2.162110000000000127e+03 1.051871987136894748e-12 2.467852299297076159e-12 2.533679345921830138e-12
2.222369999999999891e+03 9.537871013272840550e-13 1.920681490698503765e-12 2.682237654061262478e-12
2.282630000000000109e+03 9.848605427553591532e-13 1.872334679379442153e-12 2.239736387165994567e-12
2.342900000000000091e+03 8.752672796596883342e-13 2.172727143659598145e-12 1.642684908038363908e-12
2.403159999999999854e+03 8.561329231423070169e-13 1.446225975567264436e-12 2.010802234379629114e-12
2.463429999999999836e+03 9.102369750718760958e-13 1.640773569948167407e-12 1.417149110331307086e-12
2.523690000000000055e+03 9.012344771630655345e-13 1.177299715099048011e-12 1.569185266529454241e-12
2.583960000000000036e+03 8.901758557614369395e-13 1.220101762787677129e-12 1.251251930787875890e-12
2.644219999999999800e+03 9.196805257885188805e-13 1.059726555123943846e-12 1.114443563592914083e-12
2.704480000000000018e+03 8.959489609740145817e-13 8.999685168948467441e-13 1.048917102995145348e-12
2.764750000000000000e+03 8.670074497126432920e-13 8.232845296728938215e-13 9.314865620457824604e-13
2.844420000000000073e+03 8.388814932672051201e-13 7.333070318934784956e-13 8.289226506358707420e-13
2.924780000000000200e+03 8.003309569377039767e-13 6.898970817065809285e-13 7.106712092247342724e-13
3.005150000000000091e+03 7.489756478935882239e-13 6.054528269718088751e-13 6.647919411407016201e-13
3.085510000000000218e+03 6.800460316511826439e-13 5.591963725761650242e-13 6.147673427665223345e-13
3.165869999999999891e+03 6.204389712859367786e-13 5.428203169135404819e-13 5.375566356442282335e-13
3.246239999999999782e+03 5.634334747349377275e-13 5.149996246656401187e-13 4.870837156971971607e-13
3.326599999999999909e+03 5.017310062387056313e-13 4.814723947625855291e-13 4.556930645220677469e-13
3.406960000000000036e+03 4.411966823020843072e-13 4.518683190914292093e-13 4.299407019283422695e-13
3.487329999999999927e+03 3.847308687218502260e-13 4.249384535458596612e-13 4.055053168866420102e-13
3.567690000000000055e+03 3.351981385549900213e-13 3.997968564655979579e-13 3.838181470471802041e-13
3.648050000000000182e+03 2.918955795682268273e-13 3.753178603601299896e-13 3.612579833206727995e-13
3.741360000000000127e+03 2.481359883927713266e-13 3.525477609667280081e-13 3.427402903581451708e-13
3.848519999999999982e+03 2.039674967354678050e-13 3.315476204819195802e-13 3.285633371022354537e-13
3.955690000000000055e+03 1.684428957631987700e-13 3.109969932369712335e-13 3.111546673706168660e-13
4.062860000000000127e+03 1.414019866535517888e-13 2.905324364763673428e-13 2.944996225854058645e-13
4.170020000000000437e+03 1.212688553704469936e-13 2.702666497114954202e-13 2.750195640327552478e-13
4.277189999999999600e+03 1.077409441240068618e-13 2.546295476507547448e-13 2.496592098156335350e-13
4.384359999999999673e+03 9.724123998579899067e-14 2.436084787125659568e-13 2.213787011052329716e-13
4.491520000000000437e+03 8.328517054648114817e-14 2.274061004168676336e-13 2.051273198704727585e-13
4.598689999999999600e+03 6.714906072858447435e-14 2.016727799782847593e-13 2.057447749638776120e-13
4.705859999999999673e+03 6.067166444839730943e-14 1.828985433020006924e-13 1.924187010881528735e-13
4.813020000000000437e+03 6.162353079378529261e-14 1.751806160947409648e-13 1.632472558094616675e-13
4.920189999999999600e+03 5.318534422223892035e-14 1.548615357083327885e-13 1.599335682949907060e-13
5.063100000000000364e+03 4.811791892611708949e-14 1.369140837987273438e-13 1.515629065704045267e-13
5.206010000000000218e+03 4.672517472914341960e-14 1.261391261561670185e-13 1.353342451068745743e-13
5.348920000000000073e+03 4.807881025956669914e-14 1.179583807127701319e-13 1.164203781464791188e-13
5.491819999999999709e+03 4.695721236373912459e-14 1.024446123172061887e-13 1.096567592761743271e-13
5.634729999999999563e+03 4.390491628026944904e-14 9.027910913249866561e-14 1.030876054498605416e-13
5.777640000000000327e+03 4.406461808701854485e-14 8.545845365348345378e-14 8.863376681481562857e-14
5.920550000000000182e+03 4.331023676032222332e-14 7.337932457302894715e-14 8.358320394366994138e-14
6.063460000000000036e+03 4.153151365758726221e-14 6.769917519392008000e-14 7.468253953356616145e-14
6.206369999999999891e+03 4.086115724169699958e-14 5.994725753742617823e-14 6.783328357411230057e-14
6.349279999999999745e+03 3.932231613516908470e-14 5.461542250593724391e-14 6.112966677704976177e-14
6.492189999999999600e+03 3.801992375965042067e-14 4.812568459796802668e-14 5.620898683354718136e-14
6.659750000000000000e+03 3.682091636056961461e-14 4.470355269553202667e-14 4.889211364836232805e-14
6.850319999999999709e+03 3.540190113791680238e-14 3.726756754530285661e-14 4.637228357758085191e-14
7.040890000000000327e+03 3.417830816783008282e-14 3.638189764801368869e-14 3.870671071943900518e-14
7.231470000000000255e+03 3.274912058134588175e-14 2.987752613493301553e-14 3.745996269037122937e-14
7.422039999999999964e+03 3.108934578257769232e-14 2.932798362253780959e-14 3.133293709007431426e-14
7.612609999999999673e+03 2.959557215724636132e-14 2.375228947834323211e-14 3.081440984365494221e-14
7.803180000000000291e+03 2.780866921901259864e-14 2.515817774676024147e-14 2.411597834914317928e-14
7.993750000000000000e+03 2.637368212516231706e-14 1.733119476216914013e-14 2.717960389689680679e-14
8.184329999999999927e+03 2.452288835215112103e-14 2.303597578871691066e-14 1.748605015565348467e-14
8.374899999999999636e+03 2.328379464628772115e-14 1.315402941565400887e-14 2.325917179011710730e-14
8.565469999999999345e+03 2.128770066544972630e-14 1.738625069438128646e-14 1.601963722387653489e-14
8.758229999999999563e+03 2.012701401755389982e-14 1.575139268912612756e-14 1.437327860852847877e-14
9.012370000000000800e+03 1.850675871556384822e-14 1.061717389033089462e-14 1.679818258609722335e-14
9.266500000000000000e+03 1.717382224198638712e-14 1.531222128805478489e-14 9.523458775862980464e-15
9.520629999999999200e+03 1.605014637553360894e-14 6.240432117614961025e-15 1.617499642032400904e-14
9.774760000000000218e+03 1.422938515588178315e-14 1.417783012533192846e-14 6.750221120396655887e-15
1.002889999999999964e+04 1.387127314966396232e-14 7.157451065510694530e-15 1.127659260612464824e-14
1.028300000000000000e+04 1.212998600991421181e-14 6.532069161738955328e-15 1.094969200977724173e-14
1.053720000000000073e+04 1.113100735681113775e-14 1.204003289277605872e-14 3.987297320199120735e-15
1.079129999999999927e+04 1.080503488839502727e-14 4.514135921674094944e-15 9.544390442814275070e-15
1.104539999999999964e+04 9.268560172360334984e-15 4.614891743949552834e-15 8.976184769171710819e-15
1.129960000000000036e+04 8.351472350337659655e-15 9.956084076666984491e-15 2.653646250866900867e-15
1.155370000000000073e+04 8.300080058635398189e-15 5.510348384565629114e-15 5.415985403096132241e-15
1.185460000000000036e+04 7.195166085519463763e-15 2.032056159729689742e-15 8.369113446855528051e-15
1.219350000000000000e+04 6.109486285961477557e-15 7.873392947528528949e-15 2.048175097633869083e-15
1.253239999999999964e+04 6.262699790869245654e-15 4.461518825290740389e-15 3.979822645565672007e-15
1.287129999999999927e+04 5.362931874823995877e-15 1.200557046530734363e-15 6.892144421523149994e-15
1.321010000000000036e+04 4.399928800527109665e-15 5.634876557394403076e-15 2.289106010917628411e-15
1.354900000000000000e+04 4.494285791748606314e-15 5.481163123386303309e-15 1.319018813034851935e-15
1.388789999999999964e+04 4.269379290137651589e-15 1.160746680124949438e-15 4.897689370515012012e-15
1.422679999999999927e+04 3.377888717318957195e-15 1.559817026778207768e-15 4.552123659877107731e-15
1.456570000000000073e+04 2.890510568353711585e-15 4.671222497164439227e-15 1.137772438335007988e-15
1.490460000000000036e+04 3.006402451015439560e-15 4.256820686187203605e-15 6.954904412031569526e-16
1.524350000000000000e+04 2.944593931454665891e-15 1.320238529065977250e-15 3.048522431540544019e-15
1.559020000000000073e+04 2.387264748051863814e-15 4.013308822675627203e-16 3.909817082747169281e-15
1.604210000000000036e+04 1.822550815933453838e-15 2.873490243716690578e-15 1.418740800454448281e-15
1.649400000000000000e+04 1.911861775590266696e-15 3.485007411756089844e-15 1.912571488009125369e-16
1.694590000000000146e+04 1.965463043677494450e-15 1.197861155083352120e-15 1.948096828624811937e-15
1.739779999999999927e+04 1.559597423129872311e-15 1.870436060075654125e-16 2.916000980171315615e-15
1.784979999999999927e+04 1.148205734457392828e-15 1.529457020300909367e-15 1.603046413267400084e-15
1.830170000000000073e+04 1.092098069794938851e-15 2.668098309896865524e-15 1.594529714368973596e-16
1.875359999999999854e+04 1.216426742830098177e-15 2.041750366389914173e-15 3.327388601327536224e-16
1.920550000000000000e+04 1.184126804194539448e-15 6.523791617147940011e-16 1.445269731707192190e-15
1.965740000000000146e+04 9.465549619351872886e-16 7.154506432999491858e-17 1.996375430247223036e-15
2.010929999999999927e+04 6.820657453649151573e-16 6.026865082032874192e-16 1.476514840276902722e-15
2.056129999999999927e+04 5.624690496263349502e-16 1.430705897498244863e-15 5.370527145174105194e-16
2.110150000000000000e+04 6.111930200147269743e-16 1.704908319701983176e-15 -1.392357609964771525e-17
2.170420000000000073e+04 6.947618719602451289e-16 9.809701726650427291e-16 4.330504062006334612e-16
2.230679999999999927e+04 6.212573604280044158e-16 1.735662073517134973e-16 1.130208038215979857e-15
2.290950000000000000e+04 4.425474046398117180e-16 9.450709561944288089e-17 1.221944386795823008e-15
2.351209999999999854e+04 3.048815492524076658e-16 5.844668897107513076e-16 7.192617328646283331e-16
2.411470000000000073e+04 2.776446446129544323e-16 1.024149457137777344e-15 1.650784483573130982e-16
2.471740000000000146e+04 3.246168135805647758e-16 1.042073275556364064e-15 -1.983710719544853092e-17
2.532000000000000000e+04 3.640486691542681517e-16 6.897829260350288996e-16 1.782308455601410245e-16
2.592270000000000073e+04 3.493434282718539978e-16 2.697864940128862026e-16 5.083684431809353654e-16
2.652529999999999927e+04 2.832127116540212519e-16 3.295903682836434089e-17 7.128486154978309773e-16
2.712800000000000000e+04 2.021446189969681153e-16 4.803599174000640016e-17 6.938743890330857639e-16
2.775140000000000146e+04 1.370994019625256049e-16 2.359106018099978729e-16 4.899469580581375885e-16
2.855500000000000000e+04 1.101144014369885813e-16 5.023171633427491412e-16 1.738966407033706331e-16
2.935870000000000073e+04 1.298684270650164419e-16 5.905401946811208189e-16 -3.169725595178739909e-18
3.016229999999999927e+04 1.584784773037995610e-16 4.708210075894469093e-16 2.256878231183201576e-17
3.096590000000000146e+04 1.682623116453196711e-16 2.600427575660523863e-16 1.693362244085823717e-16
3.176959999999999854e+04 1.497531344836824717e-16 8.108333986776326448e-17 3.147952035047612718e-16
3.257320000000000073e+04 1.139026494734333027e-16 5.671945334492359051e-18 3.789898112463141517e-16
3.337680000000000291e+04 7.618861219030761997e-17 3.217136339314085535e-17 3.457213692271503826e-16
3.418050000000000000e+04 4.939520992528648928e-17 1.164113705516223053e-16 2.508286917675261959e-16
3.498409999999999854e+04 3.710657884739509715e-17 2.051933846559117604e-16 1.381855881931614661e-16
3.578780000000000291e+04 3.753574779605764001e-17 2.617162443449238167e-16 4.837738106546367885e-17
3.659140000000000146e+04 4.492572073201410691e-17 2.707809601546979002e-16 5.294610870272324446e-19
3.756140000000000146e+04 5.653029218083683726e-17 2.347501819790958518e-16 -1.915308304116441218e-18
3.863309999999999854e+04 6.384698425951354202e-17 1.575063648217630742e-16 4.186914009799340851e-17
3.970469999999999709e+04 6.188011844327617275e-17 7.819420644841464147e-17 9.960453919051277567e-17
4.077640000000000146e+04 5.221694696018629952e-17 2.333251578377225171e-17 1.429041645173185975e-16
4.184800000000000000e+04 3.886796700113215318e-17 1.757251814099903141e-18 1.586165637725996119e-16
4.291969999999999709e+04 2.574648604786452214e-17 8.538735882596928386e-18 1.466756502264309792e-16
4.399140000000000146e+04 1.588949186713585488e-17 3.213244991975086298e-17 1.176752364525874095e-16
4.506300000000000000e+04 1.004335845191062888e-17 6.015738121664391987e-17 8.091040664774555983e-17
4.613469999999999709e+04 8.031983332849861760e-18 8.344405079813531266e-17 4.636818843540966812e-17
4.720640000000000146e+04 8.775539465758647315e-18 9.662328875255793543e-17 1.984270935457791786e-17
4.827800000000000000e+04 1.107788013140810980e-17 9.953663040049130951e-17 3.869191007241768485e-18
4.939900000000000000e+04 1.388874415337591391e-17 9.268150173214093612e-17 -2.324249597170894866e-18
5.082809999999999854e+04 1.708511312359159906e-17 7.608581367800116730e-17 1.537463320885421944e-18
5.225719999999999709e+04 1.850330381456010077e-17 5.418981219770834899e-17 1.293187750802071468e-17
5.368630000000000291e+04 1.825667779880489112e-17 3.360286066602507759e-17 2.645120338259145306e-17
5.511540000000000146e+04 1.637570836573394601e-17 1.700783767819802311e-17 3.779020320467522915e-17
5.654450000000000000e+04 1.358381247264052363e-17 6.228167755353635793e-18 4.492829205649943756e-17
5.797350000000000000e+04 1.047162369065165464e-17 1.097781486654287926e-18 4.734794326855210862e-17
5.940259999999999854e+04 7.474471426912316609e-18 5.116509215637539249e-19 4.539525920031069556e-17
6.083169999999999709e+04 4.995489927653916503e-18 2.999787275011685953e-18 4.077752358273436718e-17
6.226080000000000291e+04 3.082723182551772056e-18 7.097654313029957036e-18 3.414886518882558456e-17
6.368990000000000146e+04 1.783727841669771699e-18 1.156509919379915266e-17 2.677916095986008758e-17
6.511900000000000000e+04 1.051623375022830939e-18 1.569715194737551915e-17 1.987155327679625214e-17
6.686039999999999418e+04 7.570275551080904219e-19 1.972725354657473781e-17 1.268769303837277464e-17
6.876610000000000582e+04 9.382223226941395307e-19 2.246151570409474782e-17 6.655954098338431299e-18
7.067180000000000291e+04 1.402333641153509183e-18 2.326682000479800260e-17 2.585816474199167968e-18
7.257750000000000000e+04 1.956863532801605720e-18 2.243887507776966739e-17 3.356590231529054614e-19
7.448319999999999709e+04 2.453308357300494491e-18 2.030592073935350955e-17 -4.397002005713743196e-19
7.638900000000000000e+04 2.852769330933165252e-18 1.767485104433739319e-17 -1.667905377092857779e-19
7.829469999999999709e+04 3.079152140022541901e-18 1.461538905525522673e-17 7.563139266983739581e-19
8.020039999999999418e+04 3.149321083638034178e-18 1.158731715174415836e-17 1.985902441162293519e-18
8.210610000000000582e+04 3.067301353209306911e-18 8.763211168869984620e-18 3.249646067598836334e-18
8.401180000000000291e+04 2.903659357825760268e-18 6.391784810650207413e-18 4.416387360352643770e-18
8.591760000000000582e+04 2.646742050219503691e-18 4.407434915539833727e-18 5.333906702570317355e-18
8.793289999999999418e+04 2.341986371141271327e-18 2.803417967655486199e-18 6.042934346707829114e-18
9.047419999999999709e+04 1.981855316190504881e-18 1.431418933651787674e-18 6.682622430579442207e-18
9.301550000000000000e+04 1.599110539106582897e-18 5.818894751636990151e-19 6.860189464789598349e-18
9.555680000000000291e+04 1.257449975085821453e-18 1.597575592206864135e-19 6.781046678370380048e-18
9.809810000000000582e+04 9.437190175085068289e-19 4.036277888326805980e-20 6.389587476542866048e-18
1.006390000000000000e+05 6.814001136550165624e-19 1.248233968753626006e-19 5.842523706682223927e-18
