1.017789999999999928e+01 6.736419773650699223e-06 6.659686408796399633e-06 6.641020823160798478e-06
1.043200000000000038e+01 6.283313052709379890e-06 6.376443494457590137e-06 6.322393142882857067e-06
1.068609999999999971e+01 5.971712606855807493e-06 6.019921158184953503e-06 6.003892177082851806e-06
1.094030000000000058e+01 5.708680552387901114e-06 5.665652035091188593e-06 5.648841956933229739e-06
1.119439999999999991e+01 5.310769007431035538e-06 5.439663829737858618e-06 5.424326720364892728e-06
1.144849999999999923e+01 5.095059091107466116e-06 5.118492923671931807e-06 5.115428838686318584e-06
1.171439999999999948e+01 4.883162284046148982e-06 4.811750430743302118e-06 4.826874423178858180e-06
1.205320000000000036e+01 4.665096612825384072e-06 4.466293147044950067e-06 4.449333855179606983e-06
1.239209999999999923e+01 4.387501364252914930e-06 4.174292816603133393e-06 4.160048447637030679e-06
1.273099999999999987e+01 4.213896931890863082e-06 3.870378444073018878e-06 3.854936373020995246e-06
1.306990000000000052e+01 3.843734205134711725e-06 3.683226954332079580e-06 3.672718139614600172e-06
1.340879999999999939e+01 3.458521739260078274e-06 3.530702673996582741e-06 3.547151401051482976e-06
1.374770000000000003e+01 3.431743140585618997e-06 3.250149329179079412e-06 3.238358496603509273e-06
1.408660000000000068e+01 3.161387370209112586e-06 3.090557986780050807e-06 3.096159607023172925e-06
1.442549999999999955e+01 2.937202610054477303e-06 2.940616819673071417e-06 2.942724230746512815e-06
1.476440000000000019e+01 2.877769541563934362e-06 2.741876982714933603e-06 2.705976911425909983e-06
1.510330000000000084e+01 2.593348376213052030e-06 2.636063162768085708e-06 2.643228053906620832e-06
1.544209999999999994e+01 2.423320975247245225e-06 2.507182427022732880e-06 2.516658712014391643e-06
1.585510000000000019e+01 2.319590284276746104e-06 2.331145627306834329e-06 2.327189602686613915e-06
1.630699999999999861e+01 2.071162312234146424e-06 2.208078519525499437e-06 2.238130592157472551e-06
1.675890000000000057e+01 2.000529467926055622e-06 2.043181703882934855e-06 2.049506203105954270e-06
1.721079999999999899e+01 1.888486170173406512e-06 1.903429186820578894e-06 1.908777358641984556e-06
1.766280000000000072e+01 1.688682238653692565e-06 1.815973647999166281e-06 1.838753241623615489e-06
1.811469999999999914e+01 1.643258766489763485e-06 1.688411803126053053e-06 1.682175450392038034e-06
1.856660000000000110e+01 1.556010351989324077e-06 1.575505515115395733e-06 1.577311243772856091e-06
1.901849999999999952e+01 1.466420092059665518e-06 1.474986141208977301e-06 1.484592915239748832e-06
1.947040000000000148e+01 1.359560141082336064e-06 1.397580388155597176e-06 1.408252112565018898e-06
1.992229999999999990e+01 1.267959066072342893e-06 1.322109871822422121e-06 1.333253428554385868e-06
2.037430000000000163e+01 1.204562797199454358e-06 1.242480069922882608e-06 1.252418505347340012e-06
2.085219999999999985e+01 1.151194506585575331e-06 1.164356518273456805e-06 1.165617446383332679e-06
2.145479999999999876e+01 1.038261048959554310e-06 1.098821145951133839e-06 1.097811976141041497e-06
2.205750000000000099e+01 9.849365357507095858e-07 1.016489163860981780e-06 1.022372273745835859e-06
2.266009999999999991e+01 9.171375903865898191e-07 9.514755956122233468e-07 9.550205704549854824e-07
2.326269999999999882e+01 8.819070489375873594e-07 8.777879730099952862e-07 8.809936046844644550e-07
2.386540000000000106e+01 7.981377038534320738e-07 8.359188831596914473e-07 8.366828531188990981e-07
2.446799999999999997e+01 7.561880427979895161e-07 7.757671682567188133e-07 7.846777230734853572e-07
2.507069999999999865e+01 7.154888449475548456e-07 7.251117272556765019e-07 7.304643070201658931e-07
2.567330000000000112e+01 6.799035159222909633e-07 6.783534184266212138e-07 6.805827101142586637e-07
2.627590000000000003e+01 6.376009348926119408e-07 6.386489613310556882e-07 6.412533776602240354e-07
2.687859999999999872e+01 5.787793493603179883e-07 6.102341461253878592e-07 6.128168208813028512e-07
2.748120000000000118e+01 5.488127927731049362e-07 5.686954668922719389e-07 5.789382908479777717e-07
2.822250000000000014e+01 5.199397266789192422e-07 5.305342014613401135e-07 5.316454581232832772e-07
2.902609999999999957e+01 4.920147240266264346e-07 4.780096062686680813e-07 4.920293535276839253e-07
2.982979999999999876e+01 4.374173977069600512e-07 4.665855209331022935e-07 4.722323213655318698e-07
3.063340000000000174e+01 4.109516161101466784e-07 4.285016688311726999e-07 4.455821377682004047e-07
3.143700000000000117e+01 3.937099102853054599e-07 4.027221520256572302e-07 4.045965816359622847e-07
3.224069999999999681e+01 3.801343886906447635e-07 3.736008569766462384e-07 3.695854736741475461e-07
3.304429999999999978e+01 3.408226792551686035e-07 3.609535745697099206e-07 3.470304710545715990e-07
3.384790000000000276e+01 3.316049940418637450e-07 3.291656426749643939e-07 3.268363264734229606e-07
3.465160000000000196e+01 3.062800297605639193e-07 3.097805073421061234e-07 3.119061550036305622e-07
3.545519999999999783e+01 2.828400312427846998e-07 2.931989201435073443e-07 2.940760370106922765e-07
3.625880000000000081e+01 2.726568515465690458e-07 2.726917083402910302e-07 2.732372757663850264e-07
3.711789999999999878e+01 2.486685013058804101e-07 2.584219626647268176e-07 2.603552266088356658e-07
3.818959999999999866e+01 2.368640523902771002e-07 2.389213709658184833e-07 2.382125057930469795e-07
3.926129999999999853e+01 2.107494374487904813e-07 2.274188990258417947e-07 2.268797756998810187e-07
4.033290000000000219e+01 2.097160927568733967e-07 2.045820874499936083e-07 2.059808744286529769e-07
4.140460000000000207e+01 1.961575175450172852e-07 1.915420342214104152e-07 1.922551679837738636e-07
4.247630000000000194e+01 1.751971346345288848e-07 1.865729257750910559e-07 1.820667363505172488e-07
4.354789999999999850e+01 1.693982163011986777e-07 1.685481000843705170e-07 1.686313224570752835e-07
4.461959999999999837e+01 1.566256695406741330e-07 1.593257906444826064e-07 1.593479882680468730e-07
4.569129999999999825e+01 1.449825700867748169e-07 1.497648223149212722e-07 1.507696287558345178e-07
4.676290000000000191e+01 1.403038797019601798e-07 1.391888229228422167e-07 1.387146440296696193e-07
4.783460000000000178e+01 1.284512746153956723e-07 1.321731485056386035e-07 1.326108157509936114e-07
4.890630000000000166e+01 1.222824408383393889e-07 1.233980188628394721e-07 1.241056203378799448e-07
5.023669999999999902e+01 1.147101591794798168e-07 1.150558174565072482e-07 1.149636156123306287e-07
5.166579999999999728e+01 1.048887077381192039e-07 1.074424278411209789e-07 1.039575609762279468e-07
5.309490000000000265e+01 1.003020497265671004e-07 9.855870209755212968e-08 9.965300512834103322e-08
5.452400000000000091e+01 8.900949118721224854e-08 9.533547467483464168e-08 9.359712283250459195e-08
5.595309999999999917e+01 8.897767116295711061e-08 8.617842990250426172e-08 8.572687604524536085e-08
5.738219999999999743e+01 7.847381625381383229e-08 8.289020963232192732e-08 8.210332092209277203e-08
5.881130000000000280e+01 7.500282854652524332e-08 7.710745910445152470e-08 7.620983295305773370e-08
6.024040000000000106e+01 7.086357431807088554e-08 7.125926027322985950e-08 7.110804119913016046e-08
6.166949999999999932e+01 6.600555508314099804e-08 6.742137167541561619e-08 6.725249964801684796e-08
6.309859999999999758e+01 6.169608108607907612e-08 6.304310848412808550e-08 6.319129107449414886e-08
6.452760000000000673e+01 5.789887874097252608e-08 5.959031125174645987e-08 5.923366519096907901e-08
6.607179999999999609e+01 5.359511528522307664e-08 5.582317091572389565e-08 5.553809572290974957e-08
6.797750000000000625e+01 5.021341604738373243e-08 5.191972137964532007e-08 5.210959518674081566e-08
6.988320000000000221e+01 4.716085176692246706e-08 4.585822022852239865e-08 4.817493437886140460e-08
7.178889999999999816e+01 4.217654659097232828e-08 4.548024327325181200e-08 4.571654039661606773e-08
7.369469999999999743e+01 4.127014335844584179e-08 4.158592506445264794e-08 4.196178686404813857e-08
7.560039999999999338e+01 3.938418390405194874e-08 3.990151589274515463e-08 3.861271784115771052e-08
7.750610000000000355e+01 3.605206972535785187e-08 3.637841408980750486e-08 3.663169846557857112e-08
7.941179999999999950e+01 3.255291164621395747e-08 3.477500286023539108e-08 3.472599406353113791e-08
8.131749999999999545e+01 3.068311375614231225e-08 3.254822636305282722e-08 3.253620373850102373e-08
8.322329999999999472e+01 2.924659407046509776e-08 2.983751112661597904e-08 3.049109210482562886e-08
8.512900000000000489e+01 2.878091448113843806e-08 2.785213853903503659e-08 2.847203091088604101e-08
8.703470000000000084e+01 2.563409365275923367e-08 2.683219276583075732e-08 2.747392735370767584e-08
8.942260000000000275e+01 2.386042331990227078e-08 2.475012620444492497e-08 2.499238675837452848e-08
9.196389999999999532e+01 2.260656894401851731e-08 2.297335665388778727e-08 2.284166887529267659e-08
9.450520000000000209e+01 2.027039082510205402e-08 2.077082567957557084e-08 2.170469106225305595e-08
9.704659999999999798e+01 1.892511280783465303e-08 2.033725522568221500e-08 2.063961430540296112e-08
9.958790000000000475e+01 1.819557078719852152e-08 1.870264060028122159e-08 1.865772946051936636e-08
1.021290000000000049e+02 1.720227855981975163e-08 1.751071829081327749e-08 1.748036402738634395e-08
1.046710000000000065e+02 1.599544598675744573e-08 1.639561290916437774e-08 1.642235525407818372e-08
1.072120000000000033e+02 1.492994008540832003e-08 1.512813145813835005e-08 1.560921545645333991e-08
1.097530000000000001e+02 1.407505164570181508e-08 1.443918502359475509e-08 1.427640088070343670e-08
1.122939999999999969e+02 1.309801170102899579e-08 1.341807300918727658e-08 1.359246963978373565e-08
1.148359999999999985e+02 1.229959157545639298e-08 1.218957551017388707e-08 1.312910597363835972e-08
1.176110000000000042e+02 1.149027964708536918e-08 1.200533780880691500e-08 1.168409436410771927e-08
1.210000000000000000e+02 1.086473310526913154e-08 1.008555093886372208e-08 1.172833915586714968e-08
1.243889999999999958e+02 1.014788714829983997e-08 1.010825846557110668e-08 1.011957140112905818e-08
1.277780000000000058e+02 9.278068048496805818e-09 9.748671346789292268e-09 9.243457821635991668e-09
1.311670000000000016e+02 8.715793705013962406e-09 9.337880055363041666e-09 8.286750779622997867e-09
1.345550000000000068e+02 7.878735718891280597e-09 8.545515863443418307e-09 8.132422827665304143e-09
1.379439999999999884e+02 7.253537483631600098e-09 7.727022063298031694e-09 7.958140703070373045e-09
1.413329999999999984e+02 6.752118046791730616e-09 7.181422753328864143e-09 7.499302857203751783e-09
1.447220000000000084e+02 6.402001760941360903e-09 6.804545533067720671e-09 6.648567660754383595e-09
1.481109999999999900e+02 6.077807525514510644e-09 6.354868250646601147e-09 6.319588581222269756e-09
1.515000000000000000e+02 5.496282362773177324e-09 5.971219389733259022e-09 6.105763470501216615e-09
1.548890000000000100e+02 5.302015609512142053e-09 5.635778344783443001e-09 5.527832525704416986e-09
1.591740000000000066e+02 5.039391845395062035e-09 5.130332940451663642e-09 5.125988084153276880e-09
1.636930000000000121e+02 4.552487493263484820e-09 4.881414040063454478e-09 4.758830816673061511e-09
1.682129999999999939e+02 4.138878218451816105e-09 4.428016466068379084e-09 4.610184485479807686e-09
1.727319999999999993e+02 3.819724971001664572e-09 4.150015889342116167e-09 4.293569244656222433e-09
1.772510000000000048e+02 3.675605921689993177e-09 3.850470500485229106e-09 3.890127347824779345e-09
1.817700000000000102e+02 3.337619447602011810e-09 3.747847331550662901e-09 3.553347375847327349e-09
1.862889999999999873e+02 3.178575699258843558e-09 3.283932541544309388e-09 3.460941354196847517e-09
1.908079999999999927e+02 2.969550882108024026e-09 3.140446867534495294e-09 3.148695795357482312e-09
1.953280000000000030e+02 2.763888949678122240e-09 2.977855797672933519e-09 2.911496672648945388e-09
1.998470000000000084e+02 2.604471301509861668e-09 2.648230769087446885e-09 2.836176807094811075e-09
2.043660000000000139e+02 2.402054127504186801e-09 2.609254997610758493e-09 2.550501343385055510e-09
2.093530000000000086e+02 2.282622201672868151e-09 2.350711331269554294e-09 2.422453755057578308e-09
2.153789999999999907e+02 2.095166178339249069e-09 2.272342515423081137e-09 2.165075501237670590e-09
2.214060000000000059e+02 1.913612278580364710e-09 2.056816951200359213e-09 2.085512562272720089e-09
2.274319999999999879e+02 1.761025861647091374e-09 1.967815668683749139e-09 1.892998405129814630e-09
2.334590000000000032e+02 1.640583848114037015e-09 1.748579881176025897e-09 1.833503263113296865e-09
2.394850000000000136e+02 1.490878846801668701e-09 1.601263859607210743e-09 1.761960578591121250e-09
2.455109999999999957e+02 1.416456309591057818e-09 1.486403956887083419e-09 1.618411845021859330e-09
2.515380000000000109e+02 1.323678969398863122e-09 1.417260998912128075e-09 1.470442579770754396e-09
2.575640000000000214e+02 1.216480932993382721e-09 1.363330656169940485e-09 1.346464300836677315e-09
2.635910000000000082e+02 1.196382205563699763e-09 1.235672873931334782e-09 1.228232677520303140e-09
2.696170000000000186e+02 1.038564708790667602e-09 1.171730095677439989e-09 1.208006220531893019e-09
2.756440000000000055e+02 9.890458135082187271e-10 1.082585657161951780e-09 1.120594809329830135e-09
2.833330000000000268e+02 9.486295233152790899e-10 9.920411885943789600e-10 1.014424184590342346e-09
2.913700000000000045e+02 8.417922241374690294e-10 9.255415449265138402e-10 9.663443809360175892e-10
2.994060000000000059e+02 8.282891334776469924e-10 8.491643158580024813e-10 8.519781376643509798e-10
3.074420000000000073e+02 6.984503571530303990e-10 7.801616863601470212e-10 8.678927044868228787e-10
3.154789999999999850e+02 7.063086199078424314e-10 7.487495312196901170e-10 7.318441048519661171e-10
3.235149999999999864e+02 6.444458088535216025e-10 6.878144342699665114e-10 6.894880888494027647e-10
3.315509999999999877e+02 5.662586258281751348e-10 6.495768649435150806e-10 6.628701240043811636e-10
3.395880000000000223e+02 5.751456142604279806e-10 5.812768126210739092e-10 5.916567296184983188e-10
3.476240000000000236e+02 5.043431679543610400e-10 5.633873354963886804e-10 5.425154280829783404e-10
3.556610000000000014e+02 4.417639649178532776e-10 5.316171139543049887e-10 5.415756951278419610e-10
3.636970000000000027e+02 4.552775297157741882e-10 4.746347130821436555e-10 4.806209847020823044e-10
3.726580000000000155e+02 4.184380361398573023e-10 4.383186742805436704e-10 4.541524260795992493e-10
3.833740000000000236e+02 3.433397709436759576e-10 4.215576652588577770e-10 4.452567452974663982e-10
3.940910000000000082e+02 3.549251422983479003e-10 3.778200902659738585e-10 3.857065839356783815e-10
4.048079999999999927e+02 3.385342589431975874e-10 3.477050512921089588e-10 3.485650689146936727e-10
4.155240000000000009e+02 2.718673207782648908e-10 3.408625572272630094e-10 3.447096483944722445e-10
4.262409999999999854e+02 2.638397356896783267e-10 3.045092986346468406e-10 3.197532666756749540e-10
4.369569999999999936e+02 2.770694476645709178e-10 2.703794624654241454e-10 2.760562778700050621e-10
4.476739999999999782e+02 2.406075280028955243e-10 2.639643754870674524e-10 2.596006860100371734e-10
4.583910000000000196e+02 1.978326102565527790e-10 2.556094240380531906e-10 2.556030612053941719e-10
4.691070000000000277e+02 1.951721952939697956e-10 2.279289984357878126e-10 2.360539382702425042e-10
4.798240000000000123e+02 2.058275904438730717e-10 1.993283304457089317e-10 2.073086906104180744e-10
4.905409999999999968e+02 1.891285031616814647e-10 1.969180433451716304e-10 1.833615689931470106e-10
5.043389999999999986e+02 1.502136586335545585e-10 1.896216382582959503e-10 1.853531076081495214e-10
5.186299999999999955e+02 1.348520549052193274e-10 1.725604014654628173e-10 1.763772308293178725e-10
5.329199999999999591e+02 1.462420486471738555e-10 1.471399212585691065e-10 1.536096192442571224e-10
5.472110000000000127e+02 1.414190267565971176e-10 1.354413774490440037e-10 1.360600412943589265e-10
5.615019999999999527e+02 1.162345072070631269e-10 1.393676118262326408e-10 1.261896026667042607e-10
5.757930000000000064e+02 9.516855142074228091e-11 1.215320490105535123e-10 1.365939900687042836e-10
5.900839999999999463e+02 9.101610604524033061e-11 1.140183300498009416e-10 1.218254806072789725e-10
6.043750000000000000e+02 9.884681277147694663e-11 9.343994081545324022e-11 1.107521176630698462e-10
6.186660000000000537e+02 1.001236987559553483e-10 8.958491598753929636e-11 9.114429655650539597e-11
6.329569999999999936e+02 8.344128252867343913e-11 8.836093644090942249e-11 8.841791283041718932e-11
6.472480000000000473e+02 6.717006787966500820e-11 8.906897285571238240e-11 8.529565871462262436e-11
6.633460000000000036e+02 5.797519033875522968e-11 8.192678802865921256e-11 8.339957958258559327e-11
6.824039999999999964e+02 6.149861143295797816e-11 7.034897021820666028e-11 7.368396359883540548e-11
7.014610000000000127e+02 6.503105050660452298e-11 6.108151385979891453e-11 6.327201458359660591e-11
7.205180000000000291e+02 5.912525761899167535e-11 5.781876214879819536e-11 5.773041210221016135e-11
7.395750000000000455e+02 4.732297351484318604e-11 5.734667144495767871e-11 5.639831882019916174e-11
7.586319999999999482e+02 3.818329407206364463e-11 5.500898905045269610e-11 5.571003776248367883e-11
7.776900000000000546e+02 3.550126222374723597e-11 5.088701901981017073e-11 5.121170836644261458e-11
7.967469999999999573e+02 3.670463645251855107e-11 4.384849205686303623e-11 4.667584530061844331e-11
8.158039999999999736e+02 3.930519326304284851e-11 3.862957803497598352e-11 4.003977115009055386e-11
8.348609999999999900e+02 3.829560296813098094e-11 3.475076931456678404e-11 3.584790708230225876e-11
8.539180000000000064e+02 3.447004032663736019e-11 3.320144613082425568e-11 3.309910359753838830e-11
8.729759999999999991e+02 2.887533841927358485e-11 3.267298197270803956e-11 3.174329275801839897e-11
8.977309999999999945e+02 2.248319326640596696e-11 3.201754720121825834e-11 3.117664598737578129e-11
9.231449999999999818e+02 1.872986215675463647e-11 3.030021331102725307e-11 2.987054184521812414e-11
9.485579999999999927e+02 1.852715339103542144e-11 2.666968355163122273e-11 2.736649697040658491e-11
9.739710000000000036e+02 1.989565234628032680e-11 2.283685319573034390e-11 2.417175579948933672e-11
9.993840000000000146e+02 2.099234005990420367e-11 1.964072569460817020e-11 2.104768547098763782e-11
1.024799999999999955e+03 2.051059442170942249e-11 1.787394900084016389e-11 1.845883008695042135e-11
1.050210000000000036e+03 1.845763530109124693e-11 1.694091412083159326e-11 1.711454073907716920e-11
1.075619999999999891e+03 1.539829746458744407e-11 1.676348787450525883e-11 1.630955397790730558e-11
1.101039999999999964e+03 1.226175660035140081e-11 1.681733608068656386e-11 1.567829790846204550e-11
1.126450000000000045e+03 9.819751113451342798e-12 1.620442288935431172e-11 1.527896252719435426e-11
1.151859999999999900e+03 8.444230209007599003e-12 1.479140424624854144e-11 1.494292602364386379e-11
1.180779999999999973e+03 8.054958558541779027e-12 1.342485268797672990e-11 1.368178189253149225e-11
1.214670000000000073e+03 8.733656287252777651e-12 1.142825196222437904e-11 1.212233323107284779e-11
1.248559999999999945e+03 9.374413853381915857e-12 9.691374730341430386e-12 1.060560937967665999e-11
1.282450000000000045e+03 9.514384890006289089e-12 8.539051096707945845e-12 9.206094226735770277e-12
1.316339999999999918e+03 8.987663328464066399e-12 7.937657477734151490e-12 8.193200591201786117e-12
1.350230000000000018e+03 7.876835794590599259e-12 7.521538567927748604e-12 7.728276335751657819e-12
1.384119999999999891e+03 6.641413521233163365e-12 7.510698410139456539e-12 7.153590451797135378e-12
1.418009999999999991e+03 5.183305753068666017e-12 7.368093826717240025e-12 7.065214279074716321e-12
1.451900000000000091e+03 4.351717972114897020e-12 7.213441695065223612e-12 6.538716258434882367e-12
1.485789999999999964e+03 3.425465281855564715e-12 6.301351412941147791e-12 6.960590156148288914e-12
1.519670000000000073e+03 2.995549582424436582e-12 5.920486957989849623e-12 6.469490317135716357e-12
1.553559999999999945e+03 2.926186126925464682e-12 5.465654262330023954e-12 5.774757652889514525e-12
1.597980000000000018e+03 3.057553777065424138e-12 4.678662810166770865e-12 5.275417107422807912e-12
1.643170000000000073e+03 3.337166280857784397e-12 4.196642913140634667e-12 4.404504984521583243e-12
1.688359999999999900e+03 3.431053780228741700e-12 3.658198280426264142e-12 3.874236245303496800e-12
1.733549999999999955e+03 3.440745255854708786e-12 3.109454970544098692e-12 3.526277865894694883e-12
1.778740000000000009e+03 3.308418767393578537e-12 2.878339306744873560e-12 3.080537374820549283e-12
1.823930000000000064e+03 3.040005247471715362e-12 2.743701000511585242e-12 2.733459802949200830e-12
1.869130000000000109e+03 2.701059275041099112e-12 2.729933119611578324e-12 2.416645874820324747e-12
1.914319999999999936e+03 2.305307499628606981e-12 2.737238440390006758e-12 2.181608207427138198e-12
1.959509999999999991e+03 1.913141490223183706e-12 2.328522364273218767e-12 2.410169054479386859e-12
2.004700000000000045e+03 1.652256506174895668e-12 2.003372807961905187e-12 2.463315762199600582e-12
2.049889999999999873e+03 1.332491939249156828e-12 2.582295418891821079e-12 1.723187191878973442e-12
2.101840000000000146e+03 1.023881333483506234e-12 2.187240014240775230e-12 1.966967297415369269e-12
2.162110000000000127e+03 8.309247156660379867e-13 1.931270889905569475e-12 1.984255360894343090e-12
2.222369999999999891e+03 7.538346310017940948e-13 1.502269257447531945e-12 2.098719048601374530e-12
2.282630000000000109e+03 7.772051896492421466e-13 1.464162488639425255e-12 1.751034094088333231e-12
2.342900000000000091e+03 6.902801580284460439e-13 1.698108368266109024e-12 1.283749071871665859e-12
2.403159999999999854e+03 6.741878857631393937e-13 1.129813833341996314e-12 1.570600347935654855e-12
2.463429999999999836e+03 7.149423117162057811e-13 1.281500769512752595e-12 1.106284955689699479e-12
2.523690000000000055e+03 7.066505569993249041e-13 9.192190076719699482e-13 1.224408583653268882e-12
2.583960000000000036e+03 6.966793972990827079e-13 9.521532825643934395e-13 9.759505603974397833e-13
2.644219999999999800e+03 7.185033910559865006e-13 8.267144842896044888e-13 8.687199566142976655e-13
2.704480000000000018e+03 6.989578539280067389e-13 7.017065009470020913e-13 8.171800154935453966e-13
2.764750000000000000e+03 6.754596153000206210e-13 6.414541373288987440e-13 7.252471774219939712e-13
2.844420000000000073e+03 6.530804083405995511e-13 5.712963532534932127e-13 6.453472692602941118e-13
2.924780000000000200e+03 6.227280212252544577e-13 5.373415922850609356e-13 5.532571402010871750e-13
3.005150000000000091e+03 5.825417700582282156e-13 4.714611728832044876e-13 5.174134385498976584e-13
3.085510000000000218e+03 5.287549709377581058e-13 4.352477962228152710e-13 4.783757177782945965e-13
3.165869999999999891e+03 4.822658766151791634e-13 4.222933601215316454e-13 4.181853102591782001e-13
3.246239999999999782e+03 4.378528318848867837e-13 4.004583741266889859e-13 3.787663864196208816e-13
3.326599999999999909e+03 3.898227383272529242e-13 3.741963328009455373e-13 3.541858115873696050e-13
3.406960000000000036e+03 3.427188787278321419e-13 3.509995135526145320e-13 3.340027889517813247e-13
3.487329999999999927e+03 2.987833489491093201e-13 3.299011474400540674e-13 3.148563077136558775e-13
3.567690000000000055e+03 2.602372561889460951e-13 3.102147388133825297e-13 2.978583575746159181e-13
3.648050000000000182e+03 2.265309134187095981e-13 2.910632011610204419e-13 2.801977793244450959e-13
3.741360000000000127e+03 1.925496573240178666e-13 2.733294342077217893e-13 2.657573711236394652e-13
3.848519999999999982e+03 1.583149081169636454e-13 2.570555758654730442e-13 2.547690816761960346e-13
3.955690000000000055e+03 1.307653975240149009e-13 2.411372304733825568e-13 2.412820362940488943e-13
4.062860000000000127e+03 1.097819406609522382e-13 2.252908703156765622e-13 2.283839350710582799e-13
4.170020000000000437e+03 9.414774014220616124e-14 2.096003123063366058e-13 2.132965556711139164e-13
4.277189999999999600e+03 8.363254968922836091e-14 1.975006682444976784e-13 1.936488549004685469e-13
4.384359999999999673e+03 7.546537467509587161e-14 1.889817148427410647e-13 1.717349462787573390e-13
4.491520000000000437e+03 6.461633746721646799e-14 1.764397599651523371e-13 1.591518706543863868e-13
4.598689999999999600e+03 5.207407515934441635e-14 1.564997686158467006e-13 1.596595196492446573e-13
4.705859999999999673e+03 4.702896209615454616e-14 1.419561661388617377e-13 1.493459462752857736e-13
4.813020000000000437e+03 4.775529290650118738e-14 1.359894259461796923e-13 1.267292079553184866e-13
4.920189999999999600e+03 4.119214834818159881e-14 1.202398342709506915e-13 1.241826822000352248e-13
5.063100000000000364e+03 3.727434020732970082e-14 1.063619921011257662e-13 1.177479641750738229e-13
5.206010000000000218e+03 3.621287097929546685e-14 9.804484056716626862e-14 1.052006506189343266e-13
5.348920000000000073e+03 3.729095059186121212e-14 9.173574117846737160e-14 9.055395407235882605e-14
5.491819999999999709e+03 3.644557012092788450e-14 7.971624406555297282e-14 8.534713113076572625e-14
5.634729999999999563e+03 3.409663486699052991e-14 7.029478485283782087e-14 8.028538181068215750e-14
5.777640000000000327e+03 3.425177237821728676e-14 6.658300971890081979e-14 6.907734121800444993e-14
5.920550000000000182e+03 3.369622771919540141e-14 5.720824336421746880e-14 6.518881568504828981e-14
6.063460000000000036e+03 3.234104269842048210e-14 5.281925534503898548e-14 5.829063205805896036e-14
6.206369999999999891e+03 3.185297626458233703e-14 4.680377173514897180e-14 5.298851067082692969e-14
6.349279999999999745e+03 3.068539864766535024e-14 4.267611640313535567e-14 4.779224532722158334e-14
6.492189999999999600e+03 2.970328878495821181e-14 3.763544803454558553e-14 4.398602762736116028e-14
6.659750000000000000e+03 2.880257251272940202e-14 3.499134405663139866e-14 3.829555128268035786e-14
6.850319999999999709e+03 2.772902821179601736e-14 2.919385692496282454e-14 3.635817909604157056e-14
7.040890000000000327e+03 2.680642873560813746e-14 2.853280949625641479e-14 3.037597371380566672e-14
7.231470000000000255e+03 2.572179101715751882e-14 2.344920810517223695e-14 2.943307915590209002e-14
7.422039999999999964e+03 2.445193963982389189e-14 2.305102566803760769e-14 2.464214804746278927e-14
7.612609999999999673e+03 2.331280490852428618e-14 1.868176100937526544e-14 2.426978385924372675e-14
7.803180000000000291e+03 2.193748450717072752e-14 1.982522763984410859e-14 1.901096050150542418e-14
7.993750000000000000e+03 2.084076033046450950e-14 1.366167301749572204e-14 2.146668836011453516e-14
8.184329999999999927e+03 1.940964487551879703e-14 1.820840980416986631e-14 1.382073754504802454e-14
8.374899999999999636e+03 1.846317511450633841e-14 1.039935915450464385e-14 1.842618089935349990e-14
8.565469999999999345e+03 1.691219305607504489e-14 1.378172259458273889e-14 1.270926427540050564e-14
8.758229999999999563e+03 1.602131474914583950e-14 1.251569282064465943e-14 1.141772940808318195e-14
9.012370000000000800e+03 1.475632543724782892e-14 8.432837936365380527e-15 1.337774072033494580e-14
9.266500000000000000e+03 1.371399858475359560e-14 1.220907742292231279e-14 7.581081267986653704e-15
9.520629999999999200e+03 1.284067184164263335e-14 4.963766651939603474e-15 1.292447039452534465e-14
9.774760000000000218e+03 1.140231898676614168e-14 1.134327216671258136e-14 5.389930462141890988e-15
1.002889999999999964e+04 1.113744388869239193e-14 5.729073140159125130e-15 9.035053109504343891e-15
1.028300000000000000e+04 9.759036519919738874e-15 5.231795742081277277e-15 8.798257765307687225e-15
1.053720000000000073e+04 8.972230557867978124e-15 9.696528624568261219e-15 3.195430174662620665e-15
1.079129999999999927e+04 8.730636019927308177e-15 3.633282038051302319e-15 7.697803241555680227e-15
1.104539999999999964e+04 7.506827663132760096e-15 3.719359186114258045e-15 7.263078920251525022e-15
1.129960000000000036e+04 6.779327886444136936e-15 8.078056926262253891e-15 2.140035468444307119e-15
1.155370000000000073e+04 6.757182214119229185e-15 4.480508108346670065e-15 4.396052659906381563e-15
1.185460000000000036e+04 5.871580370252234114e-15 1.643589371358137314e-15 6.826549979774725452e-15
1.219350000000000000e+04 4.992613173055383624e-15 6.434496982135017808e-15 1.664289822373235677e-15
1.253239999999999964e+04 5.129342340018092736e-15 3.653006328610149005e-15 3.250163696991289701e-15
1.287129999999999927e+04 4.401913031238458786e-15 9.747369515105119415e-16 5.658244531345875778e-15
1.321010000000000036e+04 3.617239198413415071e-15 4.634597403731281008e-15 1.878227204372915793e-15
1.354900000000000000e+04 3.704058005544017459e-15 4.524569847895497491e-15 1.077938192878459618e-15
1.388789999999999964e+04 3.528858861846190625e-15 9.550343890754314107e-16 4.048205110242646176e-15
1.422679999999999927e+04 2.798192434807309850e-15 1.286745869383552739e-15 3.776576568862705693e-15
1.456570000000000073e+04 2.399578760584821303e-15 3.886661278524697281e-15 9.417969005995366602e-16
1.490460000000000036e+04 2.504329197332789056e-15 3.556192542386833805e-15 5.727916751736308284e-16
1.524350000000000000e+04 2.462148052391346972e-15 1.104080567095585410e-15 2.549782238534225224e-15
1.559020000000000073e+04 2.002291131765902050e-15 3.319883835278172194e-16 3.287129176294361771e-15
1.604210000000000036e+04 1.529687309346607915e-15 2.419653318582755352e-15 1.193443448115223245e-15
1.649400000000000000e+04 1.608771193916677524e-15 2.945887813653236773e-15 1.559974181154022667e-16
1.694590000000000146e+04 1.659158619123792646e-15 1.013947865297728756e-15 1.646159112783036462e-15
1.739779999999999927e+04 1.319110503784848285e-15 1.552901515384360222e-16 2.475724276558118562e-15
1.784979999999999927e+04 9.719021521315955307e-16 1.300053281503778421e-15 1.364490982618477867e-15
1.830170000000000073e+04 9.266596498139670921e-16 2.279380565443729793e-15 1.333016916369593559e-16
1.875359999999999854e+04 1.036641627145013896e-15 1.750662827299405704e-15 2.813602569192013099e-16
1.920550000000000000e+04 1.013052215168907110e-15 5.604621878425101328e-16 1.240127158927383280e-15
1.965740000000000146e+04 8.119770903907351952e-16 5.970497173145213331e-17 1.721820772794617954e-15
2.010929999999999927e+04 5.859066240462100770e-16 5.199465725012815282e-16 1.278672352187698940e-15
2.056129999999999927e+04 4.841918899425714584e-16 1.243398887904384154e-15 4.661617418975347463e-16
2.110150000000000000e+04 5.284245801907798760e-16 1.487913695622700646e-15 -1.416704107277011222e-17
2.170420000000000073e+04 6.033264435766708247e-16 8.584542724258686662e-16 3.765723413847183087e-16
2.230679999999999927e+04 5.409181702276565362e-16 1.516307480542770659e-16 9.898396869894259354e-16
2.290950000000000000e+04 3.854340181216801280e-16 8.180952580039832024e-17 1.074130096417724987e-15
2.351209999999999854e+04 2.651340889341854475e-16 5.143434717574394689e-16 6.340883214138102423e-16
2.411470000000000073e+04 2.419060305606485682e-16 9.056030316075585119e-16 1.453518442587470953e-16
2.471740000000000146e+04 2.845834477315494132e-16 9.250615177796592874e-16 -1.878138671899709542e-17
2.532000000000000000e+04 3.210247651384753299e-16 6.146194502071873320e-16 1.574131226299347172e-16
2.592270000000000073e+04 3.094054144185370558e-16 2.411530529252883508e-16 4.533454519899643394e-16
2.652529999999999927e+04 2.515408251424922810e-16 2.916186533523479769e-17 6.390528543987013058e-16
2.712800000000000000e+04 1.796952581195372438e-16 4.261251561527374622e-17 6.250079530664405349e-16
2.775140000000000146e+04 1.216875952147683186e-16 2.128229709181312043e-16 4.432807687035740432e-16
2.855500000000000000e+04 9.754840979672908820e-17 4.552906034586999352e-16 1.575284949877285712e-16
2.935870000000000073e+04 1.158745381649396024e-16 5.370208615898533477e-16 -3.357136990643085142e-18
3.016229999999999927e+04 1.424662046856395886e-16 4.294655009793153735e-16 1.993361785975683566e-17
3.096590000000000146e+04 1.520183343308197042e-16 2.379053789663127089e-16 1.541994637021317417e-16
3.176959999999999854e+04 1.356858850382062281e-16 7.431612862240120578e-17 2.882178845337891843e-16
3.257320000000000073e+04 1.032713144931205903e-16 4.989370190776062707e-18 3.483933993656856791e-16
3.337680000000000291e+04 6.890216995155563192e-17 2.936395378746715915e-17 3.190172829340324546e-16
3.418050000000000000e+04 4.438743848025987029e-17 1.075082126499708368e-16 2.323302328723835929e-16
3.498409999999999854e+04 3.319045606087573260e-17 1.905642574183730683e-16 1.284588320339516357e-16
3.578780000000000291e+04 3.379683076363016861e-17 2.442415365587887745e-16 4.506388731445435164e-17
3.659140000000000146e+04 4.096618109242245843e-17 2.539266558526021258e-16 3.110123916043819023e-19
3.756140000000000146e+04 5.210537169228807288e-17 2.209126051617527472e-16 -2.061718103513369689e-18
3.863309999999999854e+04 5.923420187837883754e-17 1.486072177457413353e-16 3.919612551718060746e-17
3.970469999999999709e+04 5.762246915459872103e-17 7.395710461864707527e-17 9.390346890517283409e-17
4.077640000000000146e+04 4.869931840619361810e-17 2.208486521354100357e-17 1.352556492732196103e-16
4.184800000000000000e+04 3.621301067113691314e-17 1.577066860278406114e-18 1.506401813718220494e-16
4.291969999999999709e+04 2.386474069873706696e-17 8.007103141316562223e-18 1.397640416748948203e-16
4.399140000000000146e+04 1.455063259601074829e-17 3.058331078705699389e-17 1.125113632654039578e-16
4.506300000000000000e+04 9.024658547308411092e-18 5.759090236300005524e-17 7.762794918311041376e-17
4.613469999999999709e+04 7.153702134023718883e-18 8.025371622468601453e-17 4.463860291291947427e-17
4.720640000000000146e+04 7.937468229521864270e-18 9.334142098981792793e-17 1.915093441231943660e-17
4.827800000000000000e+04 1.024152365299103440e-17 9.659427933505026084e-17 3.702409503108738685e-18
4.939900000000000000e+04 1.306365197333740851e-17 9.034102924331223621e-17 -2.340644436216779708e-18
5.082809999999999854e+04 1.625474320572959857e-17 7.433987922678445029e-17 1.407612664208600967e-18
5.225719999999999709e+04 1.772242198513083997e-17 5.307388588526292683e-17 1.255955799599837621e-17
5.368630000000000291e+04 1.755798400553120321e-17 3.299101910183704437e-17 2.585973106329516982e-17
5.511540000000000146e+04 1.578587895881850979e-17 1.673500291799529504e-17 3.709238811866739805e-17
5.654450000000000000e+04 1.310350543775820979e-17 6.131323118355110619e-18 4.424972871373277682e-17
5.797350000000000000e+04 1.008701477411396377e-17 1.059601231822938269e-18 4.678781994221729709e-17
5.940259999999999854e+04 7.165960520769849698e-18 4.705888205265267206e-19 4.500979683801274313e-17
6.083169999999999709e+04 4.738369039405413234e-18 2.942340720325578675e-18 4.057451422085317695e-17
6.226080000000000291e+04 2.859942974189141687e-18 7.044376099277665961e-18 3.410551205628405268e-17
6.368990000000000146e+04 1.583152878838983382e-18 1.155297258316975202e-17 2.685083566081902308e-17
6.511900000000000000e+04 8.645222109069387951e-19 1.576596847154985307e-17 2.000898773641811382e-17
6.686039999999999418e+04 5.821743625996824826e-19 1.988392031247693389e-17 1.280843319034673885e-17
6.876610000000000582e+04 7.789310976005628121e-19 2.269485796720967739e-17 6.727601755007987779e-18
7.067180000000000291e+04 1.262985679135477574e-18 2.356392191354292161e-17 2.611256776671338719e-18
7.257750000000000000e+04 1.840718970499592078e-18 2.277967701257468268e-17 3.268612893342053887e-19
7.448319999999999709e+04 2.362597035893101825e-18 2.066519921291452487e-17 -4.654420708580379325e-19
7.638900000000000000e+04 2.786260867878868244e-18 1.803443459908834321e-17 -1.910822331995646737e-19
7.829469999999999709e+04 3.035803762348123485e-18 1.495371629944142985e-17 7.510787542575731773e-19
8.020039999999999418e+04 3.126252117773010811e-18 1.189020591901062321e-17 2.013989707402765118e-18
8.210610000000000582e+04 3.061006260083037279e-18 9.020225257367062181e-18 3.320909763416673991e-18
8.401180000000000291e+04 2.910170477213506891e-18 6.601170482194748127e-18 4.537399982765028788e-18
8.591760000000000582e+04 2.662249690998372673e-18 4.567798050840600725e-18 5.506017891239097083e-18
8.793289999999999418e+04 2.361797566469881797e-18 2.914532756561006196e-18 6.264357734690265741e-18
9.047419999999999709e+04 1.997184441627234207e-18 1.488273062155940863e-18 6.941735378116569184e-18
9.301550000000000000e+04 1.607746364312593358e-18 6.029571015484447063e-19 7.140041091408291886e-18
9.555680000000000291e+04 1.258563216175813771e-18 1.615520838852110913e-19 7.071335330987232721e-18
9.809810000000000582e+04 9.374210085412540072e-19 3.579940476941316223e-20 6.676336873469879442e-18
1.006390000000000000e+05 6.684129208038835330e-19 1.236103812643737237e-19 6.117438775915345926e-18
