1.017789999999999928e+01 7.133245771847585919e-06 7.080346370069029867e-06 7.028564996536102827e-06
1.043200000000000038e+01 6.688039602805739711e-06 6.663959639647799659e-06 6.710528962691670359e-06
1.068609999999999971e+01 6.435211447655933360e-06 6.295778512434580326e-06 6.292243954933263090e-06
1.094030000000000058e+01 5.882470534411449699e-06 5.961101584905984122e-06 6.030574224238251738e-06
1.119439999999999991e+01 5.735600376738700261e-06 5.683161748796774046e-06 5.646698284945926368e-06
1.144849999999999923e+01 5.592798725818551868e-06 5.322201395910192518e-06 5.282990234109498499e-06
1.171439999999999948e+01 5.195439779794688680e-06 5.061415857377180987e-06 5.066753866499864284e-06
1.205320000000000036e+01 4.854679538111703711e-06 4.748905842396584409e-06 4.732061346369748670e-06
1.239209999999999923e+01 4.544256808451849590e-06 4.444720901733900148e-06 4.442453689686008027e-06
1.273099999999999987e+01 4.172737771505993543e-06 4.219417555881376789e-06 4.203001441748738872e-06
1.306990000000000052e+01 3.977382084437381602e-06 3.914466848622565385e-06 3.935674428556822789e-06
1.340879999999999939e+01 3.665877676679507447e-06 3.718667163594366055e-06 3.730752785957466208e-06
1.374770000000000003e+01 3.538927994605148099e-06 3.464345989085151247e-06 3.459071464107661151e-06
1.408660000000000068e+01 3.410574647805704988e-06 3.225637906270476835e-06 3.222225213285350280e-06
1.442549999999999955e+01 3.140790351206385406e-06 3.088273649373327397e-06 3.068242841096078087e-06
1.476440000000000019e+01 2.884236554238173903e-06 2.939052261647382086e-06 2.956220165984159059e-06
1.510330000000000084e+01 2.915273563771679823e-06 2.711098434391484448e-06 2.670647906582429413e-06
1.544209999999999994e+01 2.674872339550712166e-06 2.592367069925486225e-06 2.581787418850181676e-06
1.585510000000000019e+01 2.417377066391254639e-06 2.464989791349138969e-06 2.474803008119793234e-06
1.630699999999999861e+01 2.323827023307840544e-06 2.285887612772741338e-06 2.256999550209455164e-06
1.675890000000000057e+01 2.097025223201092941e-06 2.156321566720931438e-06 2.164984445939009110e-06
1.721079999999999899e+01 2.039049666778410405e-06 1.993195923363518974e-06 1.975406747056858976e-06
1.766280000000000072e+01 1.907162115202260915e-06 1.866479483288439334e-06 1.857477607923715246e-06
1.811469999999999914e+01 1.737040673522404289e-06 1.765445301144052323e-06 1.778883977658557984e-06
1.856660000000000110e+01 1.630594964336756635e-06 1.659321978866019019e-06 1.670283826657114509e-06
1.901849999999999952e+01 1.551280542320107951e-06 1.557706834002243731e-06 1.553959454992398575e-06
1.947040000000000148e+01 1.504260396547533167e-06 1.447863395841858664e-06 1.436290634844993744e-06
1.992229999999999990e+01 1.342041358127771447e-06 1.393238746543864402e-06 1.398124437404298385e-06
2.037430000000000163e+01 1.276308290526112879e-06 1.310926647894452829e-06 1.309011314802704585e-06
2.085219999999999985e+01 1.208341548168779239e-06 1.228359616759825617e-06 1.230245723265297116e-06
2.145479999999999876e+01 1.136659368426451071e-06 1.138789462506448307e-06 1.139857223712729973e-06
2.205750000000000099e+01 1.029586163239844315e-06 1.074467674203820154e-06 1.081468835753476111e-06
2.266009999999999991e+01 9.874627305869874592e-07 9.877225567099192379e-07 9.995423201488199969e-07
2.326269999999999882e+01 9.117403492349414548e-07 9.376849972455567946e-07 9.363613014998123934e-07
2.386540000000000106e+01 8.279742270534143767e-07 8.845019301595878619e-07 8.906256988677698360e-07
2.446799999999999997e+01 7.909828782137213056e-07 8.268961346514509532e-07 8.236146501032309041e-07
2.507069999999999865e+01 7.685326541663067724e-07 7.654626650011065484e-07 7.576851959114199887e-07
2.567330000000000112e+01 7.178969874137722251e-07 7.166297356999983214e-07 7.152519939124797741e-07
2.627590000000000003e+01 6.721302180151369228e-07 6.806680330782380822e-07 6.682058479348461720e-07
2.687859999999999872e+01 6.087695408819368887e-07 6.448518060688299442e-07 6.478635436157634854e-07
2.748120000000000118e+01 6.079218535360769931e-07 5.926996576414883125e-07 5.883822736831780418e-07
2.822250000000000014e+01 5.446137840109172682e-07 5.567539663719586298e-07 5.614766637123908010e-07
2.902609999999999957e+01 5.199180753040165539e-07 5.190053611930000506e-07 5.234515141790896897e-07
2.982979999999999876e+01 4.773964667763824239e-07 4.869651163080399861e-07 4.879227374828043527e-07
3.063340000000000174e+01 4.566036198357059971e-07 4.497044427211443993e-07 4.500568352917437184e-07
3.143700000000000117e+01 4.219639008517294938e-07 4.230202352008548491e-07 4.230430744444823808e-07
3.224069999999999681e+01 3.865439438083023412e-07 3.988924059275443647e-07 4.005384217267178479e-07
3.304429999999999978e+01 3.647907529292980057e-07 3.758049193566541477e-07 3.644199404008455020e-07
3.384790000000000276e+01 3.576798880372320492e-07 3.435507575983087854e-07 3.404327077476505825e-07
3.465160000000000196e+01 3.107753937631658309e-07 3.360076670453621182e-07 3.341984442380453569e-07
3.545519999999999783e+01 3.064316324760893891e-07 3.080653470726066460e-07 3.051523235503216589e-07
3.625880000000000081e+01 2.917952543096881577e-07 2.865953583249927061e-07 2.860821217676442508e-07
3.711789999999999878e+01 2.704249063526640380e-07 2.707237223494614221e-07 2.706030576448110569e-07
3.818959999999999866e+01 2.439425817848182629e-07 2.536378624914667406e-07 2.572581029737161602e-07
3.926129999999999853e+01 2.348837732052747534e-07 2.342380954106615145e-07 2.342365663851122602e-07
4.033290000000000219e+01 2.237191941157142383e-07 2.155603667975780652e-07 2.163238508852064033e-07
4.140460000000000207e+01 1.959502743416984037e-07 2.089533011684337043e-07 2.083885485161267438e-07
4.247630000000000194e+01 1.928092733460875513e-07 1.863776785195699301e-07 1.921189905427604929e-07
4.354789999999999850e+01 1.737109375088276693e-07 1.786174866817530825e-07 1.856871276572207761e-07
4.461959999999999837e+01 1.630613228224038862e-07 1.706148165962671131e-07 1.686988774048059637e-07
4.569129999999999825e+01 1.561623363043491224e-07 1.570924194662941514e-07 1.579340215072846572e-07
4.676290000000000191e+01 1.447739494382310739e-07 1.484044803299747648e-07 1.488699045264557572e-07
4.783460000000000178e+01 1.351041825552101008e-07 1.398002005430310014e-07 1.401036501950105651e-07
4.890630000000000166e+01 1.310916423101382204e-07 1.298678304767231401e-07 1.295262375436579368e-07
5.023669999999999902e+01 1.212512162172983825e-07 1.211714114809649238e-07 1.214447478970899693e-07
5.166579999999999728e+01 1.108190929783961346e-07 1.138132887128259110e-07 1.140246126607421182e-07
5.309490000000000265e+01 1.050989431780782335e-07 1.053100883045596260e-07 1.050909863962701766e-07
5.452400000000000091e+01 9.696605162978307415e-08 9.913085597571368256e-08 9.862943664240007993e-08
5.595309999999999917e+01 9.041735200596422497e-08 9.205806156497416455e-08 9.213414750552810963e-08
5.738219999999999743e+01 8.405436613386329729e-08 8.513840283892245478e-08 8.733121464653286193e-08
5.881130000000000280e+01 7.925528312608406847e-08 8.188879597283581294e-08 8.031894752891045300e-08
6.024040000000000106e+01 7.551518161860063495e-08 7.452396954839388545e-08 7.558668637581977007e-08
6.166949999999999932e+01 6.839462606103009157e-08 7.190979439035093221e-08 7.098210759465348286e-08
6.309859999999999758e+01 6.561190335136085798e-08 6.608223827818709894e-08 6.682304014337749369e-08
6.452760000000000673e+01 6.308693086383359288e-08 6.202943585669806514e-08 6.155926858183097631e-08
6.607179999999999609e+01 5.800765511354900661e-08 5.825570560488838045e-08 5.828987113538222531e-08
6.797750000000000625e+01 5.324919645129462020e-08 5.435693557922412901e-08 5.439024133169423761e-08
6.988320000000000221e+01 4.962573301249645713e-08 5.086069302013704302e-08 5.074766193041721978e-08
7.178889999999999816e+01 4.512588156215252167e-08 4.776965368104193429e-08 4.759292498993323245e-08
7.369469999999999743e+01 4.388817799734274463e-08 4.357999856245628372e-08 4.427700143996681003e-08
7.560039999999999338e+01 4.084984722816947970e-08 4.187975119507983896e-08 4.170643269364581061e-08
7.750610000000000355e+01 3.810326137192255293e-08 3.799949434905038632e-08 3.856717336709177361e-08
7.941179999999999950e+01 3.539664064896205511e-08 3.612572567546591793e-08 3.603320794412190740e-08
8.131749999999999545e+01 3.279686145035978598e-08 3.411213120288854460e-08 3.332374582408279065e-08
8.322329999999999472e+01 3.090125899923815978e-08 3.176309113894507824e-08 3.145368554369091460e-08
8.512900000000000489e+01 3.064922435404831446e-08 2.912737404386589094e-08 2.977251905558378118e-08
8.703470000000000084e+01 2.753267682707922509e-08 2.665595620573392985e-08 2.904713096220171791e-08
8.942260000000000275e+01 2.478026691473807707e-08 2.603649215979835096e-08 2.640387772403982583e-08
9.196389999999999532e+01 2.334126412554926010e-08 2.436181220624916397e-08 2.399507476617973944e-08
9.450520000000000209e+01 2.223190867569791916e-08 2.254194379759323817e-08 2.233729741870692012e-08
9.704659999999999798e+01 2.071554013819110655e-08 2.064772991161428971e-08 2.075381356152130679e-08
9.958790000000000475e+01 1.916649608021828536e-08 1.932186469142410652e-08 1.952083042979337685e-08
1.021290000000000049e+02 1.790795075221926335e-08 1.832546596645070906e-08 1.841026871403251893e-08
1.046710000000000065e+02 1.683981114314261889e-08 1.711411288962661399e-08 1.710753226723077172e-08
1.072120000000000033e+02 1.588720119484452722e-08 1.634221777119312577e-08 1.567363759755122333e-08
1.097530000000000001e+02 1.488207819307643769e-08 1.454332897667445194e-08 1.530373110448745936e-08
1.122939999999999969e+02 1.389093538947632638e-08 1.392166457980971849e-08 1.409915583071396169e-08
1.148359999999999985e+02 1.315909180283350228e-08 1.269217209494048099e-08 1.344272522932266937e-08
1.176110000000000042e+02 1.224490548016116268e-08 1.245873503491492059e-08 1.204135553492392041e-08
1.210000000000000000e+02 1.138420198019962657e-08 1.070304257597233745e-08 1.202087531382804004e-08
1.243889999999999958e+02 1.062766075993616415e-08 1.054933918810721368e-08 1.051157048393599253e-08
1.277780000000000058e+02 9.767046912651438721e-09 9.758698299467432681e-09 9.955365956473944443e-09
1.311670000000000016e+02 9.165156795088575441e-09 9.513243087620239875e-09 8.779747287291190834e-09
1.345550000000000068e+02 8.398018955335810013e-09 8.913755094023457252e-09 8.282560650640737604e-09
1.379439999999999884e+02 7.682304974225250817e-09 8.403941262459066165e-09 7.809973143315684825e-09
1.413329999999999984e+02 7.236466657556354556e-09 7.532105260171130781e-09 7.553965382272518486e-09
1.447220000000000084e+02 6.939106674820663741e-09 7.032371234010628300e-09 6.846553382635611941e-09
1.481109999999999900e+02 6.469200756306466541e-09 6.249441266997624667e-09 6.799562088714792156e-09
1.515000000000000000e+02 6.056749007125443283e-09 6.185357344738875926e-09 6.046812768135683649e-09
1.548890000000000100e+02 5.723553079530738597e-09 5.583391968202316475e-09 5.831259382266946901e-09
1.591740000000000066e+02 5.274869073711251902e-09 5.328744436685852769e-09 5.311304969602897537e-09
1.636930000000000121e+02 4.817843813009560377e-09 4.961379736016480319e-09 4.982709955973961287e-09
1.682129999999999939e+02 4.408926284687636633e-09 4.677606107941319283e-09 4.618169692371045451e-09
1.727319999999999993e+02 4.083889693416988928e-09 4.233093805404903051e-09 4.430602981178109942e-09
1.772510000000000048e+02 3.905559526825321423e-09 3.969907235063558678e-09 3.989138563111121756e-09
1.817700000000000102e+02 3.607519968233351942e-09 3.774170641083021334e-09 3.672937320683627955e-09
1.862889999999999873e+02 3.403092350289704299e-09 3.411097140823314801e-09 3.495576273886983499e-09
1.908079999999999927e+02 3.183563719450034228e-09 3.228940986672945452e-09 3.207851237940105191e-09
1.953280000000000030e+02 2.979875533318974934e-09 3.022584302372258711e-09 2.986749094308768228e-09
1.998470000000000084e+02 2.797137359529119109e-09 2.749955989948755755e-09 2.855852430522126418e-09
2.043660000000000139e+02 2.593197621292469961e-09 2.660170968622287579e-09 2.604637845085243060e-09
2.093530000000000086e+02 2.458828371462027934e-09 2.402336236720067571e-09 2.469009306317905969e-09
2.153789999999999907e+02 2.248201039877574614e-09 2.365574109530135395e-09 2.171928477592291287e-09
2.214060000000000059e+02 2.074831531419525426e-09 2.064498771413296140e-09 2.150594022167179532e-09
2.274319999999999879e+02 1.915398884794011885e-09 1.956568091839670742e-09 1.965557557157426365e-09
2.334590000000000032e+02 1.770694361578909116e-09 1.811286087770935618e-09 1.841612966150156061e-09
2.394850000000000136e+02 1.622350838918466628e-09 1.663682365983589999e-09 1.756307548597944322e-09
2.455109999999999957e+02 1.522850261310230401e-09 1.533989843157798286e-09 1.638669773531971981e-09
2.515380000000000109e+02 1.395281788737306185e-09 1.454647429679207017e-09 1.524589370083487227e-09
2.575640000000000214e+02 1.309646409858500266e-09 1.424457142550926098e-09 1.344704236090574218e-09
2.635910000000000082e+02 1.218642931346451581e-09 1.330323937803759567e-09 1.255621494849789784e-09
2.696170000000000186e+02 1.179002822213686395e-09 1.190515910149517361e-09 1.183496993636796684e-09
2.756440000000000055e+02 1.112984286587085362e-09 1.104408089812599632e-09 1.103094591704006680e-09
2.833330000000000268e+02 9.981279769613373815e-10 1.046822981434623744e-09 1.028092088804039231e-09
2.913700000000000045e+02 9.229253391626643599e-10 9.585398558559490816e-10 9.617108269813869101e-10
2.994060000000000059e+02 8.717596881602053139e-10 8.800228733541282467e-10 8.806187726356670984e-10
3.074420000000000073e+02 7.739359582151457721e-10 8.015230672851143017e-10 8.664627188497402620e-10
3.154789999999999850e+02 7.445341246274297707e-10 7.706576746871601759e-10 7.544782281443090507e-10
3.235149999999999864e+02 6.925803286037070519e-10 7.038678652486834470e-10 7.093539080844218390e-10
3.315509999999999877e+02 6.212092122939635013e-10 6.595434548897580875e-10 6.767109567162785347e-10
3.395880000000000223e+02 6.057080015821208058e-10 6.112335599490965512e-10 6.053721621187829744e-10
3.476240000000000236e+02 5.565537038572721817e-10 5.721337139156713449e-10 5.602485538088649621e-10
3.556610000000000014e+02 5.015729658920758577e-10 5.397440325665087981e-10 5.399141427414156054e-10
3.636970000000000027e+02 4.844286620392281789e-10 4.919456579674246508e-10 4.973337144489102350e-10
3.726580000000000155e+02 4.544574591039263133e-10 4.579254255591599588e-10 4.575620173869139794e-10
3.833740000000000236e+02 4.003190769629561871e-10 4.323339306599041959e-10 4.324752221821398300e-10
3.940910000000000082e+02 3.829243523089884445e-10 3.921341629111419061e-10 3.946937829798698640e-10
4.048079999999999927e+02 3.599660876058732688e-10 3.618943227789284055e-10 3.609137404351984980e-10
4.155240000000000009e+02 3.131067841389073254e-10 3.450288823206598318e-10 3.446303961904328735e-10
4.262409999999999854e+02 2.939590058336628129e-10 3.135141735828581201e-10 3.230027904912213530e-10
4.369569999999999936e+02 2.890606502448531469e-10 2.859224587217684799e-10 2.883897587183784976e-10
4.476739999999999782e+02 2.573549034023705723e-10 2.730727233332507207e-10 2.714095258893788562e-10
4.583910000000000196e+02 2.225263748056877139e-10 2.660167292938161512e-10 2.612302857527067652e-10
4.691070000000000277e+02 2.144166809654200874e-10 2.365686719171633412e-10 2.419767891924167398e-10
4.798240000000000123e+02 2.162825719756184767e-10 2.114441810678708660e-10 2.162918966752284058e-10
4.905409999999999968e+02 1.998280472282773309e-10 2.044748557484725263e-10 1.957324026022502316e-10
5.043389999999999986e+02 1.653735236552285731e-10 1.947254048104012463e-10 1.937171330958702559e-10
5.186299999999999955e+02 1.485562260321308304e-10 1.791914151376705384e-10 1.830445651161986495e-10
5.329199999999999591e+02 1.550132151241410345e-10 1.562109993019362629e-10 1.608959691609227675e-10
5.472110000000000127e+02 1.492791593142192507e-10 1.426687461797458528e-10 1.446104263380349626e-10
5.615019999999999527e+02 1.276679685293009834e-10 1.449767962942735727e-10 1.314075759264255269e-10
5.757930000000000064e+02 1.083401015534681870e-10 1.253830335396956940e-10 1.405694731708361758e-10
5.900839999999999463e+02 1.019935637872510760e-10 1.196754306297139168e-10 1.251588954818839913e-10
6.043750000000000000e+02 1.053727303270130140e-10 1.012945006395444808e-10 1.151748140469425530e-10
6.186660000000000537e+02 1.044077925027407014e-10 9.647194235803657254e-11 9.781858928242276208e-11
6.329569999999999936e+02 9.040722427450156775e-11 9.333697112451823809e-11 9.350780507678025016e-11
6.472480000000000473e+02 7.725685614421717654e-11 9.146383356790591215e-11 8.893431115972695818e-11
6.633460000000000036e+02 6.896407711367725518e-11 8.432252816317263144e-11 8.525464547880014877e-11
6.824039999999999964e+02 6.886350409592555255e-11 7.436771477763254179e-11 7.653288962314194841e-11
7.014610000000000127e+02 6.877062004726406102e-11 6.630596981085676647e-11 6.751191286316868191e-11
7.205180000000000291e+02 6.290954349620116389e-11 6.214940552892893188e-11 6.289939457827008492e-11
7.395750000000000455e+02 5.352702231456045155e-11 5.998536328427505085e-11 5.935073537025555308e-11
7.586319999999999482e+02 4.581038819464685464e-11 5.694087064277872241e-11 5.718905878171946152e-11
7.776900000000000546e+02 4.224273116306278689e-11 5.254414615478150887e-11 5.322678271664997025e-11
7.967469999999999573e+02 4.159755860692923697e-11 4.713023466436122006e-11 4.833864860923956849e-11
8.158039999999999736e+02 4.236586392019735789e-11 4.152091705361504450e-11 4.339845485704461088e-11
8.348609999999999900e+02 4.080766958071673134e-11 3.775814794530193022e-11 3.915295996618636674e-11
8.539180000000000064e+02 3.749678830714383917e-11 3.582106881430311144e-11 3.583202338702306673e-11
8.729759999999999991e+02 3.255117094979134921e-11 3.465500700410517425e-11 3.405005284021848376e-11
8.977309999999999945e+02 2.664000014236507737e-11 3.340363036890080488e-11 3.310670718978163271e-11
9.231449999999999818e+02 2.244720880014026704e-11 3.216443309169211970e-11 3.122463115937712891e-11
9.485579999999999927e+02 2.152562748514576037e-11 2.874976969387152912e-11 2.880514222939473775e-11
9.739710000000000036e+02 2.211851786041055846e-11 2.500492074175416249e-11 2.586688857065428532e-11
9.993840000000000146e+02 2.281419688342698981e-11 2.168749997591267770e-11 2.289285592261985032e-11
1.024799999999999955e+03 2.221913470645779252e-11 1.972866691782756985e-11 2.029177615197920531e-11
1.050210000000000036e+03 2.015364807780586728e-11 1.859094928134518944e-11 1.883253201630045253e-11
1.075619999999999891e+03 1.710048147151099610e-11 1.828961758300226681e-11 1.786469850229550208e-11
1.101039999999999964e+03 1.387226341182193692e-11 1.820918751985412200e-11 1.714176206841386704e-11
1.126450000000000045e+03 1.141653202379142448e-11 1.747873814839917695e-11 1.670491567009211064e-11
1.151859999999999900e+03 9.953000419984181483e-12 1.603159063068155295e-11 1.625728217535507981e-11
1.180779999999999973e+03 9.458009636547300180e-12 1.448958860991299209e-11 1.503933977613630532e-11
1.214670000000000073e+03 9.986420066659516694e-12 1.270019421547425294e-11 1.315919524073536751e-11
1.248559999999999945e+03 1.057851519328081481e-11 1.079782400823133407e-11 1.161724907846446209e-11
1.282450000000000045e+03 1.059052577488114095e-11 9.545862227143016911e-12 1.024035105785689173e-11
1.316339999999999918e+03 9.915765646167756009e-12 8.932569886801947724e-12 9.178251421719015977e-12
1.350230000000000018e+03 8.670514796542119197e-12 8.429421754094014971e-12 8.756744352428314898e-12
1.384119999999999891e+03 7.374632318959002021e-12 8.466846628409656747e-12 8.030511183176716454e-12
1.418009999999999991e+03 5.757890049933725227e-12 8.291589613342382471e-12 7.989707538513841595e-12
1.451900000000000091e+03 4.947120408516564200e-12 8.125651989423958846e-12 7.308070773779495433e-12
1.485789999999999964e+03 3.910635727599066453e-12 7.009117382159249439e-12 7.919017219419489742e-12
1.519670000000000073e+03 3.448096050607608549e-12 6.630338669285377341e-12 7.341351241827194156e-12
1.553559999999999945e+03 3.398476588968706357e-12 6.163855873339465609e-12 6.537146293270942014e-12
1.597980000000000018e+03 3.544572935179669717e-12 5.275217460700102609e-12 5.981294509697452744e-12
1.643170000000000073e+03 3.855889520049110544e-12 4.762694026814356127e-12 4.984492059618682618e-12
1.688359999999999900e+03 3.941741656120212687e-12 4.171716736315441471e-12 4.401397550612835423e-12
1.733549999999999955e+03 3.943220648380464579e-12 3.553826597023442336e-12 4.027327836098045517e-12
1.778740000000000009e+03 3.790449074688382061e-12 3.301863707565548922e-12 3.528366901282094878e-12
1.823930000000000064e+03 3.489037645859662253e-12 3.157880653620749519e-12 3.140705810279843863e-12
1.869130000000000109e+03 3.106785327729116490e-12 3.147747169990310853e-12 2.781934218388687118e-12
1.914319999999999936e+03 2.661074584540389685e-12 3.161335918168919558e-12 2.518592617964263006e-12
1.959509999999999991e+03 2.217355885054754553e-12 2.696260949019125157e-12 2.788726650652000134e-12
2.004700000000000045e+03 1.922171430255194847e-12 2.330977421142593420e-12 2.857119419774889012e-12
2.049889999999999873e+03 1.555154464256055007e-12 3.000965695818855476e-12 2.015355808935520023e-12
2.101840000000000146e+03 1.196979874090962781e-12 2.557695534484399325e-12 2.297143105915922046e-12
2.162110000000000127e+03 9.688688477617270459e-13 2.269887948191986505e-12 2.317945067439134424e-12
2.222369999999999891e+03 8.727773297626067943e-13 1.787601346928605430e-12 2.447173197441828635e-12
2.282630000000000109e+03 8.932348360067758071e-13 1.739202208237053391e-12 2.062281093963395633e-12
2.342900000000000091e+03 7.950864071212137865e-13 1.992489947134626260e-12 1.538010129096819484e-12
2.403159999999999854e+03 7.754783945970678088e-13 1.362167311296629019e-12 1.847297813781713899e-12
2.463429999999999836e+03 8.252261637871127380e-13 1.512889555592491554e-12 1.335443323467023403e-12
2.523690000000000055e+03 8.195107581864082470e-13 1.112641433546065781e-12 1.453681947640384339e-12
2.583960000000000036e+03 8.162657620826170947e-13 1.135763580617005334e-12 1.174209537110922025e-12
2.644219999999999800e+03 8.452177675043443854e-13 9.878746474908802603e-13 1.051879930649328256e-12
2.704480000000000018e+03 8.294317046778921593e-13 8.464422882923748919e-13 9.854905393831416733e-13
2.764750000000000000e+03 8.088238667378539709e-13 7.732987759452693756e-13 8.768682881027219420e-13
2.844420000000000073e+03 7.879251280425673633e-13 6.883307024134859935e-13 7.794793217210661904e-13
2.924780000000000200e+03 7.560197823045988552e-13 6.423848871433985498e-13 6.728108022381443414e-13
3.005150000000000091e+03 7.099052230601972656e-13 5.687341303949434440e-13 6.251240628952679210e-13
3.085510000000000218e+03 6.502176974335056585e-13 5.288388751280398779e-13 5.724090042291118480e-13
3.165869999999999891e+03 5.965239673192673722e-13 5.078012462732752081e-13 5.067875138869363001e-13
3.246239999999999782e+03 5.413764273134909052e-13 4.786118588947296470e-13 4.656648973548558910e-13
3.326599999999999909e+03 4.817651456753034670e-13 4.488991797930024006e-13 4.385117922854798981e-13
3.406960000000000036e+03 4.235853812804947877e-13 4.238373186681342686e-13 4.150838302003193892e-13
3.487329999999999927e+03 3.696240966576780208e-13 4.007607436148966532e-13 3.933192043297026621e-13
3.567690000000000055e+03 3.221860971423705143e-13 3.785750083350261503e-13 3.737622302740985236e-13
3.648050000000000182e+03 2.813429887683170821e-13 3.581425309894263676e-13 3.519247012252886119e-13
3.741360000000000127e+03 2.380884592099049860e-13 3.385822019951077518e-13 3.353606337808275019e-13
3.848519999999999982e+03 1.931214337422916084e-13 3.200441284707404707e-13 3.237713840142189297e-13
3.955690000000000055e+03 1.577108155299257847e-13 3.023099108675985433e-13 3.078901288219976484e-13
4.062860000000000127e+03 1.309207547086687534e-13 2.837250428991315077e-13 2.921617873287809450e-13
4.170020000000000437e+03 1.114836864289206387e-13 2.654976625107235033e-13 2.732869480061419664e-13
4.277189999999999600e+03 9.894952491909427499e-14 2.523534515385177231e-13 2.474459009783374458e-13
4.384359999999999673e+03 8.934502412979511438e-14 2.439117620514864810e-13 2.184256819364551883e-13
4.491520000000000437e+03 7.557897803818153605e-14 2.289315512484770181e-13 2.035617143188300118e-13
4.598689999999999600e+03 5.907754988403712991e-14 2.024840634291855622e-13 2.073377522144165884e-13
4.705859999999999673e+03 5.326394734273447366e-14 1.842391501661264019e-13 1.949713520896291746e-13
4.813020000000000437e+03 5.560115522189346940e-14 1.783609616270906072e-13 1.647075948105982044e-13
4.920189999999999600e+03 4.735727678077786818e-14 1.576578181717789512e-13 1.631729259165351247e-13
5.063100000000000364e+03 4.276260269933035237e-14 1.393280445608217878e-13 1.554805112454400731e-13
5.206010000000000218e+03 4.215240702827133389e-14 1.288232191609419455e-13 1.388931029701267133e-13
5.348920000000000073e+03 4.449074787863111747e-14 1.209987050100725689e-13 1.192598689868788635e-13
5.491819999999999709e+03 4.405710250095156020e-14 1.049655453259601221e-13 1.128895148966124243e-13
5.634729999999999563e+03 4.149986776298054213e-14 9.260453703717038270e-14 1.066894118406936449e-13
5.777640000000000327e+03 4.235572905709703392e-14 8.803863132227239577e-14 9.163260465889879237e-14
5.920550000000000182e+03 4.220833740530338598e-14 7.553104985226567139e-14 8.685328193884912408e-14
6.063460000000000036e+03 4.089184175558600093e-14 6.996352235937190513e-14 7.777823602239326179e-14
6.206369999999999891e+03 4.079163632402595262e-14 6.207648026266181711e-14 7.094140143529316233e-14
6.349279999999999745e+03 3.964659962815878153e-14 5.674019096113204394e-14 6.410750155555644693e-14
6.492189999999999600e+03 3.875960066784530022e-14 5.009803901971185636e-14 5.922808966271316130e-14
6.659750000000000000e+03 3.790919431116894771e-14 4.671838382275931493e-14 5.156762474905909867e-14
6.850319999999999709e+03 3.677888437580099219e-14 3.885026046081765773e-14 4.913478630752253431e-14
7.040890000000000327e+03 3.575122340779198912e-14 3.813180895317249096e-14 4.089323355451821960e-14
7.231470000000000255e+03 3.451703890568494889e-14 3.117703756056048518e-14 3.979968864807511224e-14
7.422039999999999964e+03 3.297355152006577370e-14 3.085937346268310185e-14 3.322437304166299864e-14
7.612609999999999673e+03 3.160995986949654248e-14 2.484828899617831118e-14 3.291416004931503756e-14
7.803180000000000291e+03 2.988648012024809559e-14 2.670774841896627869e-14 2.565011607924581849e-14
7.993750000000000000e+03 2.852420380581246760e-14 1.810693320953802686e-14 2.928931710673618479e-14
8.184329999999999927e+03 2.666631077081379037e-14 2.472831110318065590e-14 1.861322622793451328e-14
8.374899999999999636e+03 2.550116780614954920e-14 1.381350921403320052e-14 2.527185597824123101e-14
8.565469999999999345e+03 2.346650888313106208e-14 1.872710658728579285e-14 1.734255613930457083e-14
8.758229999999999563e+03 2.231731017716044283e-14 1.712278006853585219e-14 1.555615475138981681e-14
9.012370000000000800e+03 2.061608653621891940e-14 1.131143514623520703e-14 1.849745968485956607e-14
9.266500000000000000e+03 1.918467954221124028e-14 1.686648078157951504e-14 1.024062545239569656e-14
9.520629999999999200e+03 1.802550255848101546e-14 6.533275163949244784e-15 1.798691566983416487e-14
9.774760000000000218e+03 1.602696134355381223e-14 1.576976501428341214e-14 7.276931897805172962e-15
1.002889999999999964e+04 1.569966675418860880e-14 7.815891141333744364e-15 1.251723912421867351e-14
1.028300000000000000e+04 1.378696850523700019e-14 7.093474256277578077e-15 1.230710096932600017e-14
1.053720000000000073e+04 1.268984607094868257e-14 1.364524843183617088e-14 4.256752547407566339e-15
1.079129999999999927e+04 1.241349083259397536e-14 4.964729431650348111e-15 1.079787226584941314e-14
1.104539999999999964e+04 1.068865922238025975e-14 5.075196626077260494e-15 1.027397978406957228e-14
1.129960000000000036e+04 9.665474224555579118e-15 1.149873240980848444e-14 2.862885755198862603e-15
1.155370000000000073e+04 9.684122001891056283e-15 6.346012759067763078e-15 6.154918664260585367e-15
1.185460000000000036e+04 8.434824780646129926e-15 2.183514065952033543e-15 9.789900514611011003e-15
1.219350000000000000e+04 7.164323190702547536e-15 9.252803450786769009e-15 2.267857117282363790e-15
1.253239999999999964e+04 7.383399061809815142e-15 5.235404477971613605e-15 4.578227323250550205e-15
1.287129999999999927e+04 6.347770995791597483e-15 1.281902512234827291e-15 8.180460240635882202e-15
1.321010000000000036e+04 5.203088144126896092e-15 6.693799113930837278e-15 2.654065448033956858e-15
1.354900000000000000e+04 5.347129558787748628e-15 6.599570252541037752e-15 1.457533054213909656e-15
1.388789999999999964e+04 5.122414098169804437e-15 1.331892136043252025e-15 5.879814595007167933e-15
1.422679999999999927e+04 4.055762776922003341e-15 1.808764431340368376e-15 5.528821521298163211e-15
1.456570000000000073e+04 3.472593578566000794e-15 5.709122843062415866e-15 1.329920642303828246e-15
1.490460000000000036e+04 3.647804533835289278e-15 5.271658093183820233e-15 7.688559371185593015e-16
1.524350000000000000e+04 3.607129004399257261e-15 1.612374622919881239e-15 3.742006690298667513e-15
1.559020000000000073e+04 2.937281500977557618e-15 4.409002823257669286e-16 4.892610949214466771e-15
1.604210000000000036e+04 2.228914941615316616e-15 3.594919546071153726e-15 1.759196691982068120e-15
1.649400000000000000e+04 2.354296568510557486e-15 4.424857171558451119e-15 1.825125597150164684e-16
1.694590000000000146e+04 2.444959259103047332e-15 1.514529325813894127e-15 2.439146707331225976e-15
1.739779999999999927e+04 1.943852578281963255e-15 2.020400890317903935e-16 3.726750639042106659e-15
1.784979999999999927e+04 1.419587712352547970e-15 1.943210824193051821e-15 2.054622855832909838e-15
1.830170000000000073e+04 1.354900530089400709e-15 3.458330881085339456e-15 1.771356106971421004e-16
1.875359999999999854e+04 1.531826747859199608e-15 2.671726071567706873e-15 3.972631416685488856e-16
1.920550000000000000e+04 1.508565757905017313e-15 8.521881484382489614e-16 1.875446056584548667e-15
1.965740000000000146e+04 1.207755626979411879e-15 7.515329398114394599e-17 2.633656306792995797e-15
2.010929999999999927e+04 8.645327742312594475e-16 7.842716281519417935e-16 1.966637807953042368e-15
2.056129999999999927e+04 7.106512713984341274e-16 1.915592845740042557e-15 7.136390201444807375e-16
2.110150000000000000e+04 7.843769355315813139e-16 2.314268386096871576e-15 -3.720681226114078719e-17
2.170420000000000073e+04 9.063687314434062169e-16 1.339159866313876115e-15 5.696839472007106088e-16
2.230679999999999927e+04 8.155875221841579004e-16 2.327239124197541584e-16 1.535432845735763925e-15
2.290950000000000000e+04 5.763358173223227649e-16 1.190029973772444806e-16 1.678836159724140057e-15
2.351209999999999854e+04 3.894668997776451197e-16 8.000770510620545941e-16 9.944407175204416660e-16
2.411470000000000073e+04 3.551126705764099924e-16 1.425770003589940608e-15 2.248882963049005804e-16
2.471740000000000146e+04 4.252046814195078991e-16 1.464588391781246834e-15 -3.746697864172230514e-17
2.532000000000000000e+04 4.873196462519325742e-16 9.783279743633681804e-16 2.411093833627182046e-16
2.592270000000000073e+04 4.733655583653851952e-16 3.849824852945712547e-16 7.154675748619547757e-16
2.652529999999999927e+04 3.850522680069610674e-16 4.451442785763584670e-17 1.019448294867449616e-15
2.712800000000000000e+04 2.721975502181583127e-16 6.449775914384020923e-17 1.003243042637090962e-15
2.775140000000000146e+04 1.805120123168646897e-16 3.396068177984225221e-16 7.155319505008204321e-16
2.855500000000000000e+04 1.424025080328486204e-16 7.351936051692646645e-16 2.542474257434181881e-16
2.935870000000000073e+04 1.734930755765923871e-16 8.726027107291026451e-16 -8.005252982529228403e-18
3.016229999999999927e+04 2.190410126201210044e-16 7.022138626631701791e-16 2.877307059139428405e-17
3.096590000000000146e+04 2.366771974295498341e-16 3.904715332827021031e-16 2.484118381618683432e-16
3.176959999999999854e+04 2.121302795022979731e-16 1.222935172541045311e-16 4.703751382095561772e-16
3.257320000000000073e+04 1.605450214243324419e-16 7.296514156050962569e-18 5.727251123940962442e-16
3.337680000000000291e+04 1.051319616243956155e-16 4.697576379383368447e-17 5.280109767682357590e-16
3.418050000000000000e+04 6.520734169958628973e-17 1.769349963990714253e-16 3.862682259539388132e-16
3.498409999999999854e+04 4.726822950191522137e-17 3.169458950538135296e-16 2.146491622705653525e-16
3.578780000000000291e+04 4.900703097005414975e-17 4.092819692299997303e-16 7.538008247570580974e-17
3.659140000000000146e+04 6.201530636913344309e-17 4.288306748263024778e-16 -2.052188034368689622e-19
3.756140000000000146e+04 8.168900247725828324e-17 3.747575244721765717e-16 -4.715627555710057612e-18
3.863309999999999854e+04 9.481169351154662328e-17 2.533825914929052752e-16 6.517224720527887537e-17
3.970469999999999709e+04 9.308908901212724137e-17 1.267481175619290643e-16 1.588949077968040673e-16
4.077640000000000146e+04 7.873215030432351269e-17 3.798423254946604576e-17 2.307099905992505028e-16
4.184800000000000000e+04 5.801999761660276749e-17 2.468633078981163836e-18 2.585358884690132746e-16
4.291969999999999709e+04 3.733426966895280414e-17 1.332838164041810671e-17 2.414797633599425726e-16
4.399140000000000146e+04 2.156543816635655385e-17 5.245199445890330028e-17 1.953223890180641066e-16
4.506300000000000000e+04 1.226825977723041268e-17 9.985702794469787971e-17 1.355401394643544760e-16
4.613469999999999709e+04 9.274307674281727291e-18 1.402388357238491521e-16 7.837918632056964984e-17
4.720640000000000146e+04 1.095383368663194471e-17 1.643929262590498228e-16 3.381122884525470956e-17
4.827800000000000000e+04 1.532647632562805850e-17 1.711883022204990249e-16 6.464412660998457401e-18
4.939900000000000000e+04 2.069427035738498534e-17 1.611817056012272098e-16 -4.405018892688164208e-18
5.082809999999999854e+04 2.673328106986552861e-17 1.332810115053110688e-16 2.158980590897320288e-18
5.225719999999999709e+04 2.977014267731963664e-17 9.575175130766825465e-17 2.217761262962686176e-17
5.368630000000000291e+04 2.978252045499123294e-17 5.976887675465945429e-17 4.625378709974011982e-17
5.511540000000000146e+04 2.691634864259814343e-17 3.050044312760467987e-17 6.689974346377718777e-17
5.654450000000000000e+04 2.233623356340123286e-17 1.123657785903053383e-17 8.035288659554455702e-17
5.797350000000000000e+04 1.707382324452162970e-17 1.919199042074247159e-18 8.549983900711009537e-17
5.940259999999999854e+04 1.192900132263765118e-17 7.777618021258698032e-19 8.284454953901175079e-17
6.083169999999999709e+04 7.593979702942857017e-18 5.312934230505333712e-18 7.509687864106271916e-17
6.226080000000000291e+04 4.236319148980045369e-18 1.296630762996590678e-17 6.355536934468050026e-17
6.368990000000000146e+04 1.960230188817134603e-18 2.151960796392962767e-17 5.043002023853430298e-17
6.511900000000000000e+04 6.901473740006286668e-19 2.961035150283173234e-17 3.782248664924817385e-17
6.686039999999999418e+04 2.297269326939085210e-19 3.761113180007484995e-17 2.435958896491694751e-17
6.876610000000000582e+04 6.724095786979194285e-19 4.317383450437605478e-17 1.286096424607367335e-17
7.067180000000000291e+04 1.667447202078700017e-18 4.507553996925301759e-17 5.013492782223548580e-18
7.257750000000000000e+04 2.850633847683588329e-18 4.381661584414011932e-17 6.161024939981331022e-19
7.448319999999999709e+04 3.943716596867577521e-18 4.001961249516885877e-17 -9.371867631073178185e-19
7.638900000000000000e+04 4.841103731985712280e-18 3.509799224805998641e-17 -4.263306296163792741e-19
7.829469999999999709e+04 5.414991282317119984e-18 2.929211461147953798e-17 1.401718409836001766e-18
8.020039999999999418e+04 5.679574393246063262e-18 2.344857821813349881e-17 3.889605839371304169e-18
8.210610000000000582e+04 5.643253005591062909e-18 1.793111976306033728e-17 6.508965163044634533e-18
8.401180000000000291e+04 5.420514517764447719e-18 1.321167884729835320e-17 8.979045837318103165e-18
8.591760000000000582e+04 5.005155589825566269e-18 9.218379792896969951e-18 1.100173776702249382e-17
8.793289999999999418e+04 4.471105092173717442e-18 5.929882648443355803e-18 1.262774458266939816e-17
9.047419999999999709e+04 3.783823582463960616e-18 3.045123271316776846e-18 1.407695475242942353e-17
9.301550000000000000e+04 3.041696348756492604e-18 1.241360880574327883e-18 1.458557117691950300e-17
9.555680000000000291e+04 2.361611353445715680e-18 3.301312748344615494e-19 1.452214154998058886e-17
9.809810000000000582e+04 1.734818250643866262e-18 6.489487628277466541e-20 1.380736058734790970e-17
1.006390000000000000e+05 1.205099461301910699e-18 2.432534069369920754e-19 1.273869383790949238e-17
