1.017789999999999928e+01 9.374516234970876796e-06 9.238207474632181054e-06 9.213081785457161713e-06
1.043200000000000038e+01 8.781956277095869358e-06 8.737748347145151318e-06 8.798591289768437586e-06
1.068609999999999971e+01 8.450507889431673351e-06 8.224096962114999494e-06 8.241233371100108288e-06
1.094030000000000058e+01 7.723687417001505858e-06 7.948818108626947598e-06 7.908651022011804863e-06
1.119439999999999991e+01 7.527707041132789745e-06 7.454490019316292114e-06 7.405037674667913762e-06
1.144849999999999923e+01 7.341789882925436105e-06 6.978754853209803729e-06 6.926384125685445520e-06
1.171439999999999948e+01 6.818893063591006210e-06 6.636535651600088698e-06 6.661125371532580728e-06
1.205320000000000036e+01 6.368485377724931339e-06 6.228389377076687245e-06 6.200841076034117133e-06
1.239209999999999923e+01 5.966258962073605420e-06 5.825151847336932834e-06 5.819022188148999150e-06
1.273099999999999987e+01 5.478818582137136989e-06 5.530110147287274893e-06 5.506867898773442694e-06
1.306990000000000052e+01 5.220764359705254079e-06 5.129833614365678269e-06 5.155641737458810983e-06
1.340879999999999939e+01 4.811280911879608878e-06 4.872121370415284717e-06 4.886713646864937423e-06
1.374770000000000003e+01 4.649997227214075455e-06 4.535265104068304796e-06 4.527363209275792978e-06
1.408660000000000068e+01 4.477242593524236226e-06 4.223695686732879717e-06 4.218133822593922119e-06
1.442549999999999955e+01 4.120517959696351936e-06 4.042676307172968347e-06 4.019975677485935407e-06
1.476440000000000019e+01 3.786881254078368423e-06 3.846861738584098967e-06 3.868273554533220240e-06
1.510330000000000084e+01 3.822170891965205884e-06 3.549779615060695145e-06 3.496528151797456585e-06
1.544209999999999994e+01 3.511061037057032579e-06 3.393607765467680035e-06 3.376217827775202798e-06
1.585510000000000019e+01 3.175205868539827446e-06 3.223586825175986235e-06 3.238245862539070297e-06
1.630699999999999861e+01 3.046958513455573250e-06 2.989209959498133645e-06 2.951465004819429977e-06
1.675890000000000057e+01 2.753567636807969171e-06 2.819382576043343905e-06 2.829260090092091142e-06
1.721079999999999899e+01 2.673462031142027011e-06 2.605190690481176506e-06 2.581011060865133865e-06
1.766280000000000072e+01 2.502057327820908377e-06 2.438116425440365837e-06 2.425602013956276174e-06
1.811469999999999914e+01 2.278064583698761743e-06 2.305716828490043564e-06 2.321335494035569791e-06
1.856660000000000110e+01 2.136082798105610012e-06 2.167032546535161207e-06 2.180378997149754004e-06
1.901849999999999952e+01 2.032573332774047571e-06 2.033568111271636631e-06 2.027622682733357508e-06
1.947040000000000148e+01 1.972141301703002549e-06 1.886787538445898670e-06 1.873119738775059852e-06
1.992229999999999990e+01 1.759087438063624226e-06 1.815283925063505697e-06 1.796417001608568624e-06
2.037430000000000163e+01 1.672545240642457837e-06 1.708690200074430976e-06 1.705472687820159283e-06
2.085219999999999985e+01 1.581623464301439349e-06 1.601249689820366608e-06 1.602612301256629553e-06
2.145479999999999876e+01 1.486286377837403125e-06 1.483883103766394249e-06 1.484645691949250325e-06
2.205750000000000099e+01 1.346174736243856091e-06 1.398954138655301473e-06 1.407784827679170509e-06
2.266009999999999991e+01 1.291984755472168507e-06 1.284823335662328110e-06 1.299964103354486209e-06
2.326269999999999882e+01 1.186682354208086718e-06 1.219405640309379047e-06 1.217337356530916398e-06
2.386540000000000106e+01 1.082709505926235070e-06 1.148892523550743158e-06 1.156946629419030952e-06
2.446799999999999997e+01 1.031792990543545274e-06 1.075148414724767718e-06 1.070714338654594364e-06
2.507069999999999865e+01 1.003136209544919728e-06 9.925058806736797882e-07 9.825687809695471158e-07
2.567330000000000112e+01 9.364830248567298762e-07 9.295485534001485295e-07 9.280005113956388184e-07
2.627590000000000003e+01 8.760463949116715219e-07 8.829306795335138203e-07 8.668446592947783825e-07
2.687859999999999872e+01 7.930180376792827997e-07 8.356999835823272534e-07 8.391005444996039652e-07
2.748120000000000118e+01 7.912745037662558556e-07 7.686422960444597502e-07 7.621202027417757522e-07
2.822250000000000014e+01 7.118422307327245703e-07 7.208446797829716543e-07 7.289396168483713101e-07
2.902609999999999957e+01 6.749088587010356350e-07 6.716170815531547345e-07 6.718723799256504634e-07
2.982979999999999876e+01 6.207990165096343970e-07 6.292381873917224330e-07 6.303107906246781077e-07
3.063340000000000174e+01 5.934944803624013537e-07 5.800725338866012003e-07 5.808309972621892125e-07
3.143700000000000117e+01 5.475156512262780444e-07 5.460971202748940427e-07 5.453735789210160622e-07
3.224069999999999681e+01 5.013256594000296057e-07 5.157562385184384459e-07 5.153268430799075321e-07
3.304429999999999978e+01 4.727442103256852356e-07 4.840258804917218006e-07 4.758923129976308831e-07
3.384790000000000276e+01 4.626177992518821404e-07 4.457791125563151133e-07 4.395489083594101064e-07
3.465160000000000196e+01 4.020694980957602827e-07 4.315951519193340514e-07 4.286578312739416205e-07
3.545519999999999783e+01 3.963080873432306431e-07 3.954442097086236023e-07 3.917757727700733804e-07
3.625880000000000081e+01 3.765924614886582236e-07 3.678590620647174451e-07 3.675909603663280513e-07
3.711789999999999878e+01 3.478479592472239191e-07 3.469965789929424173e-07 3.465565142847743908e-07
3.818959999999999866e+01 3.146128118165791636e-07 3.247717610333611318e-07 3.291165277102447228e-07
3.926129999999999853e+01 3.022511378539571158e-07 2.998004540248765937e-07 2.996840396760144884e-07
4.033290000000000219e+01 2.878180381370312125e-07 2.762332827926563701e-07 2.758918947374779762e-07
4.140460000000000207e+01 2.514104988517547383e-07 2.666843050389022138e-07 2.657247166233852606e-07
4.247630000000000194e+01 2.478823045181108501e-07 2.400491257165417889e-07 2.447711833760977600e-07
4.354789999999999850e+01 2.229219608095308842e-07 2.294363106832030409e-07 2.330843260531680621e-07
4.461959999999999837e+01 2.090195541601278448e-07 2.169471253702301013e-07 2.145356690425416473e-07
4.569129999999999825e+01 1.993239010823178682e-07 1.999122714122295221e-07 2.007254284708077093e-07
4.676290000000000191e+01 1.850240465012731033e-07 1.883671907406987434e-07 1.885466349407009706e-07
4.783460000000000178e+01 1.728024659641497647e-07 1.769703243772540088e-07 1.772421351449128119e-07
4.890630000000000166e+01 1.669804878326003496e-07 1.642771876444883635e-07 1.636883780234687926e-07
5.023669999999999902e+01 1.542165661325441634e-07 1.528247392147912763e-07 1.534448829462805958e-07
5.166579999999999728e+01 1.412170292658610758e-07 1.437395514048250517e-07 1.437234955598356714e-07
5.309490000000000265e+01 1.336757294476212926e-07 1.327605909477840506e-07 1.324350251773481775e-07
5.452400000000000091e+01 1.230740076316991525e-07 1.245789994533590488e-07 1.242664778236163168e-07
5.595309999999999917e+01 1.144429052675566784e-07 1.157984826133115867e-07 1.159256294343522148e-07
5.738219999999999743e+01 1.058052288481859907e-07 1.078312515173356347e-07 1.094062657674797738e-07
5.881130000000000280e+01 9.943633274127210023e-08 1.025230938017297383e-07 1.006227725159399779e-07
6.024040000000000106e+01 9.553164148000537164e-08 9.280975551881496590e-08 9.461888717116429744e-08
6.166949999999999932e+01 8.546021231098594995e-08 8.977522857131353347e-08 8.854195460166934487e-08
6.309859999999999758e+01 8.195159478111708270e-08 8.248362160894017909e-08 8.290009719434277851e-08
6.452760000000000673e+01 7.825894083823135535e-08 7.709986059725785070e-08 7.576784418003446782e-08
6.607179999999999609e+01 7.232936334120147293e-08 7.233759064997028603e-08 7.219818887387148008e-08
6.797750000000000625e+01 6.654978459316395890e-08 6.748635431648675355e-08 6.692893666686124014e-08
6.988320000000000221e+01 6.208182528346787419e-08 6.262464053382157510e-08 6.271549745244006039e-08
7.178889999999999816e+01 5.639315628522790024e-08 5.890484740518387279e-08 5.877338048970390106e-08
7.369469999999999743e+01 5.450652785313760411e-08 5.356017676536039699e-08 5.426995430699690828e-08
7.560039999999999338e+01 5.083162502498857481e-08 5.137843562464679110e-08 5.049579531417049750e-08
7.750610000000000355e+01 4.712087717126216009e-08 4.680345737205311654e-08 4.754636458081247513e-08
7.941179999999999950e+01 4.381235447374228735e-08 4.411388470996277022e-08 4.417088304356076509e-08
8.131749999999999545e+01 4.051097087604419788e-08 4.178668107626995325e-08 4.091730120201136422e-08
8.322329999999999472e+01 3.807927252247303038e-08 3.890918404097569557e-08 3.842642698778849465e-08
8.512900000000000489e+01 3.766488006934478901e-08 3.557039419302191442e-08 3.635331957265029608e-08
8.703470000000000084e+01 3.378935669102844397e-08 3.330957880005371700e-08 3.538110943975649337e-08
8.942260000000000275e+01 3.039649914623848464e-08 3.182243201632404285e-08 3.201169580110277207e-08
9.196389999999999532e+01 2.855570593876687981e-08 2.978993038932748914e-08 2.908465973104041348e-08
9.450520000000000209e+01 2.710239909582239372e-08 2.732451234437423950e-08 2.709709109750955303e-08
9.704659999999999798e+01 2.523106609404643931e-08 2.543157372681476731e-08 2.485933326841411475e-08
9.958790000000000475e+01 2.332405833913151728e-08 2.364365697060260290e-08 2.344908989297499422e-08
1.021290000000000049e+02 2.173012828695070924e-08 2.207834358000674474e-08 2.214523582421750559e-08
1.046710000000000065e+02 2.036660458733268450e-08 2.060291894420964876e-08 2.050840040875820420e-08
1.072120000000000033e+02 1.915765054096132350e-08 1.955689447017235562e-08 1.882923329871436874e-08
1.097530000000000001e+02 1.789255725501599226e-08 1.745842780883709203e-08 1.834105486597089261e-08
1.122939999999999969e+02 1.666852480524279907e-08 1.666273442876216815e-08 1.750938860392944171e-08
1.148359999999999985e+02 1.576669607770006325e-08 1.536301502114005124e-08 1.566255090122951809e-08
1.176110000000000042e+02 1.465352445565334754e-08 1.483787201088243527e-08 1.431739818346422244e-08
1.210000000000000000e+02 1.357410145354617265e-08 1.274595092251857242e-08 1.427124131173138154e-08
1.243889999999999958e+02 1.264314547646246434e-08 1.253303299226572997e-08 1.246847571571586979e-08
1.277780000000000058e+02 1.159873940246765660e-08 1.157062583799396528e-08 1.178605491706098039e-08
1.311670000000000016e+02 1.087036843053955358e-08 1.126084601234606563e-08 1.037231622981603624e-08
1.345550000000000068e+02 9.963879023336518929e-09 1.050244256915335712e-08 9.759419907510128044e-09
1.379439999999999884e+02 9.117730643655692111e-09 9.870513215972124596e-09 9.172524590372187908e-09
1.413329999999999984e+02 8.561829811885628699e-09 8.834927965437930246e-09 8.435071507683641390e-09
1.447220000000000084e+02 8.159312472892737936e-09 8.239092917183833527e-09 8.026485489859008336e-09
1.481109999999999900e+02 7.587375424513442131e-09 7.312374359231139378e-09 7.945213448072009467e-09
1.515000000000000000e+02 7.100641786644285739e-09 7.208569492311663403e-09 7.044211516044054387e-09
1.548890000000000100e+02 6.680563544142763273e-09 6.496525668196771956e-09 6.781546352660466888e-09
1.591740000000000066e+02 6.141527835891062076e-09 6.190318271278017754e-09 6.166252737830924900e-09
1.636930000000000121e+02 5.609928843209082844e-09 5.749719368168511860e-09 5.767066023622406372e-09
1.682129999999999939e+02 5.140435248808150838e-09 5.401921716105971688e-09 5.327725325085881535e-09
1.727319999999999993e+02 4.750808796888715725e-09 4.879148039556428952e-09 5.102853363554857991e-09
1.772510000000000048e+02 4.524613176997486838e-09 4.570820840349349970e-09 4.589041667653165663e-09
1.817700000000000102e+02 4.178032864321213665e-09 4.330123282799276454e-09 4.215160102879511439e-09
1.862889999999999873e+02 3.925446753121349211e-09 3.910881984766578001e-09 4.003616602112075027e-09
1.908079999999999927e+02 3.659189112934130837e-09 3.694627171395770604e-09 3.669165200811377510e-09
1.953280000000000030e+02 3.414773554358035882e-09 3.451381526314051881e-09 3.409130909327914009e-09
1.998470000000000084e+02 3.194497090446857178e-09 3.133819967291009458e-09 3.253012887262134298e-09
2.043660000000000139e+02 2.952945550480238782e-09 3.023508581792665325e-09 2.960336727727097356e-09
2.093530000000000086e+02 2.792513505254331679e-09 2.724690876998785064e-09 2.799488264746884638e-09
2.153789999999999907e+02 2.549100481740810992e-09 2.677280708146376488e-09 2.459190663612813593e-09
2.214060000000000059e+02 2.349632182128366812e-09 2.333081907128694381e-09 2.428487086742940582e-09
2.274319999999999879e+02 2.165563117473714265e-09 2.205955935254580847e-09 2.215844076738646512e-09
2.334590000000000032e+02 1.998771570530306193e-09 2.038421515999258070e-09 2.071156290470436564e-09
2.394850000000000136e+02 1.828075814738767707e-09 1.868024190074204076e-09 1.971348990187029331e-09
2.455109999999999957e+02 1.712307428936788964e-09 1.719262936133096881e-09 1.834896024930114732e-09
2.515380000000000109e+02 1.564398649059791856e-09 1.626940608406385675e-09 1.704299118033823124e-09
2.575640000000000214e+02 1.466410189204817343e-09 1.588180312667593912e-09 1.499615745127589514e-09
2.635910000000000082e+02 1.358834498254434190e-09 1.480546329706463181e-09 1.398446454539103536e-09
2.696170000000000186e+02 1.313254762987406929e-09 1.321618692806545431e-09 1.312798202206047991e-09
2.756440000000000055e+02 1.235385223604992507e-09 1.223361133831529001e-09 1.219534919363478959e-09
2.833330000000000268e+02 1.106006862921592267e-09 1.156994503020785160e-09 1.136343550007623008e-09
2.913700000000000045e+02 1.022165103563085334e-09 1.057452188898745849e-09 1.060261643038169128e-09
2.994060000000000059e+02 9.619387273244930125e-10 9.699922802699786208e-10 9.701900326055290419e-10
3.074420000000000073e+02 8.557768321534335738e-10 8.807669769958263625e-10 9.507633881007405165e-10
3.154789999999999850e+02 8.187850394660289135e-10 8.461992431963859046e-10 8.280907019465152107e-10
3.235149999999999864e+02 7.612020555107982675e-10 7.706228624060147615e-10 7.767623336831872708e-10
3.315509999999999877e+02 6.830315250780905420e-10 7.202355478437774557e-10 7.383337275781323605e-10
3.395880000000000223e+02 6.616217602071084674e-10 6.672385438133262745e-10 6.606318972295655489e-10
3.476240000000000236e+02 6.076866993304202278e-10 6.223168627424572982e-10 6.098517648304129015e-10
3.556610000000000014e+02 5.481012974364036036e-10 5.851323173636647731e-10 5.851927776999318690e-10
3.636970000000000027e+02 5.259624942019552328e-10 5.332194723727920528e-10 5.384689350587316994e-10
3.726580000000000155e+02 4.919575157254980077e-10 4.952280880066979271e-10 4.947745517178041597e-10
3.833740000000000236e+02 4.350415238471687709e-10 4.658353485077830108e-10 4.657233977500483323e-10
3.940910000000000082e+02 4.138459426727238339e-10 4.226994886925122613e-10 4.251361695897640573e-10
4.048079999999999927e+02 3.878302192144825533e-10 3.896053566375188453e-10 3.886035090779987994e-10
4.155240000000000009e+02 3.389052507563633608e-10 3.697945383887608703e-10 3.694140402698759206e-10
4.262409999999999854e+02 3.171643816673215314e-10 3.359740625745463764e-10 3.454068481231322858e-10
4.369569999999999936e+02 3.095523245864276828e-10 3.065664539231796227e-10 3.088813501353929626e-10
4.476739999999999782e+02 2.758745771264774653e-10 2.915408597134769023e-10 2.900474250100458526e-10
4.583910000000000196e+02 2.394640058848749331e-10 2.828975046344857680e-10 2.778205392567380027e-10
4.691070000000000277e+02 2.296977256768286367e-10 2.515204200720661313e-10 2.568289561396053124e-10
4.798240000000000123e+02 2.298474099440068042e-10 2.249907039889246551e-10 2.302389128025685934e-10
4.905409999999999968e+02 2.117998309547620036e-10 2.167921546620452974e-10 2.076314013591928014e-10
5.043389999999999986e+02 1.762105072798245707e-10 2.056190646274767358e-10 2.045866939706987610e-10
5.186299999999999955e+02 1.582247977473315957e-10 1.890237873223865406e-10 1.929310907867819342e-10
5.329199999999999591e+02 1.638194319383144449e-10 1.650618313018724562e-10 1.697452499773131951e-10
5.472110000000000127e+02 1.573484320217127198e-10 1.504933030232928009e-10 1.525931285899945426e-10
5.615019999999999527e+02 1.349240910261661274e-10 1.523593471144277672e-10 1.382548202269061671e-10
5.757930000000000064e+02 1.146533809937408468e-10 1.315405694169915221e-10 1.474075852322676953e-10
5.900839999999999463e+02 1.075209182959245951e-10 1.255506339203978114e-10 1.310710115671314568e-10
6.043750000000000000e+02 1.104575958409159855e-10 1.062885074600783476e-10 1.206009400677057434e-10
6.186660000000000537e+02 1.091476069942802665e-10 1.009895822710410138e-10 1.024024217797288264e-10
6.329569999999999936e+02 9.453208019202428670e-11 9.741486687173515236e-11 9.761734591044060010e-11
6.472480000000000473e+02 8.083808815015655551e-11 9.515781020322340020e-11 9.257655054922009074e-11
6.633460000000000036e+02 7.210007492762395804e-11 8.759853597648282359e-11 8.854266182524325544e-11
6.824039999999999964e+02 7.172962433393304285e-11 7.727665494639570259e-11 7.946164919757127971e-11
7.014610000000000127e+02 7.138128049294110161e-11 6.890143374960841209e-11 7.010438873408672928e-11
7.205180000000000291e+02 6.522881352161930297e-11 6.448391385797671169e-11 6.621633924732241971e-11
7.395750000000000455e+02 5.556047112023735221e-11 6.208559442883076504e-11 6.145634536596689823e-11
7.586319999999999482e+02 4.761044364261981715e-11 5.881570129915854430e-11 5.908982092259667082e-11
7.776900000000000546e+02 4.385307163445208380e-11 5.422858592335529366e-11 5.489454041054679949e-11
7.967469999999999573e+02 4.304080260066963382e-11 4.859919027176473264e-11 4.982981636811565904e-11
8.158039999999999736e+02 4.367229000398687474e-11 4.281417987382989684e-11 4.470046367391309280e-11
8.348609999999999900e+02 4.195994864643133359e-11 3.888828941813315182e-11 4.029529890530553921e-11
8.539180000000000064e+02 3.850805151018520508e-11 3.681297373413227120e-11 3.682505207864754144e-11
8.729759999999999991e+02 3.341997090044632082e-11 3.552325641622675985e-11 3.491635880579692594e-11
8.977309999999999945e+02 2.739314055675088640e-11 3.417871231368677113e-11 3.388870342220635494e-11
9.231449999999999818e+02 2.309730125064441334e-11 3.287915972667251322e-11 3.191615207207808855e-11
9.485579999999999927e+02 2.210251962478417331e-11 2.938322294156114920e-11 2.941920770242235167e-11
9.739710000000000036e+02 2.263871665037668987e-11 2.555711712265189517e-11 2.641072276906192601e-11
9.993840000000000146e+02 2.328989202659047706e-11 2.216075194043369537e-11 2.337066561037833354e-11
1.024799999999999955e+03 2.264978555220644735e-11 2.013744587314603705e-11 2.070624434310427397e-11
1.050210000000000036e+03 2.053397593672347834e-11 1.894478730743929302e-11 1.919630884583678944e-11
1.075619999999999891e+03 1.742607602867879260e-11 1.860573708418152362e-11 1.817795765923059012e-11
1.101039999999999964e+03 1.414337303594753050e-11 1.849535563607975226e-11 1.740817026501723125e-11
1.126450000000000045e+03 1.164038752459678623e-11 1.772923678236013944e-11 1.693574020394533002e-11
1.151859999999999900e+03 1.013658494274523469e-11 1.624035519984256925e-11 1.646143950099100225e-11
1.180779999999999973e+03 9.614221830720170067e-12 1.467035415738118015e-11 1.521091165400269750e-11
1.214670000000000073e+03 1.012822819128632567e-11 1.284891438571641617e-11 1.331368740180482056e-11
1.248559999999999945e+03 1.070584190303116118e-11 1.092660515699449189e-11 1.174898296197896222e-11
1.282450000000000045e+03 1.070350235181861789e-11 9.656669679847732069e-12 1.035263771876618929e-11
1.316339999999999918e+03 1.001322269556098892e-11 9.028501789143559382e-12 9.274588322065625858e-12
1.350230000000000018e+03 8.752163097841459581e-12 8.511676977779558905e-12 8.840392412607939231e-12
1.384119999999999891e+03 7.442521767821550436e-12 8.538202057029428991e-12 8.100599735709703966e-12
1.418009999999999991e+03 5.812272607617760431e-12 8.351680993835323378e-12 8.049763466053024471e-12
1.451900000000000091e+03 4.992701235823937632e-12 8.175526133032391648e-12 7.355755186670368744e-12
1.485789999999999964e+03 3.946581654424448616e-12 7.046343075250877055e-12 7.960286914259453185e-12
1.519670000000000073e+03 3.476468564278290901e-12 6.659138003292777709e-12 7.372456158201686887e-12
1.553559999999999945e+03 3.420371591182416643e-12 6.184788960561611843e-12 6.558686744623979461e-12
1.597980000000000018e+03 3.562996763983500581e-12 5.291332703220158968e-12 5.998230116855737663e-12
1.643170000000000073e+03 3.871013869579103256e-12 4.775596396066777502e-12 4.996932365776940565e-12
1.688359999999999900e+03 3.952990529690949334e-12 4.181772269937588375e-12 4.410733238667813002e-12
1.733549999999999955e+03 3.950833923796027999e-12 3.561169072634821363e-12 4.034216915988600695e-12
1.778740000000000009e+03 3.794789129295633870e-12 3.306952164988432111e-12 3.532897912576613594e-12
1.823930000000000064e+03 3.490597726823292660e-12 3.160779444776083289e-12 3.143103792996591312e-12
1.869130000000000109e+03 3.106196577662601772e-12 3.148408232294564626e-12 2.782361595390251678e-12
1.914319999999999936e+03 2.658943067273049560e-12 3.159573564559248841e-12 2.517240352414844833e-12
1.959509999999999991e+03 2.214222540187348333e-12 2.692498999871467034e-12 2.785205451754359003e-12
2.004700000000000045e+03 1.918195315572699070e-12 2.325796802335443299e-12 2.851203161117135382e-12
2.049889999999999873e+03 1.550682397143543986e-12 2.992354400464308012e-12 2.009153544712891550e-12
2.101840000000000146e+03 1.192739529311363654e-12 2.548448734528360303e-12 2.288950893542131862e-12
2.162110000000000127e+03 9.650978037646455213e-13 2.260593874339799182e-12 2.308822763272752522e-12
2.222369999999999891e+03 8.690795327169847231e-13 1.779152257477010597e-12 2.436732239262849050e-12
2.282630000000000109e+03 8.891157591567469289e-13 1.730444799800450139e-12 2.052275403577168798e-12
2.342900000000000091e+03 7.908962881012224453e-13 1.982145079551905415e-12 1.529414184293250216e-12
2.403159999999999854e+03 7.709543365274063888e-13 1.353838371163869621e-12 1.836849018514483174e-12
2.463429999999999836e+03 8.199581858542618053e-13 1.503484640462887064e-12 1.326698896699224383e-12
2.523690000000000055e+03 8.137796279653552316e-13 1.104701476875481761e-12 1.443882806339439012e-12
2.583960000000000036e+03 8.100167218170464072e-13 1.127304585367261077e-12 1.165409804999708495e-12
2.644219999999999800e+03 8.382929561382099991e-13 9.798623108519467835e-13 1.043317826161698024e-12
2.704480000000000018e+03 8.221021952042894943e-13 8.388940709459915566e-13 9.769243125853529899e-13
2.764750000000000000e+03 8.011354591102929764e-13 7.658518487141027748e-13 8.686061596299250851e-13
2.844420000000000073e+03 7.801736982051408675e-13 6.813849193918999128e-13 7.717900268386943659e-13
2.924780000000000200e+03 7.483093152564477979e-13 6.356946470520690032e-13 6.657894663183602458e-13
3.005150000000000091e+03 7.023805355161128080e-13 5.624822034984762894e-13 6.183779140725919609e-13
3.085510000000000218e+03 6.429919832345991526e-13 5.227679434510660218e-13 5.660161296458126849e-13
3.165869999999999891e+03 5.895914920554789834e-13 5.018325963625643146e-13 5.007938317273973345e-13
3.246239999999999782e+03 5.348047737085071506e-13 4.728086893040420726e-13 4.598591657963622419e-13
3.326599999999999909e+03 4.756329076608287569e-13 4.432385654211885511e-13 4.328086393977068376e-13
3.406960000000000036e+03 4.179092235873520574e-13 4.182726034387915330e-13 4.094703447405063416e-13
3.487329999999999927e+03 3.643917277137279232e-13 3.952881492983517874e-13 3.877837123889081009e-13
3.567690000000000055e+03 3.173519175047566339e-13 3.731975226898853870e-13 3.682864172602568968e-13
3.648050000000000182e+03 2.768533766792338011e-13 3.528361132279196121e-13 3.465694041666608262e-13
3.741360000000000127e+03 2.340648906829203237e-13 3.333952403436422212e-13 3.300927590273784962e-13
3.848519999999999982e+03 1.896751282706490377e-13 3.150210857889631971e-13 3.185576195992012130e-13
3.955690000000000055e+03 1.547292173394212469e-13 2.974358388090521572e-13 3.028088036886139445e-13
4.062860000000000127e+03 1.282966884068297649e-13 2.790190416043535302e-13 2.872145323472762220e-13
4.170020000000000437e+03 1.091218124463065470e-13 2.609557239909205701e-13 2.685373878733224949e-13
4.277189999999999600e+03 9.674972134375040331e-14 2.478846783591811468e-13 2.430384379044834427e-13
4.384359999999999673e+03 8.726944463974997754e-14 2.394319190212175156e-13 2.144374297464014783e-13
4.491520000000000437e+03 7.372096611890421227e-14 2.245879943645489573e-13 1.997240855217614597e-13
4.598689999999999600e+03 5.750773701818883184e-14 1.985341580363922961e-13 2.032712996814727031e-13
4.705859999999999673e+03 5.178666614084973902e-14 1.805154441417666700e-13 1.910170242579732766e-13
4.813020000000000437e+03 5.405293303894389467e-14 1.745955214040537232e-13 1.612730264977896856e-13
4.920189999999999600e+03 4.596034242095872361e-14 1.542177468798514417e-13 1.596287786215622155e-13
5.063100000000000364e+03 4.147506841239740506e-14 1.362096620650061573e-13 1.520068389292633807e-13
5.206010000000000218e+03 4.088648917072964194e-14 1.258513869560840481e-13 1.357100457153868499e-13
5.348920000000000073e+03 4.317670922922169681e-14 1.181110022383740730e-13 1.164614497943951504e-13
5.491819999999999709e+03 4.275419537920213312e-14 1.023836206567692577e-13 1.101605196016734978e-13
5.634729999999999563e+03 4.025547732498588846e-14 9.026251095423432383e-14 1.040255984077696330e-13
5.777640000000000327e+03 4.108428845612871357e-14 8.573365060311820642e-14 8.928087299266164966e-14
5.920550000000000182e+03 4.093131678415133481e-14 7.348642737857913581e-14 8.455196421671970795e-14
6.063460000000000036e+03 3.963534119378757033e-14 6.800856272656659054e-14 7.564902389263698732e-14
6.206369999999999891e+03 3.952219097112108495e-14 6.027724242530768103e-14 6.893631377627884716e-14
6.349279999999999745e+03 3.838859617426419683e-14 5.503901596740183007e-14 6.223183457620772289e-14
6.492189999999999600e+03 3.750477797315388560e-14 4.853868305886350499e-14 5.743442961500562261e-14
6.659750000000000000e+03 3.666269933562417757e-14 4.521832498003037174e-14 4.995641420277753940e-14
6.850319999999999709e+03 3.555550602271738612e-14 3.756299664582966612e-14 4.755824385427688234e-14
7.040890000000000327e+03 3.454419842866082363e-14 3.683960717277863672e-14 3.954087903048114429e-14
7.231470000000000255e+03 3.333345384326118079e-14 3.008042554368624484e-14 3.845135898516399184e-14
7.422039999999999964e+03 3.181967435555072886e-14 2.975441536846637677e-14 3.205927287043984781e-14
7.612609999999999673e+03 3.048269477250270131e-14 2.391900497102507253e-14 3.173459349000316706e-14
7.803180000000000291e+03 2.879437282495821287e-14 2.569851450447321637e-14 2.469289220168987574e-14
7.993750000000000000e+03 2.745923304239158620e-14 1.738149372984288580e-14 2.817784467438718790e-14
8.184329999999999927e+03 2.564280849306887337e-14 2.374102325380589294e-14 1.787142603096787327e-14
8.374899999999999636e+03 2.449774104847075623e-14 1.322491227001353069e-14 2.424963494336050039e-14
8.565469999999999345e+03 2.251660108500842867e-14 1.792147910030863043e-14 1.661481378492924075e-14
8.758229999999999563e+03 2.138577064364782091e-14 1.637377615017320299e-14 1.487162166278866329e-14
9.012370000000000800e+03 1.974012776697211239e-14 1.078219113274571319e-14 1.768638501551947748e-14
9.266500000000000000e+03 1.834834034859258637e-14 1.610290149343985829e-14 9.759766494419530377e-15
9.520629999999999200e+03 1.722474102683124487e-14 6.201713652851892000e-15 1.716245754347178520e-14
9.774760000000000218e+03 1.529490360462424055e-14 1.502152192243006318e-14 6.917438177499694494e-15
1.002889999999999964e+04 1.496603956911925553e-14 7.425334502798632644e-15 1.190328845055713586e-14
1.028300000000000000e+04 1.312681736628394001e-14 6.718994417210691910e-15 1.170063155955249803e-14
1.053720000000000073e+04 1.206287711887322798e-14 1.295731744318196607e-14 4.019800800097498687e-15
1.079129999999999927e+04 1.178575906529429581e-14 4.693321520587789757e-15 1.022956618811272462e-14
1.104539999999999964e+04 1.013271399297046422e-14 4.783445702867946459e-15 9.728482109725145360e-15
1.129960000000000036e+04 9.144844479922408917e-15 1.087238741411010063e-14 2.687936446034785038e-15
1.155370000000000073e+04 9.148444599807751414e-15 5.986854244135208739e-15 5.793580619440614443e-15
1.185460000000000036e+04 7.957038694478416861e-15 2.037274586550356258e-15 9.229741386401025367e-15
1.219350000000000000e+04 6.745315584734514117e-15 8.711597550738161844e-15 2.120986978253875249e-15
1.253239999999999964e+04 6.943479921758436223e-15 4.922297338874411470e-15 4.290349634836564642e-15
1.287129999999999927e+04 5.961103611310781449e-15 1.187396566921781674e-15 7.683461598846855875e-15
1.321010000000000036e+04 4.874665205638212988e-15 6.274296920026601943e-15 2.481208948838249409e-15
1.354900000000000000e+04 5.001854390337817665e-15 6.185387734843299612e-15 1.348917474531918237e-15
1.388789999999999964e+04 4.785416529286679823e-15 1.237921161479993378e-15 5.492754971790056203e-15
1.422679999999999927e+04 3.779824875721695577e-15 1.677069058382852525e-15 5.162111059654273411e-15
1.456570000000000073e+04 3.226941154930714466e-15 5.320202046155444940e-15 1.231845303072536063e-15
1.490460000000000036e+04 3.384109148669376873e-15 4.908787830118045376e-15 7.023930831716069846e-16
1.524350000000000000e+04 3.341139594132776185e-15 1.494539236599968244e-15 3.467389504930393887e-15
1.559020000000000073e+04 2.713291896413394996e-15 3.995588461353391058e-16 4.533598554609943399e-15
1.604210000000000036e+04 2.051456090595535082e-15 3.323269170415727935e-15 1.624580138171248487e-15
1.649400000000000000e+04 2.163869573852921572e-15 4.091865305909295535e-15 1.592078789887164737e-16
1.694590000000000146e+04 2.245538442308939155e-15 1.396737199586081926e-15 2.243412422529888224e-15
1.739779999999999927e+04 1.780528676514228768e-15 1.802317798490691875e-16 3.431033330327541608e-15
1.784979999999999927e+04 1.294207146956446538e-15 1.782065945175324854e-15 1.887835614224899911e-15
1.830170000000000073e+04 1.231774896715755511e-15 3.173836151863279420e-15 1.577426997537214537e-16
1.875359999999999854e+04 1.392026328972894159e-15 2.448797687714084914e-15 3.571554528816016020e-16
1.920550000000000000e+04 1.368927577777704659e-15 7.783646369616975330e-16 1.709098775053544257e-15
1.965740000000000146e+04 1.091992542524729563e-15 6.515511009248483284e-17 2.399602133675748066e-15
2.010929999999999927e+04 7.768628989347617124e-16 7.095650480884704301e-16 1.788405660295624635e-15
2.056129999999999927e+04 6.348163209939629666e-16 1.736130666060854968e-15 6.459819320888792663e-16
2.110150000000000000e+04 7.003406217690584882e-16 2.095883498458962401e-15 -3.729575096186560024e-17
2.170420000000000073e+04 8.101590638289360899e-16 1.211134305483062953e-15 5.105461236303981269e-16
2.230679999999999927e+04 7.275935897622785415e-16 2.091011768011986316e-16 1.381967532828792790e-15
2.290950000000000000e+04 5.111054111576740609e-16 1.048049971781373398e-16 1.509864030147062713e-15
2.351209999999999854e+04 3.421135959683308979e-16 7.162167750473259541e-16 8.924949529636146672e-16
2.411470000000000073e+04 3.105357647205859472e-16 1.276267169441692417e-15 2.003399619275611852e-16
2.471740000000000146e+04 3.726720413320093648e-16 1.308961912770671513e-15 -3.558277361040609238e-17
2.532000000000000000e+04 4.276111054471193193e-16 8.725230203637876188e-16 2.123155504290075369e-16
2.592270000000000073e+04 4.146205119526547053e-16 3.423220451566849686e-16 6.335708301804688994e-16
2.652529999999999927e+04 3.356072593932028124e-16 3.883865852831872202e-17 9.017836341496033772e-16
2.712800000000000000e+04 2.351027238180676194e-16 5.574631373822010452e-17 8.853724641851805201e-16
2.775140000000000146e+04 1.537202300556485597e-16 2.976010488170598355e-16 6.296536157956536147e-16
2.855500000000000000e+04 1.199876690025572740e-16 6.448502546537275037e-16 2.229860132576513281e-16
2.935870000000000073e+04 1.471530784407208676e-16 7.644299109805141645e-16 -7.830242497049387690e-18
3.016229999999999927e+04 1.869701429483344848e-16 6.140480957143946413e-16 2.390923434407632186e-17
3.096590000000000146e+04 2.022653511912808722e-16 3.407086484513304724e-16 2.152043305806039294e-16
3.176959999999999854e+04 1.807556115825401277e-16 1.063493266853743704e-16 4.077777157524736694e-16
3.257320000000000073e+04 1.358053162857842957e-16 5.989583292747010609e-18 4.956726767022864358e-16
3.337680000000000291e+04 8.770127840843199594e-17 3.998033773661670151e-17 4.558612329933929062e-16
3.418050000000000000e+04 5.313859688137687952e-17 1.516739227860602333e-16 3.325162521209124599e-16
3.498409999999999854e+04 3.765167690705922017e-17 2.713795800030227776e-16 1.841319393092456008e-16
3.578780000000000291e+04 3.909864880818320623e-17 3.495058677785100918e-16 6.429828212011381847e-17
3.659140000000000146e+04 5.015505969584532263e-17 3.649877898458550449e-16 -4.703521146253190006e-19
3.756140000000000146e+04 6.687289740750170623e-17 3.181523377312830482e-16 -4.481184929444273791e-18
3.863309999999999854e+04 7.803611952601290334e-17 2.146621881112919856e-16 5.458089858644698073e-17
3.970469999999999709e+04 7.658859807204397359e-17 1.071260108478839277e-16 1.335561036387728866e-16
4.077640000000000146e+04 6.447147407888313354e-17 3.198226796928465284e-17 1.937118546644345773e-16
4.184800000000000000e+04 4.704340974385097084e-17 1.947780233204045614e-18 2.166046643268722200e-16
4.291969999999999709e+04 2.970763021761963260e-17 1.091770541807519078e-17 2.017703797554759998e-16
4.399140000000000146e+04 1.654323636736304574e-17 4.342847861823464058e-17 1.627033954385054093e-16
4.506300000000000000e+04 8.832249019852209152e-18 8.262547118225369833e-17 1.125214771516503468e-16
4.613469999999999709e+04 6.384433142186208330e-18 1.157359999381062333e-16 6.481718222523168612e-17
4.720640000000000146e+04 7.807766688537600301e-18 1.352067080617475876e-16 2.781956851434905961e-17
4.827800000000000000e+04 1.142125023743916604e-17 1.402404491973402460e-16 5.233314840049520650e-18
4.939900000000000000e+04 1.582318973831237000e-17 1.315111314700792104e-16 -3.709871553764148474e-18
5.082809999999999854e+04 2.078478830657785803e-17 1.084989205341871683e-16 1.590024223966966627e-18
5.225719999999999709e+04 2.328269695490968140e-17 7.775529827374767528e-17 1.780128155460777139e-17
5.368630000000000291e+04 2.330140500636581223e-17 4.840527908722323969e-17 3.721760420695165211e-17
5.511540000000000146e+04 2.099048519305112439e-17 2.462735040612202620e-17 5.375944420376345361e-17
5.654450000000000000e+04 1.730292453997439102e-17 9.033702165505891900e-18 6.441254653172995574e-17
5.797350000000000000e+04 1.308114677332572677e-17 1.510596676608966174e-18 6.833103917999261366e-17
5.940259999999999854e+04 8.974975722005410619e-18 5.681333084707189155e-19 6.598158546890106666e-17
6.083169999999999709e+04 5.531256830690461078e-18 4.147523548890977877e-18 5.958309097779024189e-17
6.226080000000000291e+04 2.884851673666275115e-18 1.016807072933178175e-17 5.021679767296899749e-17
6.368990000000000146e+04 1.110044448386769715e-18 1.684565413629876221e-17 3.966720986418951784e-17
6.511900000000000000e+04 1.337654217199825416e-19 2.309387838544815725e-17 2.960440082282287653e-17
6.686039999999999418e+04 -1.997702949010454723e-19 2.925736553539125566e-17 1.900096651849859508e-17
6.876610000000000582e+04 1.708016345524885081e-19 3.351249537710088755e-17 1.000231789536983134e-17
7.067180000000000291e+04 9.665175578236117690e-19 3.489982876288933774e-17 3.881208540178017387e-18
7.257750000000000000e+04 1.901752718328658031e-18 3.382866461390400409e-17 4.618730279884598316e-19
7.448319999999999709e+04 2.761602063286573149e-18 3.080109671568640548e-17 -7.445060021995631091e-19
7.638900000000000000e+04 3.461029383708206281e-18 2.692137260130877250e-17 -3.574586295069029447e-19
7.829469999999999709e+04 3.907349931515426713e-18 2.238566032640760895e-17 1.035318711516685194e-18
8.020039999999999418e+04 4.112070670252809146e-18 1.784899647324592772e-17 2.920634989885694189e-18
8.210610000000000582e+04 4.085006837588000151e-18 1.359084293464408419e-17 4.890321925271249721e-18
8.401180000000000291e+04 3.913035713750233421e-18 9.967102355412019912e-18 6.728444469361517003e-18
8.591760000000000582e+04 3.596139655249992865e-18 6.919249163121725037e-18 8.211297571422060474e-18
8.793289999999999418e+04 3.193127887185236701e-18 4.428552063806961940e-18 9.384636494773220287e-18
9.047419999999999709e+04 2.687227372063824429e-18 2.267306878436965061e-18 1.044119700380101791e-17
9.301550000000000000e+04 2.142012042242893035e-18 9.194312392682848741e-19 1.079304376256528089e-17
9.555680000000000291e+04 1.642620943976150243e-18 2.396184204152590169e-19 1.071710280625643021e-17
9.809810000000000582e+04 1.184750810514387684e-18 4.069918919493467965e-20 1.015906759389254819e-17
1.006390000000000000e+05 7.996194975879813997e-19 1.694556697031895082e-19 9.341724561863706061e-18
