1.017789999999999928e+01 1.082098681359498193e-05 1.062707855587405721e-05 1.058780911145318147e-05
1.043200000000000038e+01 1.013300803234916363e-05 1.004740034056134282e-05 1.011562818183630848e-05
1.068609999999999971e+01 9.746107604081235339e-06 9.493859028238286343e-06 9.502139659973615264e-06
1.094030000000000058e+01 8.905300175083527184e-06 9.139480495064924640e-06 9.095258508516029225e-06
1.119439999999999991e+01 8.671246064922476799e-06 8.569231101831260454e-06 8.522575801010371212e-06
1.144849999999999923e+01 8.460519868190359858e-06 8.023652361896206836e-06 7.963289608788124400e-06
1.171439999999999948e+01 7.856626661582320249e-06 7.604398701283882073e-06 7.658277862952512653e-06
1.205320000000000036e+01 7.329723589824665574e-06 7.163754430607409018e-06 7.134226882411609015e-06
1.239209999999999923e+01 6.878109423397844848e-06 6.693672505075236502e-06 6.682649178971668410e-06
1.273099999999999987e+01 6.320072017341994937e-06 6.365216047910390096e-06 6.322909454405791299e-06
1.306990000000000052e+01 6.017522544325206466e-06 5.887755340631208925e-06 5.921021685616755534e-06
1.340879999999999939e+01 5.544265426076953955e-06 5.596895952874669379e-06 5.612200430610754271e-06
1.374770000000000003e+01 5.364302606626075048e-06 5.203498465636094709e-06 5.192444826915291326e-06
1.408660000000000068e+01 5.162325316955132602e-06 4.848477819962225556e-06 4.840065888394071459e-06
1.442549999999999955e+01 4.747401079535690592e-06 4.641643654659049143e-06 4.614276512777461416e-06
1.476440000000000019e+01 4.369022860290254826e-06 4.414874152611408829e-06 4.316102022415894857e-06
1.510330000000000084e+01 4.399598400610452730e-06 4.075525342950476009e-06 4.013559929123362522e-06
1.544209999999999994e+01 4.048968399169398901e-06 3.890971041982810613e-06 3.869655349799467077e-06
1.585510000000000019e+01 3.666306336685346278e-06 3.693727201111285081e-06 3.702448516822974810e-06
1.630699999999999861e+01 3.509610709421424325e-06 3.428097379079374789e-06 3.384857104455482034e-06
1.675890000000000057e+01 3.173076294044119337e-06 3.232291884131097565e-06 3.240794000250669450e-06
1.721079999999999899e+01 3.083190158426846219e-06 2.985983822180359415e-06 2.963717519054797333e-06
1.766280000000000072e+01 2.887828870284155436e-06 2.790174677649612359e-06 2.776722356637813925e-06
1.811469999999999914e+01 2.628022672150887645e-06 2.641729717776983492e-06 2.659070445178530325e-06
1.856660000000000110e+01 2.460227929229941658e-06 2.483401453708213452e-06 2.497623551017437031e-06
1.901849999999999952e+01 2.342778445671308646e-06 2.328928601065512642e-06 2.320178334645453300e-06
1.947040000000000148e+01 2.276185157839254813e-06 2.159876432004649697e-06 2.141568684331265979e-06
1.992229999999999990e+01 2.029846063549751005e-06 2.078776946165277644e-06 2.082758592628731723e-06
2.037430000000000163e+01 1.930240082598783351e-06 1.954491683311096664e-06 1.949451735315584647e-06
2.085219999999999985e+01 1.822775362830546858e-06 1.833452428348588061e-06 1.832186923742800996e-06
2.145479999999999876e+01 1.711001603712249253e-06 1.698234498517181475e-06 1.697950164631348018e-06
2.205750000000000099e+01 1.550535344676398065e-06 1.601077187921403870e-06 1.609143070812277849e-06
2.266009999999999991e+01 1.490473152894891345e-06 1.471536363590458722e-06 1.485279532453954039e-06
2.326269999999999882e+01 1.367934021992168359e-06 1.393922132783839772e-06 1.391460684597959349e-06
2.386540000000000106e+01 1.249394014242040454e-06 1.316254077000645403e-06 1.321232881142239809e-06
2.446799999999999997e+01 1.186554243960124478e-06 1.230565736174566639e-06 1.222869811648544375e-06
2.507069999999999865e+01 1.157437007682144235e-06 1.133435451346573039e-06 1.121691911636535709e-06
2.567330000000000112e+01 1.077889148825478611e-06 1.063477316880043035e-06 1.060031556309507457e-06
2.627590000000000003e+01 1.008301771398513876e-06 1.008767401481879580e-06 9.889136467440116352e-07
2.687859999999999872e+01 9.139973939885688950e-07 9.581763940453129967e-07 9.558649900584667470e-07
2.748120000000000118e+01 9.097740165105318865e-07 8.791661004007970826e-07 8.704157864770511213e-07
2.822250000000000014e+01 8.205851174983284747e-07 8.221276728444041172e-07 8.335487655166425742e-07
2.902609999999999957e+01 7.747796304020453410e-07 7.675835989416634389e-07 7.684923077417724529e-07
2.982979999999999876e+01 7.148396443078702643e-07 7.179678365366491070e-07 7.189090917956756007e-07
3.063340000000000174e+01 6.846191220029608997e-07 6.615598071591997802e-07 6.752731918812371625e-07
3.143700000000000117e+01 6.299990165304753810e-07 6.231494627594581831e-07 6.221296679379789635e-07
3.224069999999999681e+01 5.763196027389014100e-07 5.885920458061112091e-07 5.892731991232701797e-07
3.304429999999999978e+01 5.442443990660416015e-07 5.518921897886517310e-07 5.443222890097445696e-07
3.384790000000000276e+01 5.313741050981280137e-07 5.067978217318850604e-07 4.995450422860651129e-07
3.465160000000000196e+01 4.635478313537345760e-07 4.917419596358027764e-07 4.882989193895842754e-07
3.545519999999999783e+01 4.567316836106993776e-07 4.503443849936941766e-07 4.456299709571378049e-07
3.625880000000000081e+01 4.338004152562945972e-07 4.191490288964940191e-07 4.187850068473546571e-07
3.711789999999999878e+01 4.011696533232335929e-07 3.955018617685712684e-07 3.949287981985349249e-07
3.818959999999999866e+01 3.625829162131632507e-07 3.701827113843305961e-07 3.744422913898132003e-07
3.926129999999999853e+01 3.470670476669985612e-07 3.422761928685678290e-07 3.414842557783449687e-07
4.033290000000000219e+01 3.308648275485564033e-07 3.152950515156338660e-07 3.138019388372156301e-07
4.140460000000000207e+01 2.891108810644553880e-07 3.037316815492673990e-07 3.023447893681569420e-07
4.247630000000000194e+01 2.853248979462341564e-07 2.736755535015178995e-07 2.784093603205028915e-07
4.354789999999999850e+01 2.559521116605333853e-07 2.595841178051891536e-07 2.652537811056930627e-07
4.461959999999999837e+01 2.406226901180435808e-07 2.467917122199558926e-07 2.440059472647490822e-07
4.569129999999999825e+01 2.285293653365517018e-07 2.278861901775613802e-07 2.286652649392805738e-07
4.676290000000000191e+01 2.130885388538621518e-07 2.141458441297179943e-07 2.141217804242075591e-07
4.783460000000000178e+01 1.991844946463895933e-07 2.011960032583549302e-07 2.012647499685098717e-07
4.890630000000000166e+01 1.911429419916995877e-07 1.868784730249490208e-07 1.859767211021588359e-07
5.023669999999999902e+01 1.770117546001459560e-07 1.738357200919260893e-07 1.745208485376520020e-07
5.166579999999999728e+01 1.615124657914647172e-07 1.635323190690745614e-07 1.633447526821737451e-07
5.309490000000000265e+01 1.531893888543178416e-07 1.511241709043228463e-07 1.502506978221291720e-07
5.452400000000000091e+01 1.413647663726541242e-07 1.413340260011257616e-07 1.411493538339315170e-07
5.595309999999999917e+01 1.315042613325280667e-07 1.318817747692356082e-07 1.317548049605502990e-07
5.738219999999999743e+01 1.207150809776028428e-07 1.235112365000360362e-07 1.233147987344584813e-07
5.881130000000000280e+01 1.140983649270388791e-07 1.165859505626970098e-07 1.143626964244986468e-07
6.024040000000000106e+01 1.087968116133693340e-07 1.057227036024630176e-07 1.076391544576699320e-07
6.166949999999999932e+01 9.786292440367906440e-08 1.020173938644113526e-07 1.010149543926979344e-07
6.309859999999999758e+01 9.451764082118976435e-08 9.362831445139960433e-08 9.363058465194582715e-08
6.452760000000000673e+01 8.930851345774371461e-08 8.794165430534886243e-08 8.640046448400704876e-08
6.607179999999999609e+01 8.319880696094528687e-08 8.209343792876584597e-08 8.154190439219520598e-08
6.797750000000000625e+01 7.678573832144107514e-08 7.656879470976805145e-08 7.576964145726215134e-08
6.988320000000000221e+01 7.137984898354677156e-08 7.123888837266120861e-08 7.107581333977174616e-08
7.178889999999999816e+01 6.466221441239783838e-08 6.690296966917294945e-08 6.686888795798390222e-08
7.369469999999999743e+01 6.232292373899756774e-08 6.099434491821767612e-08 6.150710651319453529e-08
7.560039999999999338e+01 5.838447170572135191e-08 5.815948122113848083e-08 5.733370851393313989e-08
7.750610000000000355e+01 5.374779159625740379e-08 5.308609515285980433e-08 5.387498783632937919e-08
7.941179999999999950e+01 4.982722068497168599e-08 4.999739066728085575e-08 5.008980716144397207e-08
8.131749999999999545e+01 4.639580906812455311e-08 4.746416371363912464e-08 4.637074924130489818e-08
8.322329999999999472e+01 4.358013392269909181e-08 4.418639297748090013e-08 4.369942615412557565e-08
8.512900000000000489e+01 4.305778561348555065e-08 4.032719088708212952e-08 4.121533890555284953e-08
8.703470000000000084e+01 3.865855625029343134e-08 3.764212058582926707e-08 3.924972500723701552e-08
8.942260000000000275e+01 3.482862937559672739e-08 3.609038862105327095e-08 3.621483517570323456e-08
9.196389999999999532e+01 3.267453103915148325e-08 3.374047937720204899e-08 3.281625691687979004e-08
9.450520000000000209e+01 3.093627281378951190e-08 3.205921081913670148e-08 3.091726992299714620e-08
9.704659999999999798e+01 2.883124782481288204e-08 2.889935098416308681e-08 2.858868192572383304e-08
9.958790000000000475e+01 2.668165026559736939e-08 2.665219447527036041e-08 2.654194423977521380e-08
1.021290000000000049e+02 2.483060785428004163e-08 2.511806074563283279e-08 2.512572347009198032e-08
1.046710000000000065e+02 2.322960277405067185e-08 2.335572695202136701e-08 2.317123530339349198e-08
1.072120000000000033e+02 2.182220687121181833e-08 2.208578626211932977e-08 2.139071441408125874e-08
1.097530000000000001e+02 2.035637593736131915e-08 2.060643600842287846e-08 1.993966705857882161e-08
1.122939999999999969e+02 1.896812843009328009e-08 1.875773600278432651e-08 1.984645099028012091e-08
1.148359999999999985e+02 1.795826724763159767e-08 1.773177643241432408e-08 1.745680469777760494e-08
1.176110000000000042e+02 1.670983536128228864e-08 1.681124395962348042e-08 1.641380838366228532e-08
1.210000000000000000e+02 1.544190966957941677e-08 1.447274504506876998e-08 1.590947778983899987e-08
1.243889999999999958e+02 1.414344323865385421e-08 1.421820349583026262e-08 1.411353045233930141e-08
1.277780000000000058e+02 1.318280901736161942e-08 1.312269945455114319e-08 1.333986029102387189e-08
1.311670000000000016e+02 1.236510695071686819e-08 1.274614997115599230e-08 1.173576159312714831e-08
1.345550000000000068e+02 1.136865295651901055e-08 1.187029760329660457e-08 1.103183204018438635e-08
1.379439999999999884e+02 1.043585025986484119e-08 1.113822183898186056e-08 1.035031945115330165e-08
1.413329999999999984e+02 9.785951972302216515e-09 9.980071369354647699e-09 9.521507899044443734e-09
1.447220000000000084e+02 9.275115750720795269e-09 9.319447157016420612e-09 9.086952589727767101e-09
1.481109999999999900e+02 8.621352219089261920e-09 8.282057419401026031e-09 8.981663024603139746e-09
1.515000000000000000e+02 8.089610946942559343e-09 8.145468803101766852e-09 7.955229944955677702e-09
1.548890000000000100e+02 7.590457702128171064e-09 7.349196793207358276e-09 7.666207084664473914e-09
1.591740000000000066e+02 6.971699276562192628e-09 7.005149538170100676e-09 6.971924925267712011e-09
1.636930000000000121e+02 6.384217634248896445e-09 6.509589359889633943e-09 6.508550884167943924e-09
1.682129999999999939e+02 5.874585033794648941e-09 6.092910416168861308e-09 6.000567220036489536e-09
1.727319999999999993e+02 5.426504925269374825e-09 5.502868973135145015e-09 5.748842451595482641e-09
1.772510000000000048e+02 5.152607089315501961e-09 5.161126059150017500e-09 5.175552836534482379e-09
1.817700000000000102e+02 4.769054591194460967e-09 4.878939791715836671e-09 4.751302367089703911e-09
1.862889999999999873e+02 4.468990874384102989e-09 4.415172296425576047e-09 4.513372859190323376e-09
1.908079999999999927e+02 4.158032359444234851e-09 4.172002343421523569e-09 4.141101763664715842e-09
1.953280000000000030e+02 3.876376665154385961e-09 3.898373763574160005e-09 3.848551011271454422e-09
1.998470000000000084e+02 3.621130025182175252e-09 3.541504996477942049e-09 3.673809413339885458e-09
2.043660000000000139e+02 3.345187036691899333e-09 3.415951189453608435e-09 3.344504488854493119e-09
2.093530000000000086e+02 3.161686339185940849e-09 3.079030559061135403e-09 3.162204435252925058e-09
2.153789999999999907e+02 2.886147612998807559e-09 3.023377497572390737e-09 2.778926888428802727e-09
2.214060000000000059e+02 2.662148423208824620e-09 2.635695702034189515e-09 2.740388402256987728e-09
2.274319999999999879e+02 2.454185670381750600e-09 2.490149008761068796e-09 2.500895371183138526e-09
2.334590000000000032e+02 2.266056962106582141e-09 2.301121303100597203e-09 2.335829934292821796e-09
2.394850000000000136e+02 2.073060805131819133e-09 2.107700782833054132e-09 2.223179839035128019e-09
2.455109999999999957e+02 1.941521669827508778e-09 1.940390882370484101e-09 2.068151042802008376e-09
2.515380000000000109e+02 1.771958441905864073e-09 1.836244763256671249e-09 1.922139287837465415e-09
2.575640000000000214e+02 1.663065036381948560e-09 1.790032799659398802e-09 1.690802973958654169e-09
2.635910000000000082e+02 1.536917804598628957e-09 1.669886981729944749e-09 1.579031329671427116e-09
2.696170000000000186e+02 1.488306187043430244e-09 1.490398346439488356e-09 1.478750104517082072e-09
2.756440000000000055e+02 1.398049920675212853e-09 1.380296149276015435e-09 1.374239164198772081e-09
2.833330000000000268e+02 1.249156127689184501e-09 1.304369620936255210e-09 1.281224594118198939e-09
2.913700000000000045e+02 1.158643596401456575e-09 1.191687338120026904e-09 1.193749608478516715e-09
2.994060000000000059e+02 1.087104946579691532e-09 1.094426534437039368e-09 1.093872015833269333e-09
3.074420000000000073e+02 9.725586270645238769e-10 9.917564487539942700e-10 1.068348767681482472e-09
3.154789999999999850e+02 9.255234701293896333e-10 9.543140725982521837e-10 9.333097875467932872e-10
3.235149999999999864e+02 8.620938698628289915e-10 8.677438215779352183e-10 8.748856015592361873e-10
3.315509999999999877e+02 7.766406751760677987e-10 8.102446326765398788e-10 8.295149587556160925e-10
3.395880000000000223e+02 7.469099577285580945e-10 7.525414382726640458e-10 7.447258385987781170e-10
3.476240000000000236e+02 6.878459622300086751e-10 7.003287838071109122e-10 6.871023742561559394e-10
3.556610000000000014e+02 6.233032435248203528e-10 6.573792499469056828e-10 6.572309840282742879e-10
3.636970000000000027e+02 5.944420951844117415e-10 6.010695830751922656e-10 6.059560636008369093e-10
3.726580000000000155e+02 5.552458482252079377e-10 5.580947185657156758e-10 5.574872324590766163e-10
3.833740000000000236e+02 4.950477728955079467e-10 5.230974567475286644e-10 5.225354302269636238e-10
3.940910000000000082e+02 4.679905706707298529e-10 4.760703250874348428e-10 4.782500603818356038e-10
4.048079999999999927e+02 4.374850812622108293e-10 4.389728581439323404e-10 4.379510853338571747e-10
4.155240000000000009e+02 3.859976023457685370e-10 4.147559549867594189e-10 4.144643204374722985e-10
4.262409999999999854e+02 3.604123963634395989e-10 3.777285023419822357e-10 3.873135606045783657e-10
4.369569999999999936e+02 3.486175809992694960e-10 3.459251281863402108e-10 3.479456704343904535e-10
4.476739999999999782e+02 3.120794630973935152e-10 3.276964866232618417e-10 3.265257192293447425e-10
4.583910000000000196e+02 2.733852088390939248e-10 3.169484522953014492e-10 3.112924098160893159e-10
4.691070000000000277e+02 2.612323019885454451e-10 2.826021345478327656e-10 2.877629997136219778e-10
4.798240000000000123e+02 2.589453319400335302e-10 2.540000682010158125e-10 2.589005669139507564e-10
4.905409999999999968e+02 2.384590622789070120e-10 2.441890621572655946e-10 2.340927652028275065e-10
5.043389999999999986e+02 2.005734537344059300e-10 2.305626713362654372e-10 2.294729121648287759e-10
5.186299999999999955e+02 1.803452012271772889e-10 2.120376406071767615e-10 2.161250138896460268e-10
5.329199999999999591e+02 1.847313800773152665e-10 1.860878172330356750e-10 1.908661023286491659e-10
5.472110000000000127e+02 1.770613348516911776e-10 1.695645491155941377e-10 1.720244349057147731e-10
5.615019999999999527e+02 1.528596497834259638e-10 1.709955149201276532e-10 1.554737901049465087e-10
5.757930000000000064e+02 1.305213950245529335e-10 1.475819936533747691e-10 1.652392904180723392e-10
5.900839999999999463e+02 1.219458832007941754e-10 1.412195799315284651e-10 1.469832336831774034e-10
6.043750000000000000e+02 1.244279956109832234e-10 1.199391211624203558e-10 1.355891839523464750e-10
6.186660000000000537e+02 1.227339664945454138e-10 1.138367094591242707e-10 1.154336307853303893e-10
6.329569999999999936e+02 1.066842696875061150e-10 1.095784229794725684e-10 1.098539982036213725e-10
6.472480000000000473e+02 9.166858840876177286e-11 1.067950404421514199e-10 1.040006403350868440e-10
6.633460000000000036e+02 8.188554297409627708e-11 9.833283474924239411e-11 9.934304248306135547e-11
6.824039999999999964e+02 8.106665915665025075e-11 8.695288910579216236e-11 8.927462138935762785e-11
7.014610000000000127e+02 8.031068493481598963e-11 7.768256739422055284e-11 7.893864391574985168e-11
7.205180000000000291e+02 7.340112915999765444e-11 7.264723915832414474e-11 7.458795490422742593e-11
7.395750000000000455e+02 6.278672174576472527e-11 6.977769867509440267e-11 6.913768731819590479e-11
7.586319999999999482e+02 5.405261417037099816e-11 6.600632884656193249e-11 6.634352379827210916e-11
7.776900000000000546e+02 4.980313754987083903e-11 6.090208447879626130e-11 6.157603023874190692e-11
7.967469999999999573e+02 4.870460060992835509e-11 5.463938814608684322e-11 5.597983029635982930e-11
8.158039999999999736e+02 4.919994141554333165e-11 4.826065528750958909e-11 5.028359063155231793e-11
8.348609999999999900e+02 4.717713806941398667e-11 4.386699159358304419e-11 4.539023115349299350e-11
8.539180000000000064e+02 4.332810394717238626e-11 4.147903208223303489e-11 4.149488191310960514e-11
8.729759999999999991e+02 3.771755714095619552e-11 3.995168238933032353e-11 3.930155162327348909e-11
8.977309999999999945e+02 3.107890643261061301e-11 3.836386637145386108e-11 3.807200520142053236e-11
9.231449999999999818e+02 2.629202182142393052e-11 3.689384835161545285e-11 3.580948242616963136e-11
9.485579999999999927e+02 2.509559545636646467e-11 3.302010106265936397e-11 3.301263904552600709e-11
9.739710000000000036e+02 2.557821573143201467e-11 2.878204181391164859e-11 2.967769632924385190e-11
9.993840000000000146e+02 2.621727404390589157e-11 2.499862689943002076e-11 2.630894070798710411e-11
1.024799999999999955e+03 2.547003490673905123e-11 2.271565936622292486e-11 2.334094621357153984e-11
1.050210000000000036e+03 2.311884186037185486e-11 2.134477918573052071e-11 2.163858462285523893e-11
1.075619999999999891e+03 1.967875693449427799e-11 2.093252251503621572e-11 2.046379939668191579e-11
1.101039999999999964e+03 1.603841470823830814e-11 2.078542085719489915e-11 1.956466181179641079e-11
1.126450000000000045e+03 1.324913322300782834e-11 1.991488462598132085e-11 1.901188136916775181e-11
1.151859999999999900e+03 1.155272149917004273e-11 1.824429948053992686e-11 1.847562142231193645e-11
1.180779999999999973e+03 1.093985844685624567e-11 1.649770732194174370e-11 1.707112989819358146e-11
1.214670000000000073e+03 1.147228512128332261e-11 1.445615253669044726e-11 1.497147614963855937e-11
1.248559999999999945e+03 1.207875915225835618e-11 1.232101965151609740e-11 1.322382910380838568e-11
1.282450000000000045e+03 1.205199683248843834e-11 1.090057037078210719e-11 1.166570662201782573e-11
1.316339999999999918e+03 1.126979436672345242e-11 1.018981651019040944e-11 1.045994391981658679e-11
1.350230000000000018e+03 9.859715704762831103e-12 9.600771229192981347e-12 9.967884140945232392e-12
1.384119999999999891e+03 8.400023839806334019e-12 9.618030362920732586e-12 9.132163901708225268e-12
1.418009999999999991e+03 6.581623767449640103e-12 9.398573880123901867e-12 9.066694936055356157e-12
1.451900000000000091e+03 5.668730447772664817e-12 9.194124850692468896e-12 8.281091000729166959e-12
1.485789999999999964e+03 4.496890895056157110e-12 7.924968645398412765e-12 8.953018898786713373e-12
1.519670000000000073e+03 3.966042970554561380e-12 7.490217872447054412e-12 8.291049502269316304e-12
1.553559999999999945e+03 3.896940669400557292e-12 6.959113017679552906e-12 7.377269964108717765e-12
1.597980000000000018e+03 4.048674374709860397e-12 5.958389307534618986e-12 6.748576820253592502e-12
1.643170000000000073e+03 4.385163487673860461e-12 5.381844964463711481e-12 5.626120611708089485e-12
1.688359999999999900e+03 4.468128002680810296e-12 4.717721715765127038e-12 4.969802598311301868e-12
1.733549999999999955e+03 4.458908850940399518e-12 4.021826585498181002e-12 4.548710665605261758e-12
1.778740000000000009e+03 4.279271994266123080e-12 3.736111460443147913e-12 3.986678996223801315e-12
1.823930000000000064e+03 3.935155436834817700e-12 3.571113896410498550e-12 3.548865908178139694e-12
1.869130000000000109e+03 3.502468543041554022e-12 3.556086527514917101e-12 3.142828439735146377e-12
1.914319999999999936e+03 3.000032368708645054e-12 3.567044025724083148e-12 2.843988845165991664e-12
1.959509999999999991e+03 2.500868154027303061e-12 3.039129867319695993e-12 3.145379270581962976e-12
2.004700000000000045e+03 2.168958636672602596e-12 2.625402700878297431e-12 3.218402421984236695e-12
2.049889999999999873e+03 1.755854663453987139e-12 3.376295041802046434e-12 2.268566252611591909e-12
2.101840000000000146e+03 1.353484257829257262e-12 2.874539915131467049e-12 2.584038520054606116e-12
2.162110000000000127e+03 1.097542507374340218e-12 2.549452103335853618e-12 2.605944106243826285e-12
2.222369999999999891e+03 9.894721242810421557e-13 2.006290900124853019e-12 2.750027750651578468e-12
2.282630000000000109e+03 1.011700249099103543e-12 1.952461412769861566e-12 2.315533988748777980e-12
2.342900000000000091e+03 8.998413598719932835e-13 2.237528777886719538e-12 1.725612904891211064e-12
2.403159999999999854e+03 8.765933385064185060e-13 1.527996728039310047e-12 2.073876285872864974e-12
2.463429999999999836e+03 9.308584259007500415e-13 1.698545774281565620e-12 1.497609750863809986e-12
2.523690000000000055e+03 9.231111367558382931e-13 1.248087758729340503e-12 1.631102785787741565e-12
2.583960000000000036e+03 9.179971277292720131e-13 1.274492488601660361e-12 1.316873484587333501e-12
2.644219999999999800e+03 9.494852477452438946e-13 1.108391257023824640e-12 1.179260643762815982e-12
2.704480000000000018e+03 9.308303585274366236e-13 9.492176004970259874e-13 1.104822148238575392e-12
2.764750000000000000e+03 9.069088856674553507e-13 8.669125788612755257e-13 9.827494453793334680e-13
2.844420000000000073e+03 8.829969983980187944e-13 7.715353774761509446e-13 8.735080637130883111e-13
2.924780000000000200e+03 8.468821923443785852e-13 7.200356316689707485e-13 7.537016165240020769e-13
3.005150000000000091e+03 7.949838718327526234e-13 6.371564663591203325e-13 7.002629751260376955e-13
3.085510000000000218e+03 7.278260683664460759e-13 5.921774798206160153e-13 6.412310805045078181e-13
3.165869999999999891e+03 6.675023655386204989e-13 5.686292244603039579e-13 5.673762102187582376e-13
3.246239999999999782e+03 6.056653435289488264e-13 5.358736503126616542e-13 5.209903422503106250e-13
3.326599999999999909e+03 5.388425387527173828e-13 5.024204509719752376e-13 4.903938355764603373e-13
3.406960000000000036e+03 4.736140831512475482e-13 4.741728507189746623e-13 4.640305137410819050e-13
3.487329999999999927e+03 4.131030423542761672e-13 4.481895777909179272e-13 4.395375533706541781e-13
3.567690000000000055e+03 3.598880880563488875e-13 4.232352890740798003e-13 4.175317765464158756e-13
3.648050000000000182e+03 3.140433702087544861e-13 4.002328910186726964e-13 3.930328488274835196e-13
3.741360000000000127e+03 2.655808047861110213e-13 3.782567942554122139e-13 3.744289952240276481e-13
3.848519999999999982e+03 2.152796957621331397e-13 3.574663352918646765e-13 3.613925102392835531e-13
3.955690000000000055e+03 1.756577028295565384e-13 3.375680044334694248e-13 3.435938665346280761e-13
4.062860000000000127e+03 1.456738610876424512e-13 3.167321558622789163e-13 3.259736621961544247e-13
4.170020000000000437e+03 1.239114606075460742e-13 2.962912668978877472e-13 3.048558489032249013e-13
4.277189999999999600e+03 1.098621720686201815e-13 2.815065963116614610e-13 2.759979121962226071e-13
4.384359999999999673e+03 9.909512066724311251e-14 2.719637351108747659e-13 2.436076464044381982e-13
4.491520000000000437e+03 8.371085267972843794e-14 2.551759775385882477e-13 2.269567854785644914e-13
4.598689999999999600e+03 6.529551917117486691e-14 2.256613079907217957e-13 2.310328878354138390e-13
4.705859999999999673e+03 5.879418659887139089e-14 2.052486372729497058e-13 2.171761803677545803e-13
4.813020000000000437e+03 6.137396425619746078e-14 1.985692342725721476e-13 1.834435694202199502e-13
4.920189999999999600e+03 5.217933154192308069e-14 1.754668860963712127e-13 1.816282942638594035e-13
5.063100000000000364e+03 4.709292888179496229e-14 1.550176671388371990e-13 1.729920085033785504e-13
5.206010000000000218e+03 4.644018864444584931e-14 1.432596671003074664e-13 1.544878823551422475e-13
5.348920000000000073e+03 4.906641079550130488e-14 1.344735872323791096e-13 1.326181486445547940e-13
5.491819999999999709e+03 4.860624552480785610e-14 1.165982214919407932e-13 1.254747446511131933e-13
5.634729999999999563e+03 4.578049659033374075e-14 1.028250627537356756e-13 1.185160018692823747e-13
5.777640000000000327e+03 4.674663940041041788e-14 9.768864722266979443e-14 1.017521611138956659e-13
5.920550000000000182e+03 4.659505299574923795e-14 8.375754978133347513e-14 9.639111094030540785e-14
6.063460000000000036e+03 4.513979883405610562e-14 7.753838903961351170e-14 8.626932175576028626e-14
6.206369999999999891e+03 4.503458850191362732e-14 6.874351665557461680e-14 7.864212642999263247e-14
6.349279999999999745e+03 4.376458733866547961e-14 6.279158400795178921e-14 7.101908741800442187e-14
6.492189999999999600e+03 4.277990876142753455e-14 5.539434466648886836e-14 6.556965240957148719e-14
6.659750000000000000e+03 4.184015367161061476e-14 5.162028577336140816e-14 5.705028558001543285e-14
6.850319999999999709e+03 4.059447211486274524e-14 4.288863494202044674e-14 5.432468234072989376e-14
7.040890000000000327e+03 3.945652510714297843e-14 4.207579125475799352e-14 4.517679058429483339e-14
7.231470000000000255e+03 3.809041503601541890e-14 3.436033449308136597e-14 4.394601499715259970e-14
7.422039999999999964e+03 3.637522269877380462e-14 3.400262825161164796e-14 3.664794972378922423e-14
7.612609999999999673e+03 3.486278042560986481e-14 2.733627896661917520e-14 3.629177245004841436e-14
7.803180000000000291e+03 3.294517802288496668e-14 2.938790116035445801e-14 2.824353787837499249e-14
7.993750000000000000e+03 3.143283168541949938e-14 1.987488636845536663e-14 3.224724665368215358e-14
8.184329999999999927e+03 2.936609765907164727e-14 2.717123293358852492e-14 2.045449544521369118e-14
8.374899999999999636e+03 2.806907712394572710e-14 1.513364368055080916e-14 2.777263292390388062e-14
8.565469999999999345e+03 2.581199503301657399e-14 2.052418207469294316e-14 1.903568365664286777e-14
8.758229999999999563e+03 2.452784022355673851e-14 1.876532841493099465e-14 1.704214203559400841e-14
9.012370000000000800e+03 2.264961143488589422e-14 1.235168080487567417e-14 2.028289769374360285e-14
9.266500000000000000e+03 2.105916277849794248e-14 1.847059187540269840e-14 1.118805386766265023e-14
9.520629999999999200e+03 1.977824972023985624e-14 7.105037835639895936e-15 1.969662035530067680e-14
9.774760000000000218e+03 1.756804968233117433e-14 1.724313799036100400e-14 7.935237004014771584e-15
1.002889999999999964e+04 1.719790452072009475e-14 8.523232305042160507e-15 1.366740693107097168e-14
1.028300000000000000e+04 1.509112189180504650e-14 7.711639901484269436e-15 1.344515003397091395e-14
1.053720000000000073e+04 1.387308725463700613e-14 1.489670260470306130e-14 4.613610743961408121e-15
1.079129999999999927e+04 1.356172464699498718e-14 5.393567922478904851e-15 1.176318802437997871e-14
1.104539999999999964e+04 1.166543669246882411e-14 5.497657160612383252e-15 1.119625043451136967e-14
1.129960000000000036e+04 1.053272679741394834e-14 1.252007448774922592e-14 3.089214384541642192e-15
1.155370000000000073e+04 1.054343114998812687e-14 6.897251459284721222e-15 6.670431512878793579e-15
1.185460000000000036e+04 9.175116635089672676e-15 2.342332254386714219e-15 1.064085529662763853e-14
1.219350000000000000e+04 7.779874491928875276e-15 1.004764082377642305e-14 2.442128205913560125e-15
1.253239999999999964e+04 8.012407331558299322e-15 5.679794496690384481e-15 4.946423927371785749e-15
1.287129999999999927e+04 6.882076101848760921e-15 1.366250151790777006e-15 8.870843815115323280e-15
1.321010000000000036e+04 5.629427216351831645e-15 7.246561147315009109e-15 2.863979569142586811e-15
1.354900000000000000e+04 5.779395907549242615e-15 7.150168985460111179e-15 1.554753774696420075e-15
1.388789999999999964e+04 5.532869927759876742e-15 1.429722476640564281e-15 6.350598536856979910e-15
1.422679999999999927e+04 4.372174740207859465e-15 1.937754901144859127e-15 5.973464268966163724e-15
1.456570000000000073e+04 3.734168747208075239e-15 6.160081655743051950e-15 1.424581082605533979e-15
1.490460000000000036e+04 3.918917365114286094e-15 5.688840400334885149e-15 8.109139420410757084e-16
1.524350000000000000e+04 3.872330296484088261e-15 1.732470484416619452e-15 4.018947908399013044e-15
1.559020000000000073e+04 3.146684822015832286e-15 4.618112000159943373e-16 5.260727354547564088e-15
1.604210000000000036e+04 2.379516136440528610e-15 3.857738425888195586e-15 1.885561991907935684e-15
1.649400000000000000e+04 2.511433508116481808e-15 4.754173652357168287e-15 1.831157365567766998e-16
1.694590000000000146e+04 2.608203054824744593e-15 1.623515457620459682e-15 2.606381449688516790e-15
1.739779999999999927e+04 2.069095444868987231e-15 2.085884568800616127e-16 3.990404630106761547e-15
1.784979999999999927e+04 1.504285628888419681e-15 2.073285850479477714e-15 2.197012206555554598e-15
1.830170000000000073e+04 1.432560201684658724e-15 3.696488178945285645e-15 1.829306309568209107e-16
1.875359999999999854e+04 1.620558434747483588e-15 2.854415294004834223e-15 4.151777667170151533e-16
1.920550000000000000e+04 1.595108320916184541e-15 9.078448777445047609e-16 1.992673818428495397e-15
1.965740000000000146e+04 1.273265832321961234e-15 7.559362145935964178e-17 2.800766656796638366e-15
2.010929999999999927e+04 9.062210410711328612e-16 8.284442339225977713e-16 2.089289095257940398e-15
2.056129999999999927e+04 7.409691161501126076e-16 2.029845808249119675e-15 7.551926334511694999e-16
2.110150000000000000e+04 8.182969088050753782e-16 2.452726185351843616e-15 -4.406688544615025710e-17
2.170420000000000073e+04 9.475904100943515176e-16 1.418375530852121832e-15 5.973416003104926618e-16
2.230679999999999927e+04 8.516585653305814121e-16 2.449714220900764721e-16 1.619081045666301189e-15
2.290950000000000000e+04 5.984980789345044223e-16 1.226713308466619878e-16 1.770456801299929929e-15
2.351209999999999854e+04 4.006730153855307310e-16 8.403045897594976379e-16 1.047371118800055880e-15
2.411470000000000073e+04 3.639537065915139104e-16 1.498905878541705505e-15 2.352148226465775047e-16
2.471740000000000146e+04 4.373810260807276391e-16 1.538743042468251186e-15 -4.200595335519969370e-17
2.532000000000000000e+04 5.025162177494167355e-16 1.026665729935291077e-15 2.495924978539091064e-16
2.592270000000000073e+04 4.877974366431858534e-16 4.031904186408818247e-16 7.459789388890922887e-16
2.652529999999999927e+04 3.952275144244878762e-16 4.576228162165227793e-17 1.063000411152410650e-15
2.712800000000000000e+04 2.771045504259507958e-16 6.572436202141299282e-17 1.044840448532015005e-15
2.775140000000000146e+04 1.813108434247687491e-16 3.515356096033862669e-16 7.439085997207224810e-16
2.855500000000000000e+04 1.415964695504672364e-16 7.624418991419718428e-16 2.636587963189573379e-16
2.935870000000000073e+04 1.738968717897802654e-16 9.046462926023993663e-16 -9.294639924118830451e-18
3.016229999999999927e+04 2.212548764073502446e-16 7.273569362446742121e-16 2.827300045635086649e-17
3.096590000000000146e+04 2.396371772237803544e-16 4.039717179230281606e-16 2.550991227830168699e-16
3.176959999999999854e+04 2.143849640518367338e-16 1.262273548931394868e-16 4.839120005101871555e-16
3.257320000000000073e+04 1.612376174483727693e-16 7.115219611513917791e-18 5.888617938545549738e-16
3.337680000000000291e+04 1.042295103017201753e-16 4.754363810780925669e-17 5.421844685537835215e-16
3.418050000000000000e+04 6.321839984522281510e-17 1.806022223687592921e-16 3.959564059856639372e-16
3.498409999999999854e+04 4.485507473086255246e-17 3.235568100472871412e-16 2.195419915494589461e-16
3.578780000000000291e+04 4.666431405282138196e-17 4.172678057150082155e-16 7.676937858599801331e-17
3.659140000000000146e+04 5.997150525364455848e-17 4.363772467734494482e-16 -5.563060447493623750e-19
3.756140000000000146e+04 8.006762908201868219e-17 3.808367846516989568e-16 -5.355892908251914994e-18
3.863309999999999854e+04 9.353564938634491119e-17 2.572282852463596376e-16 6.541370499370350741e-17
3.970469999999999709e+04 9.190911980794262658e-17 1.285128607967832080e-16 1.602287030481772286e-16
4.077640000000000146e+04 7.746929033828380449e-17 3.841554860607400796e-17 2.326673526247918546e-16
4.184800000000000000e+04 5.661264162962727027e-17 2.348649000187494986e-18 2.604856016821664736e-16
4.291969999999999709e+04 3.581760052772720986e-17 1.315590120667645936e-17 2.429656473640805248e-16
4.399140000000000146e+04 1.999915954436461093e-17 5.237922387038485000e-17 1.961960075013057049e-16
4.506300000000000000e+04 1.072230972607672974e-17 9.979371534266130742e-17 1.358859495590511739e-16
4.613469999999999709e+04 7.783906260894641605e-18 1.400006927407883830e-16 7.840124645282577703e-17
4.720640000000000146e+04 9.526458006865161995e-18 1.638266576091504946e-16 3.370913763483691129e-17
4.827800000000000000e+04 1.393458561395404227e-17 1.702315142349284088e-16 6.357777599596301989e-18
4.939900000000000000e+04 1.931636187802516818e-17 1.599262863585700838e-16 -4.502162147080460186e-18
5.082809999999999854e+04 2.538014997846827859e-17 1.321111346907862060e-16 1.949370810003448888e-18
5.225719999999999709e+04 2.845733250215551068e-17 9.480537821613276188e-17 2.172149508185108323e-17
5.368630000000000291e+04 2.851877156149037368e-17 5.910449389781869742e-17 4.546383981920828040e-17
5.511540000000000146e+04 2.573364119798053536e-17 3.011726892097127404e-17 6.576470194169981573e-17
5.654450000000000000e+04 2.125601406816020233e-17 1.106676326384427022e-17 7.892147466207845369e-17
5.797350000000000000e+04 1.611036021080596973e-17 1.856890124144022479e-18 8.386607152771139416e-17
5.940259999999999854e+04 1.109031799445176321e-17 7.043906789867516861e-19 8.113132411145355941e-17
6.083169999999999709e+04 6.869231862027931265e-18 5.117734022404021502e-18 7.340832608705936186e-17
6.226080000000000291e+04 3.616083638833550407e-18 1.256318897588180607e-17 6.199972521368519681e-17
6.368990000000000146e+04 1.427684363989484547e-18 2.085585370796642714e-17 4.908600677691299587e-17
6.511900000000000000e+04 2.202552021406349900e-19 2.865858274917182675e-17 3.672370372659060870e-17
6.686039999999999418e+04 -1.953907611734296659e-19 3.637357724980187678e-17 2.361535137501628603e-17
6.876610000000000582e+04 2.634226053629737040e-19 4.172912461335999815e-17 1.245200219750661513e-17
7.067180000000000291e+04 1.254011054089646051e-18 4.353034852007583403e-17 4.841185158769691519e-18
7.257750000000000000e+04 2.422604853452041973e-18 4.227083882018842219e-17 5.793608168566051445e-19
7.448319999999999709e+04 3.501382541388823628e-18 3.856258198075928611e-17 -9.283185340434918176e-19
7.638900000000000000e+04 4.384198378855506027e-18 3.377538715574748168e-17 -4.433404434797201039e-19
7.829469999999999709e+04 4.953079123776190772e-18 2.814761874578816307e-17 1.308057662421665149e-18
8.020039999999999418e+04 5.220985206570597213e-18 2.249689724386472469e-17 3.688430404865655991e-18
8.210610000000000582e+04 5.198235424117079262e-18 1.717400658517018920e-17 6.187762642600490848e-18
8.401180000000000291e+04 4.993213720745536646e-18 1.262994946233705694e-17 8.535006811676190673e-18
8.591760000000000582e+04 4.603875697566195680e-18 8.794298420247870626e-18 1.044610798695884981e-17
8.793289999999999418e+04 4.102284814706512441e-18 5.645673143714892355e-18 1.197387263990403726e-17
9.047419999999999709e+04 3.461573788514642877e-18 2.896314531592219100e-18 1.334689115265404917e-17
9.301550000000000000e+04 2.768450479088299114e-18 1.177457013989827902e-18 1.382468472939225476e-17
9.555680000000000291e+04 2.132078085188145021e-18 3.085030573709837261e-19 1.375778411461500088e-17
9.809810000000000582e+04 1.546520135839187472e-18 5.402674002384361322e-20 1.307247216048118193e-17
1.006390000000000000e+05 1.052374576263064465e-18 2.207874846702752802e-19 1.205178451809790816e-17
