1.017789999999999928e+01 6.734469561419932334e-06 6.657811619211579435e-06 6.639157402802835780e-06
1.043200000000000038e+01 6.281476352586027048e-06 6.374644246677494765e-06 6.320614338962688748e-06
1.068609999999999971e+01 5.969951023733175960e-06 6.018201654746335661e-06 6.002184927062257725e-06
1.094030000000000058e+01 5.706993154560840100e-06 5.664021749979737086e-06 5.647221467860913231e-06
1.119439999999999991e+01 5.309178031669220783e-06 5.438087528760164787e-06 5.422758465899789955e-06
1.144849999999999923e+01 5.093531984772425015e-06 5.117000051202957314e-06 5.113938917535906629e-06
1.171439999999999948e+01 4.881691931952780614e-06 4.810334836242962164e-06 4.825456109325544123e-06
1.205320000000000036e+01 4.663686411382706285e-06 4.465276822473376471e-06 4.448011577701652851e-06
1.239209999999999923e+01 4.386175702211343811e-06 4.173049799041252643e-06 4.158810054901299958e-06
1.273099999999999987e+01 4.212625392436487840e-06 3.869212818427771822e-06 3.853775300637519381e-06
1.306990000000000052e+01 3.842568451558859920e-06 3.682114893320685399e-06 3.671610263688524907e-06
1.340879999999999939e+01 3.457462766449493458e-06 3.529630908882515098e-06 3.546075850725784503e-06
1.374770000000000003e+01 3.430687249642523457e-06 3.249152308752671739e-06 3.237365250462469042e-06
1.408660000000000068e+01 3.160406803572064518e-06 3.089605022337868139e-06 3.095205379400300312e-06
1.442549999999999955e+01 2.936283807211935662e-06 2.939703574190676050e-06 2.941811181555709675e-06
1.476440000000000019e+01 2.876866576443662542e-06 2.741019775139707014e-06 2.705130921497295991e-06
1.510330000000000084e+01 2.592525461584738277e-06 2.635234855227821054e-06 2.642398226493598306e-06
1.544209999999999994e+01 2.422543904325172679e-06 2.506390251489621198e-06 2.515865069124524161e-06
1.585510000000000019e+01 2.318843098985224247e-06 2.330406680538571336e-06 2.326452939589469019e-06
1.630699999999999861e+01 2.070489016554429953e-06 2.207376209667006493e-06 2.237420153284946654e-06
1.675890000000000057e+01 1.999875044996965197e-06 2.042529208889615833e-06 2.048853968070616581e-06
1.721079999999999899e+01 1.887865239421529299e-06 1.902817297085999020e-06 1.908165477588071070e-06
1.766280000000000072e+01 1.688119043911764609e-06 1.815389234455552245e-06 1.838296641517283902e-06
1.811469999999999914e+01 1.642711603311585320e-06 1.687865196725193534e-06 1.681632730705605187e-06
1.856660000000000110e+01 1.555489691755739900e-06 1.574993270375011662e-06 1.576799874418709407e-06
1.901849999999999952e+01 1.465926417633245244e-06 1.474503619217332270e-06 1.484109222429574350e-06
1.947040000000000148e+01 1.359095032875138578e-06 1.397123384013105982e-06 1.407793630234507921e-06
1.992229999999999990e+01 1.267522129229079482e-06 1.321675333377585872e-06 1.332817327153436668e-06
2.037430000000000163e+01 1.204144182325673591e-06 1.242070193525875657e-06 1.252007208876818791e-06
2.085219999999999985e+01 1.150795872326090654e-06 1.163968377175581197e-06 1.165231378448728179e-06
2.145479999999999876e+01 1.037901358123888626e-06 1.098454217820782116e-06 1.097446752657038210e-06
2.205750000000000099e+01 9.845923455415407082e-07 1.016148442359596049e-06 1.022031601312646939e-06
2.266009999999999991e+01 9.168146675531559290e-07 9.511584719798494215e-07 9.547037619153678897e-07
2.326269999999999882e+01 8.815973416265921420e-07 8.774943725106659816e-07 8.806997622220717911e-07
2.386540000000000106e+01 7.978556159692780664e-07 8.356397964760457892e-07 8.364037274163755810e-07
2.446799999999999997e+01 7.559233017312466853e-07 7.755053157383140841e-07 7.844144600501855373e-07
2.507069999999999865e+01 7.152340720912117707e-07 7.248686380179037232e-07 7.302210753914951527e-07
2.567330000000000112e+01 6.796635146193631182e-07 6.781237962505870137e-07 6.803540802966367129e-07
2.627590000000000003e+01 6.373752413447084245e-07 6.384323520778682040e-07 6.410366868339634115e-07
2.687859999999999872e+01 5.785725078611476533e-07 6.100276261069226975e-07 6.126102216791782135e-07
2.748120000000000118e+01 5.486166742059104838e-07 5.685029011992394903e-07 5.787433416059386267e-07
2.822250000000000014e+01 5.197521339057605874e-07 5.303549328753240908e-07 5.314668764743497039e-07
2.902609999999999957e+01 4.918414727735003048e-07 4.778475807932876647e-07 4.918632036064496866e-07
2.982979999999999876e+01 4.372613748306688469e-07 4.664300175590307177e-07 4.720753651946439336e-07
3.063340000000000174e+01 4.108052210068444887e-07 4.283592177156650432e-07 4.454348358480827933e-07
3.143700000000000117e+01 3.935716405088281661e-07 4.025881078595148471e-07 4.044622004662605055e-07
3.224069999999999681e+01 3.800019182857916004e-07 3.734761353191422039e-07 3.694625827864390922e-07
3.304429999999999978e+01 3.407040288311697940e-07 3.608339461123476473e-07 3.469156725263224596e-07
3.384790000000000276e+01 3.314902633720119605e-07 3.290571560019457040e-07 3.267288923990604807e-07
3.465160000000000196e+01 3.061737578185832459e-07 3.096798715925154942e-07 3.118052367329529230e-07
3.545519999999999783e+01 2.827414611064577033e-07 2.931041047505413978e-07 2.939813206657755330e-07
3.625880000000000081e+01 2.725634291276621039e-07 2.726034672904866894e-07 2.731490085815007532e-07
3.711789999999999878e+01 2.485837189447121585e-07 2.583386453807188939e-07 2.602713223885380546e-07
3.818959999999999866e+01 2.367843507111850987e-07 2.388449479635844544e-07 2.381370413829635537e-07
3.926129999999999853e+01 2.106794693241617959e-07 2.273470850455375449e-07 2.268084534325510368e-07
4.033290000000000219e+01 2.096475940028227988e-07 2.045184355055201106e-07 2.059169620012190372e-07
4.140460000000000207e+01 1.960941169538916918e-07 1.914830325711483392e-07 1.921962690869682135e-07
4.247630000000000194e+01 1.751406076449869459e-07 1.865167289646744097e-07 1.820119308523742706e-07
4.354789999999999850e+01 1.693452090696670330e-07 1.684973381892034817e-07 1.685810404219665675e-07
4.461959999999999837e+01 1.565765280793362771e-07 1.592790712259917777e-07 1.593015518504243267e-07
4.569129999999999825e+01 1.449385990820843214e-07 1.497211585211216272e-07 1.507258630017389340e-07
4.676290000000000191e+01 1.402612561683919929e-07 1.391494403649794879e-07 1.386754333948582769e-07
4.783460000000000178e+01 1.284125675929917695e-07 1.321364109262847027e-07 1.325741742685166729e-07
4.890630000000000166e+01 1.222467093649064252e-07 1.233641444060992114e-07 1.240717694207445947e-07
5.023669999999999902e+01 1.146776078832057209e-07 1.150249048606304550e-07 1.149327517707141381e-07
5.166579999999999728e+01 1.048594730678694758e-07 1.074141540321391441e-07 1.039303019838311752e-07
5.309490000000000265e+01 1.002751490684950024e-07 9.853352408512531025e-08 9.962765946746989104e-08
5.452400000000000091e+01 8.898584184918986949e-08 9.531210114511578475e-08 9.357421302306864428e-08
5.595309999999999917e+01 8.895514308467505881e-08 8.615774843739522299e-08 8.569429578514333120e-08
5.738219999999999743e+01 7.845424381354590035e-08 8.287090984478671067e-08 8.208427018814282165e-08
5.881130000000000280e+01 7.498495183939829557e-08 7.709018296494139850e-08 7.619277731178329657e-08
6.024040000000000106e+01 7.084740777172208962e-08 7.124382755008787274e-08 7.109277167787882973e-08
6.166949999999999932e+01 6.599083648337017661e-08 6.740741626546339761e-08 6.723878949464472833e-08
6.309859999999999758e+01 6.168272241306721834e-08 6.303073991482689340e-08 6.317897537324698870e-08
6.452760000000000673e+01 5.788727907770573095e-08 5.957890000479614032e-08 5.922242743167075357e-08
6.607179999999999609e+01 5.358456204783554950e-08 5.581316430218473884e-08 5.552827387924078314e-08
6.797750000000000625e+01 5.020397292301487487e-08 5.191099653753800674e-08 5.210099601796387129e-08
6.988320000000000221e+01 4.715246359285416520e-08 4.585101042134118843e-08 4.816751209082398280e-08
7.178889999999999816e+01 4.216965869360776840e-08 4.547366007574669380e-08 4.570988318473701505e-08
7.369469999999999743e+01 4.126411938831023044e-08 4.158018306191503252e-08 4.195610423370163979e-08
7.560039999999999338e+01 3.937863180834744008e-08 3.989667861499729732e-08 3.860802932781745709e-08
7.750610000000000355e+01 3.604770185662082444e-08 3.637432824052626562e-08 3.662764344124679642e-08
7.941179999999999950e+01 3.254914577535508603e-08 3.477168418694414239e-08 3.472268263157239942e-08
8.131749999999999545e+01 3.068005127214954899e-08 3.254543377099082942e-08 3.253348133009368478e-08
8.322329999999999472e+01 2.924414100818336294e-08 2.983538175928737604e-08 3.048895471199202747e-08
8.512900000000000489e+01 2.877892287438122983e-08 2.785056898350184361e-08 2.847043904513937223e-08
8.703470000000000084e+01 2.563264781225243303e-08 2.683107843115280542e-08 2.747278600672708456e-08
8.942260000000000275e+01 2.385943125150047727e-08 2.474943000567660658e-08 2.499174443970196052e-08
9.196389999999999532e+01 2.260599559491225953e-08 2.297305909298427156e-08 2.284137339693641990e-08
9.450520000000000209e+01 2.027014327757541802e-08 2.077082813356623914e-08 2.170474977890157507e-08
9.704659999999999798e+01 1.892513550861799204e-08 2.033764690031761897e-08 2.064004080098569287e-08
9.958790000000000475e+01 1.819594460050050564e-08 1.870327600081529643e-08 1.865838090271478828e-08
1.021290000000000049e+02 1.720301546668027677e-08 1.751161660079905163e-08 1.748128524658215781e-08
1.046710000000000065e+02 1.599643048495353472e-08 1.639673775896917510e-08 1.642349025607729513e-08
1.072120000000000033e+02 1.493113198594681902e-08 1.512941957361482850e-08 1.561057629043836343e-08
1.097530000000000001e+02 1.407646138732028864e-08 1.444069694510805576e-08 1.427790636757166173e-08
1.122939999999999969e+02 1.309956750616290844e-08 1.341973708008204271e-08 1.359417036375505377e-08
1.148359999999999985e+02 1.230127668549784895e-08 1.219130743346580538e-08 1.313103756953733587e-08
1.176110000000000042e+02 1.149208239005181416e-08 1.200731361767958133e-08 1.168604215226860959e-08
1.210000000000000000e+02 1.086667303624441470e-08 1.008736510953844647e-08 1.173051310921714412e-08
1.243889999999999958e+02 1.014989591803081662e-08 1.011028289089082907e-08 1.012162608607835624e-08
1.277780000000000058e+02 9.280090518814954372e-09 9.750836348327396838e-09 9.245514081191665996e-09
1.311670000000000016e+02 8.717867267523492636e-09 9.340155024845108569e-09 8.288772412631402864e-09
1.345550000000000068e+02 7.880749466919919806e-09 8.547797071603352480e-09 8.134592691476731549e-09
1.379439999999999884e+02 7.255536077233650222e-09 7.729254446184278838e-09 7.960447376582073642e-09
1.413329999999999984e+02 6.754131378881701926e-09 7.183656749114451646e-09 7.501649434720066475e-09
1.447220000000000084e+02 6.404094508526836813e-09 6.806818202387032439e-09 6.650781879895965248e-09
1.481109999999999900e+02 6.079946891383325861e-09 6.357140538116128164e-09 6.321849673150146157e-09
1.515000000000000000e+02 5.498339605365865766e-09 5.973515602572162482e-09 6.108119382647398504e-09
1.548890000000000100e+02 5.304165192639915258e-09 5.638097810033041073e-09 5.530106022327045279e-09
1.591740000000000066e+02 5.041553739179159665e-09 5.132550254663892552e-09 5.128208251156951752e-09
1.636930000000000121e+02 4.554537085755689886e-09 4.883640079251509748e-09 4.761006184992802025e-09
1.682129999999999939e+02 4.140827290820869415e-09 4.430140372556523651e-09 4.612401316622608740e-09
1.727319999999999993e+02 3.821621467626901557e-09 4.152107672652743210e-09 4.295737429720356935e-09
1.772510000000000048e+02 3.677537538368183067e-09 3.852512284938851615e-09 3.892192851692966216e-09
1.817700000000000102e+02 3.339450696400532144e-09 3.749932424347513360e-09 3.555321769251956075e-09
1.862889999999999873e+02 3.180411688593897661e-09 3.285846183892541691e-09 3.462962877513561471e-09
1.908079999999999927e+02 2.971352094696667500e-09 3.142367909197655249e-09 3.150622371105678712e-09
1.953280000000000030e+02 2.765649337504049312e-09 2.979769267354978936e-09 2.913368590140973048e-09
1.998470000000000084e+02 2.606211888373463250e-09 2.650011715844333776e-09 2.838086855783274919e-09
2.043660000000000139e+02 2.403735783754775494e-09 2.611091629776403102e-09 2.552296951468822365e-09
2.093530000000000086e+02 2.284291343554370640e-09 2.352437051487216236e-09 2.424232933458414054e-09
2.153789999999999907e+02 2.096752151299126531e-09 2.274068859701170328e-09 2.166720428999704332e-09
2.214060000000000059e+02 1.915111994165809354e-09 2.058435633743435589e-09 2.087154973103217892e-09
2.274319999999999879e+02 1.762455731150116406e-09 1.969419575944279482e-09 1.894540683200689441e-09
2.334590000000000032e+02 1.641963772629677091e-09 1.750054747828770455e-09 1.835050979403844324e-09
2.394850000000000136e+02 1.492177667249858010e-09 1.602662947281586551e-09 1.763501450468556259e-09
2.455109999999999957e+02 1.417734846112593697e-09 1.487748518479768986e-09 1.619877174407637893e-09
2.515380000000000109e+02 1.324918132759358051e-09 1.418589046375019794e-09 1.471820905995061870e-09
2.575640000000000214e+02 1.217660736474918430e-09 1.364655266547556099e-09 1.347772641977526177e-09
2.635910000000000082e+02 1.197586654234943222e-09 1.236917001290315295e-09 1.229469328337817377e-09
2.696170000000000186e+02 1.039649514841098639e-09 1.172953076376460505e-09 1.209266883782441405e-09
2.756440000000000055e+02 9.901180026854423474e-10 1.083757641618814607e-09 1.121807334695743630e-09
2.833330000000000268e+02 9.496865762502979709e-10 9.931447150093226965e-10 1.015552571740379681e-09
2.913700000000000045e+02 8.427551565531386369e-10 9.265982204761760494e-10 9.674472729706856240e-10
2.994060000000000059e+02 8.292613459414947844e-10 8.501604930755747700e-10 8.529773329829309368e-10
3.074420000000000073e+02 6.992939286998438237e-10 7.811006614213961089e-10 8.689364618787602795e-10
3.154789999999999850e+02 7.071844591535795254e-10 7.496771685505146082e-10 7.327504683525618658e-10
3.235149999999999864e+02 6.452676724766746528e-10 6.886890752374531982e-10 6.903649859581380472e-10
3.315509999999999877e+02 5.670029829516129100e-10 6.504261134782501569e-10 6.637363269181683464e-10
3.395880000000000223e+02 5.759207294749834583e-10 5.820598227953269906e-10 5.924532872296899592e-10
3.476240000000000236e+02 5.050455149580968971e-10 5.641680117158949358e-10 5.432679649467766757e-10
3.556610000000000014e+02 4.423998268867815946e-10 5.323738565180243875e-10 5.423463725951941321e-10
3.636970000000000027e+02 4.559489265741537923e-10 4.753328407935363719e-10 4.813268706323100398e-10
3.726580000000000155e+02 4.190719985190199651e-10 4.389814591142152520e-10 4.548386823667650124e-10
3.833740000000000236e+02 3.438755948977119078e-10 4.222057038217177982e-10 4.459402047805704859e-10
3.940910000000000082e+02 3.554863541892049834e-10 3.784148694789745665e-10 3.863129828318206410e-10
4.048079999999999927e+02 3.390800134185969798e-10 3.482646819517291995e-10 3.491260837796739833e-10
4.155240000000000009e+02 2.723204330963189599e-10 3.414212489124858802e-10 3.452742081911952890e-10
4.262409999999999854e+02 2.642878200840956605e-10 3.050205111885796422e-10 3.202881887273247656e-10
4.369569999999999936e+02 2.775467647749943630e-10 2.708460928389691704e-10 2.765319813860366101e-10
4.476739999999999782e+02 2.410337766869104801e-10 2.644285380627118783e-10 2.600578627503777698e-10
4.583910000000000196e+02 1.981959823250428110e-10 2.560684836558141325e-10 2.560621225191431692e-10
4.691070000000000277e+02 1.955380219669067134e-10 2.283497183995727459e-10 2.364882391335206513e-10
4.798240000000000123e+02 2.062185395373147378e-10 1.997079985313062457e-10 2.077015024313791018e-10
4.905409999999999968e+02 1.894970418080346217e-10 1.973020919700639449e-10 1.837195877219014980e-10
5.043389999999999986e+02 1.505170426893586734e-10 1.899956342760816525e-10 1.857187135345597643e-10
5.186299999999999955e+02 1.351300746313200701e-10 1.729066556315707138e-10 1.767303390371092499e-10
5.329199999999999591e+02 1.465433384577193515e-10 1.474429172644817281e-10 1.539244789277990013e-10
5.472110000000000127e+02 1.417146533635247202e-10 1.357252611693685429e-10 1.363454987671068001e-10
5.615019999999999527e+02 1.164857635727530070e-10 1.396627374668782464e-10 1.264579846603687802e-10
5.757930000000000064e+02 9.538133749581328768e-11 1.217940730588579516e-10 1.368878283953288386e-10
5.900839999999999463e+02 9.122200416045843669e-11 1.142704546541600197e-10 1.220928129539562097e-10
6.043750000000000000e+02 9.907087222815630350e-11 9.365284358719457958e-11 1.110017459346491686e-10
6.186660000000000537e+02 1.003542597069755959e-10 8.979282045968610295e-11 9.135584293333834760e-11
6.329569999999999936e+02 8.364010088891545499e-11 8.856904182459147886e-11 8.862646793649311654e-11
6.472480000000000473e+02 6.733740670803787158e-11 8.928175801181606289e-11 8.550017243014610443e-11
6.633460000000000036e+02 5.812406083420105579e-11 8.212632722033729952e-11 8.360230569546167092e-11
6.824039999999999964e+02 6.165525652939487964e-11 7.052453057537800349e-11 7.386665804522714272e-11
7.014610000000000127e+02 6.519568924393296910e-11 6.123767439454397003e-11 6.343279591152308732e-11
7.205180000000000291e+02 5.927738805375985638e-11 5.796841480124725641e-11 5.787988620999291401e-11
7.395750000000000455e+02 4.744942347006574402e-11 5.749578041425269256e-11 5.654568234068158905e-11
7.586319999999999482e+02 3.828999403121966473e-11 5.515338061292326702e-11 5.585666720585708187e-11
7.776900000000000546e+02 3.560247609822188131e-11 5.102338812731590425e-11 5.134805592946222308e-11
7.967469999999999573e+02 3.680891478735409557e-11 4.396863026263278024e-11 4.680327494001315239e-11
8.158039999999999736e+02 3.941611418736011535e-11 3.873892413802671680e-11 4.015182613879553565e-11
8.348609999999999900e+02 3.840459474196378763e-11 3.485155345287175585e-11 3.595103398016447228e-11
8.539180000000000064e+02 3.457048968582290451e-11 3.329901396590169279e-11 3.319640593827541315e-11
8.729759999999999991e+02 2.896300716697472377e-11 3.276992897837569390e-11 3.183797147464959484e-11
8.977309999999999945e+02 2.255499120391803598e-11 3.211260140809820352e-11 3.126971689798377997e-11
9.231449999999999818e+02 1.879193645949236157e-11 3.039116475879048052e-11 2.996014586371717260e-11
9.485579999999999927e+02 1.858821583051538561e-11 2.675151590057458432e-11 2.744965039730196757e-11
9.739710000000000036e+02 1.995987899491719101e-11 2.290897080391138364e-11 2.424692648067143861e-11
9.993840000000000146e+02 2.105933787893339830e-11 1.970436144630346827e-11 2.111487615826314738e-11
1.024799999999999955e+03 2.057651737102718900e-11 1.793271109096926946e-11 1.851920837400354834e-11
1.050210000000000036e+03 1.851846170676575419e-11 1.699700761852637460e-11 1.717143634920788177e-11
1.075619999999999891e+03 1.545111926258621266e-11 1.681927417583295964e-11 1.636409198358083556e-11
1.101039999999999964e+03 1.230609889683367137e-11 1.687371216604573801e-11 1.573083794862059966e-11
1.126450000000000045e+03 9.857256762074916098e-12 1.625942072835150140e-11 1.533048743007359283e-11
1.151859999999999900e+03 8.477688838321264467e-12 1.484248970542240795e-11 1.499407530130633304e-11
1.180779999999999973e+03 8.087037424838670265e-12 1.347235971935705545e-11 1.372920551395427930e-11
1.214670000000000073e+03 8.767266646443591630e-12 1.146928832236353198e-11 1.216565917889288242e-11
1.248559999999999945e+03 9.409460278937235052e-12 9.727394421775096577e-12 1.064427510963767272e-11
1.282450000000000045e+03 9.549618648357639239e-12 8.571548290699893254e-12 9.240469141592472861e-12
1.316339999999999918e+03 9.021170107797340574e-12 7.968190995882219351e-12 8.224458817020443493e-12
1.350230000000000018e+03 7.906899818984763248e-12 7.550664197538886918e-12 7.758068809476353152e-12
1.384119999999999891e+03 6.667684879105837093e-12 7.539696211692291360e-12 7.181481910532032415e-12
1.418009999999999991e+03 5.204985032626187592e-12 7.396539296982663942e-12 7.092803880065564047e-12
1.451900000000000091e+03 4.370919142198123777e-12 7.241380292602461743e-12 6.564443061534416882e-12
1.485789999999999964e+03 3.441648582364847787e-12 6.326127782051087625e-12 6.987912442729067127e-12
1.519670000000000073e+03 3.010308101695646381e-12 5.944090078559037494e-12 6.495172414425319279e-12
1.553559999999999945e+03 2.940733151382639999e-12 5.487854811343736242e-12 5.798060792688625379e-12
1.597980000000000018e+03 3.072350053109753159e-12 4.698095363149419270e-12 5.296967804190830338e-12
1.643170000000000073e+03 3.352694018330411849e-12 4.214464714047962788e-12 4.422900825501627827e-12
1.688359999999999900e+03 3.446577915234225773e-12 3.674188647901735759e-12 3.890781143763538783e-12
1.733549999999999955e+03 3.456035292418565758e-12 3.123473716683721555e-12 3.541670946935214179e-12
1.778740000000000009e+03 3.323025552443287646e-12 2.891549578103947882e-12 3.094341897251265300e-12
1.823930000000000064e+03 3.053486286360187954e-12 2.756441128145679577e-12 2.745995651515633308e-12
1.869130000000000109e+03 2.713213040057472458e-12 2.742655601124236027e-12 2.427964852243792902e-12
1.914319999999999936e+03 2.315961869539541701e-12 2.749986757563369370e-12 2.192012871910839588e-12
1.959509999999999991e+03 1.922343061337047689e-12 2.339473817743099364e-12 2.421626341850237715e-12
2.004700000000000045e+03 1.660556067567386479e-12 2.012946755789932651e-12 2.474987581737081907e-12
2.049889999999999873e+03 1.339588228330760205e-12 2.594465119283469457e-12 1.731607179547971602e-12
2.101840000000000146e+03 1.029798404233127077e-12 2.197555373994588556e-12 1.976520324745235166e-12
2.162110000000000127e+03 8.360980736172320394e-13 1.940388893929032846e-12 1.993845192246485624e-12
2.222369999999999891e+03 7.587313343819143111e-13 1.509427791367571303e-12 2.108811760027990516e-12
2.282630000000000109e+03 7.822113460402489745e-13 1.471272397655226925e-12 1.759448730740754834e-12
2.342900000000000091e+03 6.948109281437050412e-13 1.706413318638142698e-12 1.290023346638347791e-12
2.403159999999999854e+03 6.785928355167308431e-13 1.135438278273257960e-12 1.578350569271151816e-12
2.463429999999999836e+03 7.194303469869066654e-13 1.288038696199962446e-12 1.111818407009186700e-12
2.523690000000000055e+03 7.110194844245726138e-13 9.240358660617629805e-13 1.230643072637323625e-12
2.583960000000000036e+03 7.008923641271647402e-13 9.572490900451871494e-13 9.810498111289946210e-13
2.644219999999999800e+03 7.227540244923011637e-13 8.312880442372964878e-13 8.733456825818270662e-13
2.704480000000000018e+03 7.030534627349714953e-13 7.057043476500965038e-13 8.216431944468669975e-13
2.764750000000000000e+03 6.793922069161374303e-13 6.452066920283365896e-13 7.293230614229714798e-13
2.844420000000000073e+03 6.568284686277493938e-13 5.747155166215253806e-13 6.490576096548449314e-13
2.924780000000000200e+03 6.262772501706017210e-13 5.406050411342243005e-13 5.565169143087337771e-13
3.005150000000000091e+03 5.858731309101321626e-13 4.743737963873950001e-13 5.205103849377713909e-13
3.085510000000000218e+03 5.318016483421543161e-13 4.379502070492957652e-13 4.812976880580303159e-13
3.165869999999999891e+03 4.850781810109823141e-13 4.249273958046959397e-13 4.207855983928181115e-13
3.246239999999999782e+03 4.404585869118235075e-13 4.029733943589981840e-13 3.811443390196642826e-13
3.326599999999999909e+03 3.922068620176373384e-13 3.765566122152529962e-13 3.564241524419882080e-13
3.406960000000000036e+03 3.448829839607888002e-13 3.532187388592835365e-13 3.361268574749143403e-13
3.487329999999999927e+03 3.007397760060401036e-13 3.319922764554597627e-13 3.168719933941123892e-13
3.567690000000000055e+03 2.620104667664156700e-13 3.121893093714352178e-13 2.997788238272629591e-13
3.648050000000000182e+03 2.281406884998321676e-13 2.929251359409676701e-13 2.820204426632993438e-13
3.741360000000000127e+03 1.939891178377584578e-13 2.750796612488831966e-13 2.674889586527966137e-13
3.848519999999999982e+03 1.595753076871960010e-13 2.586961944854049865e-13 2.564228449379809607e-13
3.955690000000000055e+03 1.318745516950389058e-13 2.426744690050092409e-13 2.428471756635389077e-13
4.062860000000000127e+03 1.107721595668536617e-13 2.267314957429503354e-13 2.298680990203534234e-13
4.170020000000000437e+03 9.504320372415666785e-14 2.109490867542023458e-13 2.146877113633403022e-13
4.277189999999999600e+03 8.445909801218177833e-14 1.987832241119633563e-13 1.949195687468084025e-13
4.384359999999999673e+03 7.623468285371115034e-14 1.902216835987177121e-13 1.728706933579853006e-13
4.491520000000000437e+03 6.531098873895781703e-14 1.776094807483441561e-13 1.602135813422504073e-13
4.598689999999999600e+03 5.268271522337613175e-14 1.575478515072298472e-13 1.607345914071548425e-13
4.705859999999999673e+03 4.759343441787632250e-14 1.429233335958904426e-13 1.503627047154314808e-13
4.813020000000000437e+03 4.831017911317461510e-14 1.369376236478015694e-13 1.276023171918390947e-13
4.920189999999999600e+03 4.169441484320445764e-14 1.210917265093015723e-13 1.250527914449330157e-13
5.063100000000000364e+03 3.773251411886421928e-14 1.071253526342129644e-13 1.185821181980034768e-13
5.206010000000000218e+03 3.664601378713955265e-14 9.876072929719615315e-14 1.059548376829548259e-13
5.348920000000000073e+03 3.771367616067939088e-14 9.242107440101295539e-14 9.121025257573828202e-14
5.491819999999999709e+03 3.684740851472728054e-14 8.032512991701264345e-14 8.597442581982501192e-14
5.634729999999999563e+03 3.446949290253147063e-14 7.083987519589946448e-14 8.088658568120697530e-14
5.777640000000000327e+03 3.461370634197287369e-14 6.711110760045041440e-14 6.960281021005003136e-14
5.920550000000000182e+03 3.404367333179106673e-14 5.767428343179055239e-14 6.569326665027991867e-14
6.063460000000000036e+03 3.267051199806327438e-14 5.325717248717781650e-14 5.875149911612753587e-14
6.206369999999999891e+03 3.217086984001390733e-14 4.720310193229758444e-14 5.341496686787182374e-14
6.349279999999999745e+03 3.098903957155860932e-14 4.304793781378672871e-14 4.818590331690699640e-14
6.492189999999999600e+03 2.999455930787453237e-14 3.797302827061485750e-14 4.435594468684308854e-14
6.659750000000000000e+03 2.908137358340300357e-14 3.531118234542624757e-14 3.862508945517191169e-14
6.850319999999999709e+03 2.799316140749877098e-14 2.946901319207401847e-14 3.667534247249512487e-14
7.040890000000000327e+03 2.705914445309750467e-14 2.880291392545433591e-14 3.064855863731338731e-14
7.231470000000000255e+03 2.596180382777723534e-14 2.368072764050400458e-14 2.969898233442860914e-14
7.422039999999999964e+03 2.467986998274513501e-14 2.327705352295956000e-14 2.487278447541010061e-14
7.612609999999999673e+03 2.352895543722490139e-14 1.887506121627379348e-14 2.449678232824133877e-14
7.803180000000000291e+03 2.214217591237010612e-14 2.002488816554967730e-14 1.919785893653848477e-14
7.993750000000000000e+03 2.103490167634518295e-14 1.381226524816684579e-14 2.167375643049698990e-14
8.184329999999999927e+03 1.959258647631689340e-14 1.839603105974621149e-14 1.396444862568365940e-14
8.374899999999999636e+03 1.863783530336677473e-14 1.051907407605336204e-14 1.861168031725354868e-14
8.565469999999999345e+03 1.707398836293722723e-14 1.393368009303042063e-14 1.284274090347856178e-14
8.758229999999999563e+03 1.617695107712219766e-14 1.265204697421431654e-14 1.154420816354764655e-14
9.012370000000000800e+03 1.489952459748679204e-14 8.536096256592472611e-15 1.351790540935094303e-14
9.266500000000000000e+03 1.384925816593671797e-14 1.234106695325429395e-14 7.671547425509943609e-15
9.520629999999999200e+03 1.296717452324028681e-14 5.031589823065660416e-15 1.306162414125109185e-14
9.774760000000000218e+03 1.151711028962449181e-14 1.146825322482133123e-14 5.456889090727392445e-15
1.002889999999999964e+04 1.125015581305495037e-14 5.798680639469561714e-15 9.138372645651404796e-15
1.028300000000000000e+04 9.858972353073311085e-15 5.300324169530108838e-15 8.895259470645709673e-15
1.053720000000000073e+04 9.066580569836151809e-15 9.803425166874119841e-15 3.241226042112503177e-15
1.079129999999999927e+04 8.822670426251958709e-15 3.680995732756544703e-15 7.787657141588397995e-15
1.104539999999999964e+04 7.587466209800316529e-15 3.771060994767405945e-15 7.345321116989460469e-15
1.129960000000000036e+04 6.854588419541366830e-15 8.169786695629154021e-15 2.173191828535231025e-15
1.155370000000000073e+04 6.832705153229924549e-15 4.534358069763105205e-15 4.453613072672317241e-15
1.185460000000000036e+04 5.937959478958879570e-15 1.671931824673007294e-15 6.905383222004933789e-15
1.219350000000000000e+04 5.051298703154434763e-15 6.509558451914549144e-15 1.690323980610390489e-15
1.253239999999999964e+04 5.189536173409626647e-15 3.696839441311283682e-15 3.294415695379072496e-15
1.287129999999999927e+04 4.454188745337160862e-15 9.935494848108205413e-16 5.724475492542095104e-15
1.321010000000000036e+04 3.662312439842119448e-15 4.690826097342335946e-15 1.904294293953275100e-15
1.354900000000000000e+04 3.750487302324431139e-15 4.576713128605498630e-15 1.097640934208609270e-15
1.388789999999999964e+04 3.572915293939056772e-15 9.702029473083039696e-16 4.098625757515936250e-15
1.422679999999999927e+04 2.834604658599400636e-15 1.307209446206627931e-15 3.821957872196057685e-15
1.456570000000000073e+04 2.432450977951625368e-15 3.933979746476937065e-15 9.568046965980012842e-16
1.490460000000000036e+04 2.538557614520714947e-15 3.598042255284301502e-15 5.852307007552413476e-16
1.524350000000000000e+04 2.495580920526109923e-15 1.119279731378059109e-15 2.583914412156491513e-15
1.559020000000000073e+04 2.030479908122904518e-15 3.401028455172977326e-16 3.327981240909880714e-15
1.604210000000000036e+04 1.552963506328283652e-15 2.451019900029896405e-15 1.209951652895157158e-15
1.649400000000000000e+04 1.633097432227251855e-15 2.981282067609789936e-15 1.619987522366247079e-16
1.694590000000000146e+04 1.683570179270036267e-15 1.027198850843199042e-15 1.669286729515722778e-15
1.739779999999999927e+04 1.339273235536618269e-15 1.599283758275091131e-16 2.507018119102376282e-15
1.784979999999999927e+04 9.882427438749732774e-16 1.318148453067841223e-15 1.382207357889137505e-15
1.830170000000000073e+04 9.426634877519836510e-16 2.307823391015181035e-15 1.372293244008112939e-16
1.875359999999999854e+04 1.053767317119259294e-15 1.772099715507345827e-15 2.877257684515407046e-16
1.920550000000000000e+04 1.029512978094467331e-15 5.680833184939362899e-16 1.257694523066576572e-15
1.965740000000000146e+04 8.258237990137180573e-16 6.212367909567236767e-17 1.744409902829119966e-15
2.010929999999999927e+04 5.970501305082350618e-16 5.282752128331338417e-16 1.295370195313721845e-15
2.056129999999999927e+04 4.942159849868676404e-16 1.260233228206634955e-15 4.730230198970028605e-16
2.110150000000000000e+04 5.389414888637627802e-16 1.506987179436930190e-15 -1.268879625397699655e-17
2.170420000000000073e+04 6.144800967568798731e-16 8.693997669998656661e-16 3.832224128066228408e-16
2.230679999999999927e+04 5.509478958852491503e-16 1.541834654139516194e-16 1.003772428901543429e-15
2.290950000000000000e+04 3.933493519190626051e-16 8.398328789708507866e-17 1.088532915156046575e-15
2.351209999999999854e+04 2.715248686171711406e-16 5.220176425602953810e-16 6.426779250648542286e-16
2.411470000000000073e+04 2.479882971340110630e-16 9.178810414858416501e-16 1.478952825503087252e-16
2.471740000000000146e+04 2.911215046088379564e-16 9.372014345644194682e-16 -1.801753486612851221e-17
2.532000000000000000e+04 3.278366450810073680e-16 6.226285255044375905e-16 1.606173140126247379e-16
2.592270000000000073e+04 3.158546574386369206e-16 2.444643281772373753e-16 4.603158926494857923e-16
2.652529999999999927e+04 2.570653636373541640e-16 2.996978651584717735e-17 6.482192929328239570e-16
2.712800000000000000e+04 1.841917445739697247e-16 4.381242839433649940e-17 6.337628206867745661e-16
2.775140000000000146e+04 1.253752250950849054e-16 2.163485481999783401e-16 4.494906111438767329e-16
2.855500000000000000e+04 1.008782025193647135e-16 4.618999555869649528e-16 1.599309835876691770e-16
2.935870000000000073e+04 1.193744470718587530e-16 5.444782600880587108e-16 -2.949657395980281552e-18
3.016229999999999927e+04 1.461844123469128986e-16 4.353073284652352205e-16 2.080125350458359384e-17
3.096590000000000146e+04 1.557188808563498031e-16 2.411461055717646043e-16 1.569230902175300509e-16
3.176959999999999854e+04 1.390208654912317527e-16 7.543557871937576038e-17 2.926852208870004299e-16
3.257320000000000073e+04 1.060564737851009681e-16 5.296417249139943093e-18 3.535491674773887794e-16
3.337680000000000291e+04 7.114072670909813952e-17 3.010234254325296197e-17 3.236444433996633792e-16
3.418050000000000000e+04 4.624880921210424580e-17 1.093589648847424964e-16 2.356903781964752559e-16
3.498409999999999854e+04 3.485934331469277408e-17 1.935398674063896821e-16 1.303637992440626172e-16
3.578780000000000291e+04 3.543441353202927379e-17 2.479038001211775659e-16 4.583650433081920123e-17
3.659140000000000146e+04 4.265007268960022832e-17 2.576565903366700103e-16 5.085548679399239977e-19
3.756140000000000146e+04 5.388120016173931893e-17 2.241025446221744465e-16 -1.831110931929582152e-18
3.863309999999999854e+04 6.102176887342457877e-17 1.507290537086839609e-16 4.005434162102239792e-17
3.970469999999999709e+04 5.929995977265776108e-17 7.502611539056519958e-17 9.553846130876190502e-17
4.077640000000000146e+04 5.017407475716265809e-17 2.245439181067536776e-17 1.374443393749751790e-16
4.184800000000000000e+04 3.744901570465369716e-17 1.702240145862736598e-18 1.529956966066609334e-16
4.291969999999999709e+04 2.487422480173709077e-17 8.264393567555339107e-18 1.419090729283233603e-16
4.399140000000000146e+04 1.539360224467496273e-17 3.118971533643216948e-17 1.142237022290711053e-16
4.506300000000000000e+04 9.758606075336558474e-18 5.859265125960080445e-17 7.881154348793738578e-17
4.613469999999999709e+04 7.834224369960702343e-18 8.157479406073508333e-17 4.533546451238890645e-17
4.720640000000000146e+04 8.600935602019974877e-18 9.483396634822625364e-17 1.948086520517823734e-17
4.827800000000000000e+04 1.091331414973899131e-17 9.811338614989580674e-17 3.819120658241386852e-18
4.939900000000000000e+04 1.374749594309475811e-17 9.174532107070228601e-17 -2.295790302959585505e-18
5.082809999999999854e+04 1.694812855887446345e-17 7.547851946312721753e-17 1.529298190109513587e-18
5.225719999999999709e+04 1.839686439579345343e-17 5.387940105251129455e-17 1.286043839730091377e-17
5.368630000000000291e+04 1.819626332925368645e-17 3.349237178119203334e-17 2.636443747738770340e-17
5.511540000000000146e+04 1.636415711466775089e-17 1.699698376633839981e-17 3.776106122599855194e-17
5.654450000000000000e+04 1.361240749685839561e-17 6.243240764678358525e-18 4.501574858230585050e-17
5.797350000000000000e+04 1.052568770372755205e-17 1.106175497867327982e-18 4.757864084044816768e-17
5.940259999999999854e+04 7.538155145127770805e-18 5.186404095536048759e-19 4.575896706925080210e-17
6.083169999999999709e+04 5.057210159832383043e-18 3.036728845364462309e-18 4.124357656572027449e-17
6.226080000000000291e+04 3.134706560347376873e-18 7.207246536111370662e-18 3.466491630954416532e-17
6.368990000000000146e+04 1.823923239987365040e-18 1.178780900294736308e-17 2.729037253308077995e-17
6.511900000000000000e+04 1.083330630743426544e-18 1.606700517840489807e-17 2.033791396740523762e-17
6.686039999999999418e+04 7.839148700805372305e-19 2.024621709694658212e-17 1.302127538572934001e-17
6.876610000000000582e+04 9.712051579488975837e-19 2.309507450580298159e-17 6.844403790599297771e-18
7.067180000000000291e+04 1.450829574289222248e-18 2.397076204957199968e-17 2.665191879214702972e-18
7.257750000000000000e+04 2.026022215257784351e-18 2.316710929111715551e-17 3.478980232217947707e-19
7.448319999999999709e+04 2.543920222644720592e-18 2.101270729939123977e-17 -4.535870875130352752e-19
7.638900000000000000e+04 2.964281390226002832e-18 1.833530007377709276e-17 -1.715856229783862963e-19
7.829469999999999709e+04 3.207287020654612635e-18 1.520183915963703561e-17 7.880590047756168319e-19
8.020039999999999418e+04 3.289384306037075662e-18 1.208686227711702306e-17 2.072842091117832381e-18
8.210610000000000582e+04 3.213461278977740245e-18 9.169342469834796628e-18 3.401463278659362712e-18
8.401180000000000291e+04 3.052381390072608999e-18 6.710795666036326821e-18 4.637884299657497614e-18
8.591760000000000582e+04 2.792730032728638879e-18 4.644565545152663154e-18 5.621761190335240034e-18
8.793289999999999418e+04 2.480196121866727172e-18 2.964878893254314939e-18 6.391507000074637387e-18
9.047419999999999709e+04 2.101924175473040505e-18 1.516193712325886378e-18 7.077879674277440629e-18
9.301550000000000000e+04 1.698773327207277733e-18 6.175130660316124690e-19 7.276772617198870673e-18
9.555680000000000291e+04 1.338305091071096356e-18 1.701095663053685333e-19 7.204538847773648148e-18
9.809810000000000582e+04 1.006501034644280433e-18 4.336315442313416202e-20 6.800545133286267234e-18
1.006390000000000000e+05 7.284879483741331028e-19 1.335096709625545286e-19 6.230219986412628609e-18
