1.017789999999999928e+01 1.043342328535145642e-05 1.028834054010894487e-05 1.025578082051554026e-05
1.043200000000000038e+01 9.772822796189732788e-06 9.725728207315798709e-06 9.792001284402699382e-06
1.068609999999999971e+01 9.403541742476294099e-06 9.187670014443441229e-06 9.172607398124714599e-06
1.094030000000000058e+01 8.593681576500390287e-06 8.845987363068278153e-06 8.801350501808426918e-06
1.119439999999999991e+01 8.375846487958500886e-06 8.294994022424365105e-06 8.239858671070946828e-06
1.144849999999999923e+01 8.167531217962781053e-06 7.765005042520398045e-06 7.706781661067866739e-06
1.171439999999999948e+01 7.585202838786640502e-06 7.383456173282169395e-06 7.408673176331443145e-06
1.205320000000000036e+01 7.084623704687510719e-06 6.928575216911417534e-06 6.897539060031564100e-06
1.239209999999999923e+01 6.635139438922131233e-06 6.479842002922836351e-06 6.473060544766537643e-06
1.273099999999999987e+01 6.093241143763637700e-06 6.149885918475038242e-06 6.125418732396655808e-06
1.306990000000000052e+01 5.805001306444630232e-06 5.705303088184214856e-06 5.734352255038550819e-06
1.340879999999999939e+01 5.349241094603036378e-06 5.416914853826184243e-06 5.434536580627821184e-06
1.374770000000000003e+01 5.168094304160451968e-06 5.043501336063158006e-06 5.034973406941519850e-06
1.408660000000000068e+01 4.988144428692113539e-06 4.696363794580818326e-06 4.690302429180168178e-06
1.442549999999999955e+01 4.579420622420962875e-06 4.494897680650618709e-06 4.469367437049424662e-06
1.476440000000000019e+01 4.208077535957107344e-06 4.276549542444422076e-06 4.300535508857114550e-06
1.510330000000000084e+01 4.247469245281550916e-06 3.945618552371614032e-06 3.886489271565581387e-06
1.544209999999999994e+01 3.900715252444210799e-06 3.771862567192929219e-06 3.752768697828633848e-06
1.585510000000000019e+01 3.526867999216992606e-06 3.582769732614168900e-06 3.599252707644303306e-06
1.630699999999999861e+01 3.384778312544207945e-06 3.321767536224210555e-06 3.279869095115314165e-06
1.675890000000000057e+01 3.056287629033214473e-06 3.132854303685776129e-06 3.144047690119943549e-06
1.721079999999999899e+01 2.969229929359639522e-06 2.894622173183313239e-06 2.867898513157137004e-06
1.766280000000000072e+01 2.778242538886694282e-06 2.709587261585923311e-06 2.695156169035984263e-06
1.811469999999999914e+01 2.529313893820142585e-06 2.561652792745321054e-06 2.579027829822801286e-06
1.856660000000000110e+01 2.371730441595034168e-06 2.407106970961269190e-06 2.422015464767929429e-06
1.901849999999999952e+01 2.256398995361373864e-06 2.258675789009439994e-06 2.252218833483995296e-06
1.947040000000000148e+01 2.188812650706696583e-06 2.095603464588306486e-06 2.080550746348891056e-06
1.992229999999999990e+01 1.952237588691430562e-06 2.015945293928399271e-06 2.022827163606420422e-06
2.037430000000000163e+01 1.855863198659421929e-06 1.897400171928122927e-06 1.893940066301773757e-06
2.085219999999999985e+01 1.754856811058980020e-06 1.777801361825263259e-06 1.779486783300367080e-06
2.145479999999999876e+01 1.649176421765834611e-06 1.647387601343634612e-06 1.648342698194660501e-06
2.205750000000000099e+01 1.493725842591199907e-06 1.553628430176596038e-06 1.562930811797687730e-06
2.266009999999999991e+01 1.434119931014960661e-06 1.426319066168451695e-06 1.443224512977704916e-06
2.326269999999999882e+01 1.316697057533643723e-06 1.353633311646464729e-06 1.351799167492047544e-06
2.386540000000000106e+01 1.200694212912552394e-06 1.277957557209222189e-06 1.284316132244497542e-06
2.446799999999999997e+01 1.144566330651395507e-06 1.193434833660353154e-06 1.186876709003313511e-06
2.507069999999999865e+01 1.112710248248732564e-06 1.101603784895009455e-06 1.090633225593169038e-06
2.567330000000000112e+01 1.039107337306863275e-06 1.031534876434957221e-06 1.029929571027129291e-06
2.627590000000000003e+01 9.713318218932538854e-07 9.797782857234426100e-07 9.620977395365856541e-07
2.687859999999999872e+01 8.798993614999990447e-07 9.275153482794826462e-07 9.290386871883292671e-07
2.748120000000000118e+01 8.773720668482483909e-07 8.527950858182803855e-07 8.455965074072396071e-07
2.822250000000000014e+01 7.890347857623536460e-07 7.992136144465061671e-07 8.113133162615225757e-07
2.902609999999999957e+01 7.484751403171669760e-07 7.451138520641658461e-07 7.457262508881354827e-07
2.982979999999999876e+01 6.879225699518295941e-07 6.981781136780227226e-07 6.993907499952218198e-07
3.063340000000000174e+01 6.583079496310616162e-07 6.436460625359447235e-07 6.693199385801501246e-07
3.143700000000000117e+01 6.069506164683641979e-07 6.058760259833941905e-07 6.051497256321309451e-07
3.224069999999999681e+01 5.557599337057502505e-07 5.727251105698175563e-07 5.730608234348725834e-07
3.304429999999999978e+01 5.240034394220767970e-07 5.370361858025546928e-07 5.267038610698550202e-07
3.384790000000000276e+01 5.128159300679030995e-07 4.928846080768977175e-07 4.859395998750238362e-07
3.465160000000000196e+01 4.455936580426807625e-07 4.789784609344071390e-07 4.755943765694008301e-07
3.545519999999999783e+01 4.392099613256461486e-07 4.387157421074381484e-07 4.346352388897931990e-07
3.625880000000000081e+01 4.174822412970191768e-07 4.081653537751126097e-07 4.078925837312790471e-07
3.711789999999999878e+01 3.867136666535385512e-07 3.850522981057112420e-07 3.845200798188397999e-07
3.818959999999999866e+01 3.487933425447291003e-07 3.604459942022682403e-07 3.652384497767523394e-07
3.926129999999999853e+01 3.350528117499923052e-07 3.326572100922266476e-07 3.325651206078685349e-07
4.033290000000000219e+01 3.190783780610597083e-07 3.070315303930265252e-07 3.059370099060203231e-07
4.140460000000000207e+01 2.781409481920246180e-07 2.959940364826989518e-07 2.949631777218296448e-07
4.247630000000000194e+01 2.747781765330429461e-07 2.668950759736695769e-07 2.717350007536902252e-07
4.354789999999999850e+01 2.471021293601288452e-07 2.546737983066103657e-07 2.587614923381558100e-07
4.461959999999999837e+01 2.317169011600167738e-07 2.407265522623589776e-07 2.382070799228847532e-07
4.569129999999999825e+01 2.211136578305520456e-07 2.219284450146366764e-07 2.228768790540209844e-07
4.676290000000000191e+01 2.049489551248903361e-07 2.091714826376661910e-07 2.094407674728871168e-07
4.783460000000000178e+01 1.915939556448455314e-07 1.965770347001103625e-07 1.968834991723674332e-07
4.890630000000000166e+01 1.843221030943801208e-07 1.824546397898443158e-07 1.818661779518969519e-07
5.023669999999999902e+01 1.710856978016362034e-07 1.697978593159863962e-07 1.704301970655866856e-07
5.166579999999999728e+01 1.561054261142387156e-07 1.596918436388361244e-07 1.596942783770186825e-07
5.309490000000000265e+01 1.481873690600547325e-07 1.475025624788067280e-07 1.468293120218745110e-07
5.452400000000000091e+01 1.365536337077622666e-07 1.384887720728689312e-07 1.381337166233841547e-07
5.595309999999999917e+01 1.272380778336593614e-07 1.288874504814074690e-07 1.283926033937704164e-07
5.738219999999999743e+01 1.175842238119273401e-07 1.199089161563015123e-07 1.206822695502930774e-07
5.881130000000000280e+01 1.104542462244525309e-07 1.140256136090052182e-07 1.119015428446415727e-07
6.024040000000000106e+01 1.054773725016982482e-07 1.036404604439923781e-07 1.052529470384978088e-07
6.166949999999999932e+01 9.473797215649837847e-08 9.988227781576665129e-08 9.906551241526884609e-08
6.309859999999999758e+01 9.118783887228684116e-08 9.175089730394711482e-08 9.240486142604749869e-08
6.452760000000000673e+01 8.684643332686153538e-08 8.599703185434006789e-08 8.514231855951437415e-08
6.607179999999999609e+01 8.052783854831989576e-08 8.075850651104169510e-08 8.042202103747792616e-08
6.797750000000000625e+01 7.421586742367954229e-08 7.521160848320165056e-08 7.459480867659225525e-08
6.988320000000000221e+01 6.903098449635058623e-08 6.978540714842288996e-08 6.989362843071956662e-08
7.178889999999999816e+01 6.275130112193907208e-08 6.565488540187384977e-08 6.566452088396571975e-08
7.369469999999999743e+01 6.069521090493923897e-08 5.971993478288022714e-08 6.043185988186450325e-08
7.560039999999999338e+01 5.657787637259961485e-08 5.728256269912511626e-08 5.646833048495920380e-08
7.750610000000000355e+01 5.246263880999250923e-08 5.208290375280494845e-08 5.293169158123051228e-08
7.941179999999999950e+01 4.862291611611316674e-08 4.930048346383689282e-08 4.931059092940281739e-08
8.131749999999999545e+01 4.515745386712934733e-08 4.673775056027073481e-08 4.568047642859065323e-08
8.322329999999999472e+01 4.246684048043861729e-08 4.351115523027410383e-08 4.297648571274652713e-08
8.512900000000000489e+01 4.202811337693264979e-08 3.974594630086626169e-08 4.062932325422668848e-08
8.703470000000000084e+01 3.771296853634300061e-08 3.711442464662353597e-08 3.873256026780957554e-08
8.942260000000000275e+01 3.393063919982431878e-08 3.562396184519984822e-08 3.580213439237585816e-08
9.196389999999999532e+01 3.189639271664079702e-08 3.333367552657026553e-08 3.239938489656006329e-08
9.450520000000000209e+01 3.029915754804247902e-08 3.165578945807865176e-08 3.032723662892309489e-08
9.704659999999999798e+01 2.821439900626737729e-08 2.844416136340541882e-08 2.825984919870055667e-08
9.958790000000000475e+01 2.608824176249147136e-08 2.650903864695677201e-08 2.627738601776916464e-08
1.021290000000000049e+02 2.432338289108920028e-08 2.472028051313423259e-08 2.489685786876908847e-08
1.046710000000000065e+02 2.281597700997811420e-08 2.310628097487823576e-08 2.293888736219986926e-08
1.072120000000000033e+02 2.147789935104421527e-08 2.185276087403067336e-08 2.117890317542214740e-08
1.097530000000000001e+02 2.007489856840020857e-08 2.038515701323107880e-08 1.974899355926351043e-08
1.122939999999999969e+02 1.871123874633776084e-08 1.857343585103974395e-08 1.969230022965419168e-08
1.148359999999999985e+02 1.770602473856379159e-08 1.757785132858687316e-08 1.733980206473358128e-08
1.176110000000000042e+02 1.646185558992791375e-08 1.668915480816377746e-08 1.633939251629568899e-08
1.210000000000000000e+02 1.526656022961865345e-08 1.433864199369129886e-08 1.595861758215977357e-08
1.243889999999999958e+02 1.422845251734859008e-08 1.410942922772176740e-08 1.404204761056957943e-08
1.277780000000000058e+02 1.306084320576364721e-08 1.303451494464175790e-08 1.328219238424115174e-08
1.311670000000000016e+02 1.224626131931830841e-08 1.268375898767020517e-08 1.169721609301149166e-08
1.345550000000000068e+02 1.122552047987247397e-08 1.185382566326453560e-08 1.101517590686299630e-08
1.379439999999999884e+02 1.027265332782840960e-08 1.115152977850940452e-08 1.036329479366219134e-08
1.413329999999999984e+02 9.655553679792851715e-09 9.986630559035590836e-09 9.536215754870143592e-09
1.447220000000000084e+02 9.218174039675272497e-09 9.317438877594632820e-09 9.075460688289233309e-09
1.481109999999999900e+02 8.579177869971054846e-09 8.273596126118990963e-09 8.992864143512560164e-09
1.515000000000000000e+02 8.030858135205680715e-09 8.166206543923530193e-09 7.980954040870792920e-09
1.548890000000000100e+02 7.565961859226178961e-09 7.364032670582302848e-09 7.688099645191521598e-09
1.591740000000000066e+02 6.961702549158271809e-09 7.021458063974297520e-09 6.995392461867433823e-09
1.636930000000000121e+02 6.360294839104535025e-09 6.527600239495405675e-09 6.549690891400062730e-09
1.682129999999999939e+02 5.827041636521622017e-09 6.140303174042287972e-09 6.057815794436091598e-09
1.727319999999999993e+02 5.389988217916782692e-09 5.550500672743541887e-09 5.806242794339677994e-09
1.772510000000000048e+02 5.140634811373416344e-09 5.202594049201353779e-09 5.224647049425232348e-09
1.817700000000000102e+02 4.748356737822685560e-09 4.934945306015412050e-09 4.803560646161903574e-09
1.862889999999999873e+02 4.467636261406417536e-09 4.459175099812885118e-09 4.566283568780700264e-09
1.908079999999999927e+02 4.170023610552417054e-09 4.216144692999769134e-09 4.187567311882885644e-09
1.953280000000000030e+02 3.895979372509820153e-09 3.942023069559861567e-09 3.894244262930319517e-09
1.998470000000000084e+02 3.649349678308661153e-09 3.582444424798181219e-09 3.719178441893159223e-09
2.043660000000000139e+02 3.377309613486766370e-09 3.460018028364312711e-09 3.387767828148922226e-09
2.093530000000000086e+02 3.197300631852176739e-09 3.120997722500334196e-09 3.206945239147489739e-09
2.153789999999999907e+02 2.920986910613788641e-09 3.069626341947830543e-09 2.819252906938382555e-09
2.214060000000000059e+02 2.694278928644279427e-09 2.677107587148373719e-09 2.787253926707348219e-09
2.274319999999999879e+02 2.485273353273216419e-09 2.533916349275883143e-09 2.545367788993896652e-09
2.334590000000000032e+02 2.295765859577034002e-09 2.343619088693313228e-09 2.381768460229654188e-09
2.394850000000000136e+02 2.101615436722274056e-09 2.150038396563766064e-09 2.269174229713960899e-09
2.455109999999999957e+02 1.970557406769709687e-09 1.980686050819687694e-09 2.114497616410603830e-09
2.515380000000000109e+02 1.802680474415973440e-09 1.876264098856101398e-09 1.965778360227925837e-09
2.575640000000000214e+02 1.691124051062878797e-09 1.834117794652285604e-09 1.731734669284836905e-09
2.635910000000000082e+02 1.569837382989074779e-09 1.711498085680941060e-09 1.616214591329984540e-09
2.696170000000000186e+02 1.518286258689929568e-09 1.529690615680756686e-09 1.519885714129314495e-09
2.756440000000000055e+02 1.430524948721346964e-09 1.417586264598642528e-09 1.413565237380011085e-09
2.833330000000000268e+02 1.281948117066127683e-09 1.342220343497151514e-09 1.318242185436721485e-09
2.913700000000000045e+02 1.185431175989294025e-09 1.228013994116475043e-09 1.231545262894231066e-09
2.994060000000000059e+02 1.117454919993322481e-09 1.127240149300598292e-09 1.127658252706079883e-09
3.074420000000000073e+02 9.938237486819105892e-10 1.025089606359675259e-09 1.107077908108414607e-09
3.154789999999999850e+02 9.530887252468142244e-10 9.855307589423822563e-10 9.645905132829970016e-10
3.235149999999999864e+02 8.866342282780094103e-10 8.988441469968625211e-10 9.059464580251283195e-10
3.315509999999999877e+02 7.958420750581442352e-10 8.412349882646564466e-10 8.626369022271993868e-10
3.395880000000000223e+02 7.730736270540113840e-10 7.798099481107233100e-10 7.721808781352656586e-10
3.476240000000000236e+02 7.105115056507279374e-10 7.286177130294378892e-10 7.138275177614483820e-10
3.556610000000000014e+02 6.409963648164709545e-10 6.862643801228027544e-10 6.863887010607266252e-10
3.636970000000000027e+02 6.168742849552562723e-10 6.257675607974656885e-10 6.321775783440922125e-10
3.726580000000000155e+02 5.779204807954462149e-10 5.819676887311006547e-10 5.814602453234533982e-10
3.833740000000000236e+02 5.105804571938228494e-10 5.484204382375977683e-10 5.483999885535796201e-10
3.940910000000000082e+02 4.869164458165089423e-10 4.978061190266552748e-10 5.008145020668361174e-10
4.048079999999999927e+02 4.570596920666670605e-10 4.592810932086103690e-10 4.580756059247227835e-10
4.155240000000000009e+02 3.989317193254735501e-10 4.368818975227918967e-10 4.364056837867346514e-10
4.262409999999999854e+02 3.739822811952450774e-10 3.971678369144820313e-10 4.085757478102729956e-10
4.369569999999999936e+02 3.662362267690908711e-10 3.625365644752623367e-10 3.654215363156469758e-10
4.476739999999999782e+02 3.264664498821057381e-10 3.455294154769130756e-10 3.436320403709812716e-10
4.583910000000000196e+02 2.831417352296392877e-10 3.359926724168621020e-10 3.299576076785530444e-10
4.691070000000000277e+02 2.722318166101364473e-10 2.989516064740277880e-10 3.054609278108359596e-10
4.798240000000000123e+02 2.734258082823139673e-10 2.675197727431431158e-10 2.740145117695430734e-10
4.905409999999999968e+02 2.523958007585630672e-10 2.583095310303199225e-10 2.473513108661171132e-10
5.043389999999999986e+02 2.096773419988463904e-10 2.455186889189038412e-10 2.442725494517498716e-10
5.186299999999999955e+02 1.884060972668030105e-10 2.259194396701271896e-10 2.306621944785698878e-10
5.329199999999999591e+02 1.957689846395084224e-10 1.972643559407924085e-10 2.029861911301992818e-10
5.472110000000000127e+02 1.883398453813913706e-10 1.800832557095258917e-10 1.825702619030828459e-10
5.615019999999999527e+02 1.614295068885021393e-10 1.826959783683890133e-10 1.657137264991089501e-10
5.757930000000000064e+02 1.371914294849934264e-10 1.579486532578701430e-10 1.770243260876365056e-10
5.900839999999999463e+02 1.289435163577342988e-10 1.508546328283283641e-10 1.575997846405305985e-10
6.043750000000000000e+02 1.328589256535952492e-10 1.277942742989567776e-10 1.451177822874480396e-10
6.186660000000000537e+02 1.315221496471813759e-10 1.216285156317515672e-10 1.233271555078171072e-10
6.329569999999999936e+02 1.139907496121436626e-10 1.175568535804995001e-10 1.177884456957568791e-10
6.472480000000000473e+02 9.753326734073257756e-11 1.150731279566402191e-10 1.119287748499772689e-10
6.633460000000000036e+02 8.708823452473607867e-11 1.060755300007147762e-10 1.072300768928492078e-10
6.824039999999999964e+02 8.681997877707702012e-11 9.362329881726386689e-11 9.630240582965916086e-11
7.014610000000000127e+02 8.657429714017447600e-11 8.352842509363765646e-11 8.501146853396994597e-11
7.205180000000000291e+02 7.919783360158828862e-11 7.827254032766685312e-11 7.921693325915704857e-11
7.395750000000000455e+02 6.747534841581764407e-11 7.548834549681845068e-11 7.471450191336692593e-11
7.586319999999999482e+02 5.783258857902066772e-11 7.162285552868793333e-11 7.194795463289642652e-11
7.776900000000000546e+02 5.333351525518879090e-11 6.610926186129131629e-11 6.694031772891305418e-11
7.967469999999999573e+02 5.245792679428914928e-11 5.931449282799706079e-11 6.082388486986884105e-11
8.158039999999999736e+02 5.335281723333446714e-11 5.229835088308302325e-11 5.462709435763900742e-11
8.348609999999999900e+02 5.135884133819024795e-11 4.756808459613725681e-11 4.930357048043251593e-11
8.539180000000000064e+02 4.720169614486330624e-11 4.511154378764645097e-11 4.512597564276027481e-11
8.729759999999999991e+02 4.101191977037152691e-11 4.361889938188032910e-11 4.286763643567816949e-11
8.977309999999999945e+02 3.362027379918414693e-11 4.202610622333071033e-11 4.166310105225415750e-11
9.231449999999999818e+02 2.836025349266979728e-11 4.047090394143782461e-11 3.928687381403390019e-11
9.485579999999999927e+02 2.718004378628182623e-11 3.619641808244382688e-11 3.625076178718419143e-11
9.739710000000000036e+02 2.789433023391074628e-11 3.150649608253207770e-11 3.257195506316119283e-11
9.993840000000000146e+02 2.874786472041447111e-11 2.734419309114961315e-11 2.884728847612843782e-11
1.024799999999999955e+03 2.799614251917188144e-11 2.487893683473462172e-11 2.558429937601011192e-11
1.050210000000000036e+03 2.540797833465913462e-11 2.344118268207383899e-11 2.374948694583214211e-11
1.075619999999999891e+03 2.158144123860535249e-11 2.305781789170081249e-11 2.252574518467619307e-11
1.101039999999999964e+03 1.753099610271212781e-11 2.295596936596914057e-11 2.160925716262027151e-11
1.126450000000000045e+03 1.444504747021935719e-11 2.203853081399854942e-11 2.105775814475644987e-11
1.151859999999999900e+03 1.260032751558224467e-11 2.021979262272164219e-11 2.049889017455497704e-11
1.180779999999999973e+03 1.197151700011654053e-11 1.828579014563383080e-11 1.896805731575025548e-11
1.214670000000000073e+03 1.262911117910649530e-11 1.603310308335951046e-11 1.661136146317039601e-11
1.248559999999999945e+03 1.336834743622131389e-11 1.364390047081838665e-11 1.467271104099409591e-11
1.282450000000000045e+03 1.338135964748470657e-11 1.206920589479643505e-11 1.294146927941445954e-11
1.316339999999999918e+03 1.253195476678728969e-11 1.129706055713986625e-11 1.160568593757452105e-11
1.350230000000000018e+03 1.096485677104805733e-11 1.066305000476590600e-11 1.107585362031636158e-11
1.384119999999999891e+03 9.333973693725254831e-12 1.071083067433310815e-11 1.016092657966247748e-11
1.418009999999999991e+03 7.296727654674111285e-12 1.049079952973934043e-11 1.011100346061744034e-11
1.451900000000000091e+03 6.276059704478541675e-12 1.028352005856061678e-11 9.251422803985612438e-12
1.485789999999999964e+03 4.967910629516294609e-12 8.874850789074292670e-12 1.002672260008790228e-11
1.519670000000000073e+03 4.383809365588051134e-12 8.399403265938394927e-12 9.299557027519968485e-12
1.553559999999999945e+03 4.321545453087750214e-12 7.813049901576202005e-12 8.285450152947664663e-12
1.597980000000000018e+03 4.505944641275465911e-12 6.690506607446333986e-12 7.584288477953841890e-12
1.643170000000000073e+03 4.899691855348008169e-12 6.043974156082167881e-12 6.323969850181081142e-12
1.688359999999999900e+03 5.007985892742904173e-12 5.297604407939872924e-12 5.587490866898291122e-12
1.733549999999999955e+03 5.010037267125021220e-12 4.516112591297408183e-12 5.115669555825497309e-12
1.778740000000000009e+03 4.817056838525329412e-12 4.198201182478129858e-12 4.484810899180524391e-12
1.823930000000000064e+03 4.435766500897822351e-12 4.017056095127011582e-12 3.994551398514072800e-12
1.869130000000000109e+03 3.951955696187945818e-12 4.005825163621031013e-12 3.540409373810641809e-12
1.914319999999999936e+03 3.387350658280063060e-12 4.024688079152701522e-12 3.207164742140758842e-12
1.959509999999999991e+03 2.824948158625613383e-12 3.434354355032107100e-12 3.552607209034675207e-12
2.004700000000000045e+03 2.451148360953230795e-12 2.970899982331475625e-12 3.641305550168477280e-12
2.049889999999999873e+03 1.985314183006870976e-12 3.826383568965163429e-12 2.570460836201356340e-12
2.101840000000000146e+03 1.530061477406886857e-12 3.262605600070025457e-12 2.931074668276670955e-12
2.162110000000000127e+03 1.239901559296440045e-12 2.896443160760517056e-12 2.958467809682127620e-12
2.222369999999999891e+03 1.117845381787651330e-12 2.281972949671361209e-12 3.124400923323866339e-12
2.282630000000000109e+03 1.144304219463766086e-12 2.221445530453295052e-12 2.633927452681618984e-12
2.342900000000000091e+03 1.019084063372890680e-12 2.546224213567627676e-12 1.965346021891058257e-12
2.403159999999999854e+03 9.942399792831581735e-13 1.741649678469807564e-12 2.361856785875045650e-12
2.463429999999999836e+03 1.057950153730891561e-12 1.935692788058538965e-12 1.708329245824191757e-12
2.523690000000000055e+03 1.050886654680521790e-12 1.424531405946959266e-12 1.860779724170963801e-12
2.583960000000000036e+03 1.046956647821300272e-12 1.455139621696268485e-12 1.504092406934645318e-12
2.644219999999999800e+03 1.084412777956090677e-12 1.266678817420560949e-12 1.348315901699953811e-12
2.704480000000000018e+03 1.064639131309375552e-12 1.086195850075879063e-12 1.264189712286100024e-12
2.764750000000000000e+03 1.038731795154084143e-12 9.931460698190657291e-13 1.125780435111483594e-12
2.844420000000000073e+03 1.012063666801729476e-12 8.844493970131507621e-13 1.001229900468588637e-12
2.924780000000000200e+03 9.713175571112137108e-13 8.257557873367125065e-13 8.646435628294781710e-13
3.005150000000000091e+03 9.123850019673766423e-13 7.314059481485257296e-13 8.037130608470455133e-13
3.085510000000000218e+03 8.360076479282399700e-13 6.803467088838249008e-13 7.363000989745412664e-13
3.165869999999999891e+03 7.673173113253191860e-13 6.535300188788587793e-13 6.522092954629681640e-13
3.246239999999999782e+03 6.967483586829637529e-13 6.162190153994148726e-13 5.995530685556441199e-13
3.326599999999999909e+03 6.203987190047858958e-13 5.782041474352801359e-13 5.648413974303395415e-13
3.406960000000000036e+03 5.458375162286519190e-13 5.461578416354467916e-13 5.349136613169356156e-13
3.487329999999999927e+03 4.766446183122621360e-13 5.166577077002651429e-13 5.071154079347857982e-13
3.567690000000000055e+03 4.157955776620034008e-13 4.882985614684585481e-13 4.821535203939812111e-13
3.648050000000000182e+03 3.633906027728094510e-13 4.621928796029864852e-13 4.542398137167178394e-13
3.741360000000000127e+03 3.077584987689588898e-13 4.371112760202640973e-13 4.330216974700497985e-13
3.848519999999999982e+03 2.498075304813205159e-13 4.132475259401157736e-13 4.181260392160065686e-13
3.955690000000000055e+03 2.041525842055381585e-13 3.904266700974902223e-13 3.976946867595402421e-13
4.062860000000000127e+03 1.695979424839890448e-13 3.665121515489122058e-13 3.774630796941587431e-13
4.170020000000000437e+03 1.445157504887192928e-13 3.430604880229891661e-13 3.531644834715751306e-13
4.277189999999999600e+03 1.283352876012113512e-13 3.261790062040749783e-13 3.198571588431713724e-13
4.384359999999999673e+03 1.159314780696251823e-13 3.153741990041411847e-13 2.824263271946305649e-13
4.491520000000000437e+03 9.814047871596026325e-14 2.961051120210922564e-13 2.632931195083831214e-13
4.598689999999999600e+03 7.680063816031502396e-14 2.619857959213275729e-13 2.682765985545493376e-13
4.705859999999999673e+03 6.927464080137417218e-14 2.384772595695367271e-13 2.523711525806303621e-13
4.813020000000000437e+03 7.229603623600101709e-14 2.309778903295788716e-13 2.132776445556792975e-13
4.920189999999999600e+03 6.162320985433277884e-14 2.042552367517374690e-13 2.113880823065821453e-13
5.063100000000000364e+03 5.564015287618095492e-14 1.805284528037399984e-13 2.014465539596788749e-13
5.206010000000000218e+03 5.482044101238744143e-14 1.669412967849946411e-13 1.799752404915291127e-13
5.348920000000000073e+03 5.782373189721408429e-14 1.568288671539379712e-13 1.545508074843061911e-13
5.491819999999999709e+03 5.724049697602289119e-14 1.360690382429805223e-13 1.463148597351407140e-13
5.634729999999999563e+03 5.391016103344294730e-14 1.200602403954222490e-13 1.383006362862317933e-13
5.777640000000000327e+03 5.500509595422417807e-14 1.141593989946335029e-13 1.187984039766073770e-13
5.920550000000000182e+03 5.480329721855858095e-14 9.795768947631696554e-14 1.126188554684300501e-13
6.063460000000000036e+03 5.308944912902765699e-14 9.074969158881590574e-14 1.008682159414859800e-13
6.206369999999999891e+03 5.295409444561325551e-14 8.053382968860950506e-14 9.201567569112934227e-14
6.349279999999999745e+03 5.146681316833922536e-14 7.362192685132822538e-14 8.316592602834138877e-14
6.492189999999999600e+03 5.031567604647987653e-14 6.501511587979772266e-14 7.684872872655333626e-14
6.659750000000000000e+03 4.920629272054298658e-14 6.063013315796207330e-14 6.691221391301332517e-14
6.850319999999999709e+03 4.772841475113371182e-14 5.041498650082958333e-14 6.374844318763000070e-14
7.040890000000000327e+03 4.638541360719822072e-14 4.947443186830585654e-14 5.305106265086374725e-14
7.231470000000000255e+03 4.477542325689377495e-14 4.044724741006595740e-14 5.162480442892429017e-14
7.422039999999999964e+03 4.276570796345047134e-14 4.002678041719856233e-14 4.309124207620617196e-14
7.612609999999999673e+03 4.098972261818376463e-14 3.222605948323951232e-14 4.268117796278988887e-14
7.803180000000000291e+03 3.874826708089225390e-14 3.462903278953393354e-14 3.325731438597766849e-14
7.993750000000000000e+03 3.697550385070513822e-14 2.347394292000679056e-14 3.796749754854921440e-14
8.184329999999999927e+03 3.456102404604911650e-14 3.204892680087417512e-14 2.412439028419422895e-14
8.374899999999999636e+03 3.304484253376403511e-14 1.789909804222377015e-14 3.274642883869101324e-14
8.565469999999999345e+03 3.040237612352400882e-14 2.425905448032288591e-14 2.246714575311874484e-14
8.758229999999999563e+03 2.890733844823886286e-14 2.217582485656644249e-14 2.014667782704237885e-14
9.012370000000000800e+03 2.669442638771083692e-14 1.464119503347225554e-14 2.394814515051652022e-14
9.266500000000000000e+03 2.483100456807328982e-14 2.182651570878878090e-14 1.325035394157671179e-14
9.520629999999999200e+03 2.332169215326018081e-14 8.446902614358461607e-15 2.326739302848496014e-14
9.774760000000000218e+03 2.072663299215391762e-14 2.038861717239583692e-14 9.406409512611658754e-15
1.002889999999999964e+04 2.029441798728961524e-14 1.009858026385896798e-14 1.617460194651714935e-14
1.028300000000000000e+04 1.781368318529636617e-14 9.157537993910811532e-15 1.589761744139359243e-14
1.053720000000000073e+04 1.638701571340679933e-14 1.761705708884564690e-14 5.490763874299110691e-15
1.079129999999999927e+04 1.602204227050811863e-14 6.402817926210396380e-15 1.393053803771447719e-14
1.104539999999999964e+04 1.378795791040048939e-14 6.538758050661474987e-15 1.324962998393322172e-14
1.129960000000000036e+04 1.245946031991094930e-14 1.482013837670443945e-14 3.684237145326297137e-15
1.155370000000000073e+04 1.247579928840703250e-14 8.172820012488810544e-15 7.922097250774980492e-15
1.185460000000000036e+04 1.085921004923792328e-14 2.803288359604594654e-15 1.260152126433518380e-14
1.219350000000000000e+04 9.215309099398490025e-15 1.190142555360477467e-14 2.912096375665430590e-15
1.253239999999999964e+04 9.490434582308329910e-15 6.729192998366750514e-15 5.878931354349428001e-15
1.287129999999999927e+04 8.152906384965227055e-15 1.640119259104072970e-15 1.050711875096911292e-14
1.321010000000000036e+04 6.675446179333163187e-15 8.589123426272876375e-15 3.403102781202537899e-15
1.354900000000000000e+04 6.854208775326308396e-15 8.464855791685996937e-15 1.862271570093100870e-15
1.388789999999999964e+04 6.560833818570546824e-15 1.703352542446691832e-15 7.530735083452044940e-15
1.422679999999999927e+04 5.188495664213548071e-15 2.310082448441667416e-15 7.077296498734983327e-15
1.456570000000000073e+04 4.436203890897297600e-15 7.300423696042877011e-15 1.697269955448133022e-15
1.490460000000000036e+04 4.655307862265119326e-15 6.736745300916809925e-15 9.760045005069345031e-16
1.524350000000000000e+04 4.598888424336834178e-15 2.056469163460772451e-15 4.771527952792039882e-15
1.559020000000000073e+04 3.739517171465826020e-15 5.574609616201125479e-16 6.236269160646392643e-15
1.604210000000000036e+04 2.832344815712372272e-15 4.575950534979060909e-15 2.238524351837599751e-15
1.649400000000000000e+04 2.988536268861209986e-15 5.630487857103309955e-15 2.272196693183447323e-16
1.694590000000000146e+04 3.101144179653952138e-15 1.924354859044056101e-15 3.095586190729362820e-15
1.739779999999999927e+04 2.461628506128604364e-15 2.533300406895090109e-16 4.729154513215513720e-15
1.784979999999999927e+04 1.793300998107183467e-15 2.460773561667621285e-15 2.603936563733757643e-15
1.830170000000000073e+04 1.708605608941511734e-15 4.378370110596147874e-15 2.216344004297399267e-16
1.875359999999999854e+04 1.930221401465866245e-15 3.378959326803142865e-15 4.984335261077810515e-16
1.920550000000000000e+04 1.898623388942131073e-15 1.075703142979546900e-15 2.364734938599680354e-15
1.965740000000000146e+04 1.516727642849554252e-15 9.282755473784837497e-17 3.318568745054338350e-15
2.010929999999999927e+04 1.082066644109858882e-15 9.846666032595915077e-16 2.474610831615216410e-15
2.056129999999999927e+04 8.864977215444668117e-16 2.405301732131358929e-15 8.956705933983992802e-16
2.110150000000000000e+04 9.775974794751767659e-16 2.903187999840000975e-15 -4.884533812122718266e-17
2.170420000000000073e+04 1.129496490543555884e-15 1.677952547627308262e-15 7.108488068587124104e-16
2.230679999999999927e+04 1.014799752173960522e-15 2.906353681842108850e-16 1.918330035846149313e-15
2.290950000000000000e+04 7.146612908480217509e-16 1.471825486143619662e-16 2.095377524447098626e-15
2.351209999999999854e+04 4.804713397390442711e-16 9.957862577770604127e-16 1.239179643126150669e-15
2.411470000000000073e+04 4.368295174575874146e-16 1.773176499208777828e-15 2.791293999296434890e-16
2.471740000000000146e+04 5.231775403266612883e-16 1.818790439577416716e-15 -4.783428349249144252e-17
2.532000000000000000e+04 5.994356407447785001e-16 1.212817785684325060e-15 2.971318984772175311e-16
2.592270000000000073e+04 5.812792047589822819e-16 4.762462730005112198e-16 8.832228830130189817e-16
2.652529999999999927e+04 4.712980536922645935e-16 5.458299656798776689e-17 1.256748863258605296e-15
2.712800000000000000e+04 3.314000474696663383e-16 7.860944745065091801e-17 1.234297638280482405e-15
2.775140000000000146e+04 2.180550847883180357e-16 4.160404951272950936e-16 8.783285478153650747e-16
2.855500000000000000e+04 1.710057799473737209e-16 9.003241846751492881e-16 3.113825050428837960e-16
2.935870000000000073e+04 2.088338262688442942e-16 1.067101139186652967e-15 -1.030144465523131589e-17
3.016229999999999927e+04 2.642487078793196647e-16 8.572685495965467432e-16 3.430297041716916404e-17
3.096590000000000146e+04 2.854383443819099896e-16 4.757918949250529291e-16 3.016251527795273571e-16
3.176959999999999854e+04 2.552304261690952441e-16 1.486620487956537567e-16 5.707747122283263062e-16
3.257320000000000073e+04 1.922889045530205787e-16 8.651471837626324299e-18 6.937201215595227280e-16
3.337680000000000291e+04 1.249378944829780474e-16 5.640464120934232291e-17 6.381472829970132563e-16
3.418050000000000000e+04 7.653380029156183371e-17 2.128789237559810857e-16 4.656777254718811330e-16
3.498409999999999854e+04 5.480718092306788161e-17 3.806582157195444200e-16 2.580503188112173458e-16
3.578780000000000291e+04 5.678945415207482941e-17 4.903093706268196937e-16 9.027773376950855335e-17
3.659140000000000146e+04 7.223543917942115384e-17 5.122354762854920779e-16 -4.259423362442138358e-19
3.756140000000000146e+04 9.561198135844569747e-17 4.466041699373938667e-16 -5.931669364440394895e-18
3.863309999999999854e+04 1.111622160167118518e-16 3.013664721524755602e-16 7.708473254596788451e-17
3.970469999999999709e+04 1.090148070539718986e-16 1.504334481827253221e-16 1.880590711762560870e-16
4.077640000000000146e+04 9.189415800970368043e-17 4.496351533265228067e-17 2.726138457791684713e-16
4.184800000000000000e+04 6.732136447396378705e-17 2.844648462429285743e-18 3.048219937254888364e-16
4.291969999999999709e+04 4.287978648221916157e-17 1.553799138298588492e-17 2.839973773350991382e-16
4.399140000000000146e+04 2.431337847411618341e-17 6.134424556082473716e-17 2.290795293800534951e-16
4.506300000000000000e+04 1.341559462034903270e-17 1.165791479288202213e-16 1.584909232048732949e-16
4.613469999999999709e+04 9.926911606847512301e-18 1.632748756922767680e-16 9.135222424046816827e-17
4.720640000000000146e+04 1.188952910427387265e-17 1.907843786410478973e-16 3.925691547985117399e-17
4.827800000000000000e+04 1.694776560940702877e-17 1.979643847419107349e-16 7.443382318966410970e-18
4.939900000000000000e+04 2.311987802584419384e-17 1.857226914925997225e-16 -5.144783108687665071e-18
5.082809999999999854e+04 3.007112783707455927e-17 1.532389420436683661e-16 2.376542067936644473e-18
5.225719999999999709e+04 3.354360964896720372e-17 1.098343905490005366e-16 2.530366037318663480e-17
5.368630000000000291e+04 3.352475358292488205e-17 6.838979884554152009e-17 5.276223349490209055e-17
5.511540000000000146e+04 3.021503965470195579e-17 3.480753057030103169e-17 7.616320418605881916e-17
5.654450000000000000e+04 2.496341047058894458e-17 1.278323575108286313e-17 9.124523922031310119e-17
5.797350000000000000e+04 1.895918972834080388e-17 2.163511464171722497e-18 9.680720038129937034e-17
5.940259999999999854e+04 1.311849624992431158e-17 8.492587502161479760e-19 9.350138405656474669e-17
6.083169999999999709e+04 8.219284505720139540e-18 5.935525499740710120e-18 8.446272835366596200e-17
6.226080000000000291e+04 4.447654388112725189e-18 1.448216323941389157e-17 7.121459172607281246e-17
6.368990000000000146e+04 1.910079074900072468e-18 2.396565634778723833e-17 5.628053482989859033e-17
6.511900000000000000e+04 5.074443214379804162e-19 3.284895183727425336e-17 4.202663649214048263e-17
6.686039999999999418e+04 1.427410564056846539e-20 4.160981397456228144e-17 2.698407442864730202e-17
6.876610000000000582e+04 5.212909345045466208e-19 4.765771072308094977e-17 1.421134881953241704e-17
7.067180000000000291e+04 1.633411065839406140e-18 4.963414255670130509e-17 5.522887846726365850e-18
7.257750000000000000e+04 2.945200160577547545e-18 4.811856048264294376e-17 6.706343930018191379e-19
7.448319999999999709e+04 4.150223594267184667e-18 4.382198467166732397e-17 -1.038137998783627736e-18
7.638900000000000000e+04 5.130876841695081931e-18 3.831281509576948151e-17 -4.818652686489774736e-19
7.829469999999999709e+04 5.751883853965010257e-18 3.186837115534563810e-17 1.505034476535099716e-18
8.020039999999999418e+04 6.030669953006488731e-18 2.541937418516575741e-17 4.193830088027089417e-18
8.210610000000000582e+04 5.980168908612347381e-18 1.936335216206975820e-17 7.004154373481973346e-18
8.401180000000000291e+04 5.725713508627977261e-18 1.420730984555532171e-17 9.629314396521374051e-18
8.591760000000000582e+04 5.264884636666324103e-18 9.868407184731743084e-18 1.175006590835126171e-17
8.793289999999999418e+04 4.681372896855615114e-18 6.320047448933597165e-18 1.343058661590111403e-17
9.047419999999999709e+04 3.948721887238542484e-18 3.237859699290784498e-18 1.494078997664128177e-17
9.301550000000000000e+04 3.160234365126222402e-18 1.315935215401602427e-18 1.544484390231471291e-17
9.555680000000000291e+04 2.439177207256078778e-18 3.473794430678729071e-19 1.533843970726722780e-17
9.809810000000000582e+04 1.777412039713757625e-18 6.531949488670579772e-20 1.454301818463427618e-17
1.006390000000000000e+05 1.220374565458774076e-18 2.513404904854247187e-19 1.337690084765883774e-17
