1.017789999999999928e+01 1.043606233192989539e-05 1.029096068521737303e-05 1.025839441266056411e-05
1.043200000000000038e+01 9.775309579128051420e-06 9.728216530810108155e-06 9.794508122008796879e-06
1.068609999999999971e+01 9.405943979520614817e-06 9.190030457564604999e-06 9.174966673516196227e-06
1.094030000000000058e+01 8.595897434214305212e-06 8.848278841781977703e-06 8.803631299400379781e-06
1.119439999999999991e+01 8.378012855340407107e-06 8.297147274580953538e-06 8.241997665628326001e-06
1.144849999999999923e+01 8.169657585332292383e-06 7.767036295242987044e-06 7.708798141671524890e-06
1.171439999999999948e+01 7.587191595476642455e-06 7.385399127693368843e-06 7.410622516187810686e-06
1.205320000000000036e+01 7.086493136201672109e-06 6.930408626635142907e-06 6.899364258055363882e-06
1.239209999999999923e+01 6.636891938818870071e-06 6.481566286433147037e-06 6.474783412393016302e-06
1.273099999999999987e+01 6.094861469812428017e-06 6.151533594675810308e-06 6.127060222949069162e-06
1.306990000000000052e+01 5.806549625360230547e-06 5.706837359457100307e-06 5.735895755300772463e-06
1.340879999999999939e+01 5.350682468808684171e-06 5.418381240306977659e-06 5.436008622658060175e-06
1.374770000000000003e+01 5.169482839212779249e-06 5.044875712288064640e-06 5.036346747764189547e-06
1.408660000000000068e+01 4.989498156237570638e-06 4.697652262662820838e-06 4.691590343994289961e-06
1.442549999999999955e+01 4.580676982282162528e-06 4.496138979290142746e-06 4.470602526555552050e-06
1.476440000000000019e+01 4.209232061213927082e-06 4.277734705561459744e-06 4.301728295810070629e-06
1.510330000000000084e+01 4.248650323574068935e-06 3.946723072121942774e-06 3.887577949316555911e-06
1.544209999999999994e+01 3.901798754708595568e-06 3.772921967274287983e-06 3.753824473986593596e-06
1.585510000000000019e+01 3.527849176383394221e-06 3.583780358987484988e-06 3.600269076367440055e-06
1.630699999999999861e+01 3.385730950660402236e-06 3.322711695784254399e-06 3.280801857029549442e-06
1.675890000000000057e+01 3.057147651676631178e-06 3.133746180554619359e-06 3.144944249817392357e-06
1.721079999999999899e+01 2.970070197012152321e-06 2.895451326605265494e-06 2.868721163534644614e-06
1.766280000000000072e+01 2.779030206225223179e-06 2.710367995174723808e-06 2.695933884113660368e-06
1.811469999999999914e+01 2.530034794044072107e-06 2.562392683428118883e-06 2.579774253802071109e-06
1.856660000000000110e+01 2.372411889595344912e-06 2.407805377829609027e-06 2.422718867720313057e-06
1.901849999999999952e+01 2.257049098373708569e-06 2.259334212146650760e-06 2.252876353181263085e-06
1.947040000000000148e+01 2.189443222592011693e-06 2.096218229730072832e-06 2.081162059056517625e-06
1.992229999999999990e+01 1.952804389890370861e-06 2.016539726596655503e-06 2.023424420040554709e-06
2.037430000000000163e+01 1.856403871518482089e-06 1.897962199596086168e-06 1.894501824416664695e-06
2.085219999999999985e+01 1.755371033460846502e-06 1.778329130416155318e-06 1.780016198997338943e-06
2.145479999999999876e+01 1.649660878350124905e-06 1.647877137402666228e-06 1.648833259047253472e-06
2.205750000000000099e+01 1.494165072432113391e-06 1.554090448196637162e-06 1.563396304255634620e-06
2.266009999999999991e+01 1.434541673161898344e-06 1.426744389607859658e-06 1.443655441839874967e-06
2.326269999999999882e+01 1.317084287091904265e-06 1.354037884430978696e-06 1.352203495807277056e-06
2.386540000000000106e+01 1.201046804621862551e-06 1.278338962409351321e-06 1.284699624069024790e-06
2.446799999999999997e+01 1.144905471041103844e-06 1.193791514076429302e-06 1.187231810523151502e-06
2.507069999999999865e+01 1.113038011876337009e-06 1.101933859788359495e-06 1.090960395303735242e-06
2.567330000000000112e+01 1.039415051520923588e-06 1.031843925988889794e-06 1.030238611277267854e-06
2.627590000000000003e+01 9.716192112228953016e-07 9.800719485122842952e-07 9.623863930204653438e-07
2.687859999999999872e+01 8.801606282446751710e-07 9.277940024339472445e-07 9.293180583805269137e-07
2.748120000000000118e+01 8.776330274173632292e-07 8.530517274225529174e-07 8.458512727052332550e-07
2.822250000000000014e+01 7.892679578080705169e-07 7.994536705849938823e-07 8.115573524476364503e-07
2.902609999999999957e+01 7.486971226473367407e-07 7.453369906284869217e-07 7.459497275670419663e-07
2.982979999999999876e+01 6.881251695227460197e-07 6.983861790813821895e-07 6.995992607682754071e-07
3.063340000000000174e+01 6.585001526191091355e-07 6.438374165692931437e-07 6.695189675845291658e-07
3.143700000000000117e+01 6.071267166853263204e-07 6.060543052533775743e-07 6.053278786901170894e-07
3.224069999999999681e+01 5.559212125854265239e-07 5.728930593322639954e-07 5.732290571222343972e-07
3.304429999999999978e+01 5.241545619909910867e-07 5.371930988592164272e-07 5.268580283746711417e-07
3.384790000000000276e+01 5.129632823840303415e-07 4.930281015075612616e-07 4.860811869681592243e-07
3.465160000000000196e+01 4.457210405132535371e-07 4.791174866258107096e-07 4.757324840575613912e-07
3.545519999999999783e+01 4.393343206502489340e-07 4.388421567336254694e-07 4.347758989518863374e-07
3.625880000000000081e+01 4.175998828959783517e-07 4.082821477508671857e-07 4.080093179520051276e-07
3.711789999999999878e+01 3.868220826299701674e-07 3.851616717652156154e-07 3.846293077171927470e-07
3.818959999999999866e+01 3.488896927182412076e-07 3.605467048818457275e-07 3.653406801401835221e-07
3.926129999999999853e+01 3.351446722378023582e-07 3.327493495560920383e-07 3.326573326920716830e-07
4.033290000000000219e+01 3.191644219077095207e-07 3.071155770876944422e-07 3.060208279176108217e-07
4.140460000000000207e+01 2.782149177192175782e-07 2.960735625776688806e-07 2.950425307274534872e-07
4.247630000000000194e+01 2.748501190068860182e-07 2.669660989571928589e-07 2.718073268501337608e-07
4.354789999999999850e+01 2.471663295449228509e-07 2.547406726667083868e-07 2.588295231602905156e-07
4.461959999999999837e+01 2.317760255739869881e-07 2.407888108074318793e-07 2.382687725908012135e-07
4.569129999999999825e+01 2.211693814725643059e-07 2.219847865213536529e-07 2.229335018983098000e-07
4.676290000000000191e+01 2.049993579142314784e-07 2.092238152809581670e-07 2.094931855530234616e-07
4.783460000000000178e+01 1.916402679690938922e-07 1.966253837576279729e-07 1.969319783303811834e-07
4.890630000000000166e+01 1.843658704631540185e-07 1.824986351272170675e-07 1.819101151214144034e-07
5.023669999999999902e+01 1.711253974151000130e-07 1.698377237407305138e-07 1.704702023607408059e-07
5.166579999999999728e+01 1.561407143153319597e-07 1.597283634437656756e-07 1.597308675117459235e-07
5.309490000000000265e+01 1.482200184042156092e-07 1.475354230547026084e-07 1.468620553720570212e-07
5.452400000000000091e+01 1.365826127515445623e-07 1.385186262688206670e-07 1.381635299642852343e-07
5.595309999999999917e+01 1.272642874938433456e-07 1.289143181019749592e-07 1.284194017690249505e-07
5.738219999999999743e+01 1.176665645333660432e-07 1.199331204521701469e-07 1.207066503388515314e-07
5.881130000000000280e+01 1.104755200681408445e-07 1.140477797614294242e-07 1.119233264671350776e-07
6.024040000000000106e+01 1.054968171643141409e-07 1.036597550059294964e-07 1.052725545520788060e-07
6.166949999999999932e+01 9.475470977462222513e-08 9.990011922879536099e-08 9.908325566679448703e-08
6.309859999999999758e+01 9.120321670024428371e-08 9.176660214101973866e-08 9.242068301153156518e-08
6.452760000000000673e+01 8.686030112592672554e-08 8.601087177817711979e-08 8.515605168150514472e-08
6.607179999999999609e+01 8.053996407286060316e-08 8.077087977261963401e-08 8.043438437159600834e-08
6.797750000000000625e+01 7.422631380554763220e-08 7.522239575406749500e-08 7.460554080658460817e-08
6.988320000000000221e+01 6.904010420536353003e-08 6.979472527617268931e-08 6.990296537563700266e-08
7.178889999999999816e+01 6.275896662822935055e-08 6.566301526166795774e-08 6.567264288183306449e-08
7.369469999999999743e+01 6.070206888973705797e-08 5.972673156810181442e-08 6.043874237923645640e-08
7.560039999999999338e+01 5.658360569546147904e-08 5.728841300248193144e-08 5.647411149649116681e-08
7.750610000000000355e+01 5.246735516501608011e-08 5.208762551000552476e-08 5.293648495704957720e-08
7.941179999999999950e+01 4.862674778864384742e-08 4.930445793230982166e-08 4.931455986676854055e-08
8.131749999999999545e+01 4.516042949714906411e-08 4.674086433355193081e-08 4.568353928518867703e-08
8.322329999999999472e+01 4.246912506448507302e-08 4.351353953985450046e-08 4.297886847327144193e-08
8.512900000000000489e+01 4.202981257738828637e-08 3.974766276931266933e-08 4.063106616773265667e-08
8.703470000000000084e+01 3.771396307354704450e-08 3.711547062265963312e-08 3.873363551287488349e-08
8.942260000000000275e+01 3.393112231611709030e-08 3.562448906563536111e-08 3.580266532342746281e-08
9.196389999999999532e+01 3.189642039295343187e-08 3.333372507567402369e-08 3.239944097791436642e-08
9.450520000000000209e+01 3.029872744486744241e-08 3.165534658676962581e-08 3.032682778077380682e-08
9.704659999999999798e+01 2.821359374336321140e-08 2.844338634298902746e-08 2.825908369672301184e-08
9.958790000000000475e+01 2.608713411237218873e-08 2.650792914229925417e-08 2.627629186508800704e-08
1.021290000000000049e+02 2.432192436034442549e-08 2.471879504394460402e-08 2.489535922220709384e-08
1.046710000000000065e+02 2.281423648863980847e-08 2.310451781803126936e-08 2.293713809575312722e-08
1.072120000000000033e+02 2.147590304514181894e-08 2.185073118016819122e-08 2.117694613297388355e-08
1.097530000000000001e+02 2.007267509352265747e-08 2.038290449829095116e-08 1.974681300885243532e-08
1.122939999999999969e+02 1.870883924461303740e-08 1.857105951872965087e-08 1.968977247918805793e-08
1.148359999999999985e+02 1.770341914809043722e-08 1.757526966026035590e-08 1.733725740420146308e-08
1.176110000000000042e+02 1.645912644398588090e-08 1.668639001058265088e-08 1.633668883957608521e-08
1.210000000000000000e+02 1.526375925859900610e-08 1.433602369002232021e-08 1.595568862827890374e-08
1.243889999999999958e+02 1.422558333476032863e-08 1.410658860811522223e-08 1.403922485564791036e-08
1.277780000000000058e+02 1.305796615980970213e-08 1.303164853110103741e-08 1.327926784650353022e-08
1.311670000000000016e+02 1.224333199696468304e-08 1.268072725018085256e-08 1.169443439785447368e-08
1.345550000000000068e+02 1.122261140121219267e-08 1.185075869401410308e-08 1.101233640477370660e-08
1.379439999999999884e+02 1.026978321605010540e-08 1.114841280852490109e-08 1.036040732542500145e-08
1.413329999999999984e+02 9.652644229486429095e-09 9.983620130244836634e-09 9.533348438735544879e-09
1.447220000000000084e+02 9.215187149229225890e-09 9.314421490189598479e-09 9.072525436530620725e-09
1.481109999999999900e+02 8.576201649016499546e-09 8.270733584829368131e-09 8.989742489357992604e-09
1.515000000000000000e+02 8.027874428009505657e-09 8.163179706144634499e-09 7.977998885845866056e-09
1.548890000000000100e+02 7.562967412800337901e-09 7.361121959619009250e-09 7.685056612580658265e-09
1.591740000000000066e+02 6.958797434081069184e-09 7.018528719018789924e-09 6.992474556900144370e-09
1.636930000000000121e+02 6.357502237262797385e-09 6.524728638851333377e-09 6.546808408885873543e-09
1.682129999999999939e+02 5.824355867529342559e-09 6.137465126719758538e-09 6.055016175750901392e-09
1.727319999999999993e+02 5.387380029230723261e-09 5.547807897766085688e-09 5.803423738003194601e-09
1.772510000000000048e+02 5.138026710398909830e-09 5.199949900219345125e-09 5.221990949381747808e-09
1.817700000000000102e+02 4.745823369069646365e-09 4.932305248141137844e-09 4.800993207789217964e-09
1.862889999999999873e+02 4.465134796258303658e-09 4.456679296767050751e-09 4.563727296974647588e-09
1.908079999999999927e+02 4.167575638557642075e-09 4.213669879324068402e-09 4.185109812017896369e-09
1.953280000000000030e+02 3.893578940855700915e-09 3.939591762332546366e-09 3.891843116811753424e-09
1.998470000000000084e+02 3.646993765102377412e-09 3.580133028560326241e-09 3.716777236337298190e-09
2.043660000000000139e+02 3.375027157055605778e-09 3.457680173586395121e-09 3.385479409358000968e-09
2.093530000000000086e+02 3.195045371586093903e-09 3.118796925882041998e-09 3.204683050531866258e-09
2.153789999999999907e+02 2.918854374450989325e-09 3.067383175915862221e-09 2.817194954133150407e-09
2.214060000000000059e+02 2.692242779828833767e-09 2.675083986030881798e-09 2.785146629140286916e-09
2.274319999999999879e+02 2.483330054745905710e-09 2.531934431790085484e-09 2.543377015815600083e-09
2.334590000000000032e+02 2.293906499242620313e-09 2.341721528506487402e-09 2.379839708250893171e-09
2.394850000000000136e+02 2.099853759657101936e-09 2.148237561040306081e-09 2.267272504802593410e-09
2.455109999999999957e+02 1.968844243190488008e-09 1.978965228585859357e-09 2.112658972223653997e-09
2.515380000000000109e+02 1.801058679692013253e-09 1.874577228802339066e-09 1.964010445505648416e-09
2.575640000000000214e+02 1.689545803692834239e-09 1.832409188814986424e-09 1.730122122492180364e-09
2.635910000000000082e+02 1.568320133186529446e-09 1.709844872090905114e-09 1.614653428722566141e-09
2.696170000000000186e+02 1.516761888364503027e-09 1.528158522034051238e-09 1.518364334601446280e-09
2.756440000000000055e+02 1.429036884030089310e-09 1.416113793752666058e-09 1.412097839217245612e-09
2.833330000000000268e+02 1.280577222735581784e-09 1.340788294440909693e-09 1.316835454323509250e-09
2.913700000000000045e+02 1.184128754489517542e-09 1.226669611267020238e-09 1.230197253743463045e-09
2.994060000000000059e+02 1.116196685125592022e-09 1.125972112951071764e-09 1.126390404423336743e-09
3.074420000000000073e+02 9.926701979306587094e-10 1.023907921294971383e-09 1.105802352124370389e-09
3.154789999999999850e+02 9.519570816577976523e-10 9.843622976689707157e-10 9.634478294603228304e-10
3.235149999999999864e+02 8.855497920874861282e-10 8.977503664484645961e-10 9.048436616640498039e-10
3.315509999999999877e+02 7.948375156657718373e-10 8.401832281686806508e-10 8.615595275155477746e-10
3.395880000000000223e+02 7.720748145813325076e-10 7.788033350131960197e-10 7.711847249554719113e-10
3.476240000000000236e+02 7.095648847897799306e-10 7.276529917939121227e-10 7.128811804099749138e-10
3.556610000000000014e+02 6.401122764227616929e-10 6.853306199738542904e-10 6.854550768033843372e-10
3.636970000000000027e+02 6.160031085937097665e-10 6.248867124924908404e-10 6.312896148259777840e-10
3.726580000000000155e+02 5.770832796873537160e-10 5.811263328488017854e-10 5.806197008638447877e-10
3.833740000000000236e+02 5.098169737232300472e-10 5.476157466011933488e-10 5.475959121255766864e-10
3.940910000000000082e+02 4.861793043098867057e-10 4.970567842944214379e-10 5.000618568906920199e-10
4.048079999999999927e+02 4.563562159473169198e-10 4.585753131143852332e-10 4.573712913382980992e-10
4.155240000000000009e+02 3.982946616320323669e-10 4.362009882486090088e-10 4.357245513143587916e-10
4.262409999999999854e+02 3.733725726329280869e-10 3.965328305954394159e-10 4.079247482266327531e-10
4.369569999999999936e+02 3.656355543749646900e-10 3.619397260968716930e-10 3.648219363881637756e-10
4.476739999999999782e+02 3.259136288365470010e-10 3.449519337710951623e-10 3.430558170723580487e-10
4.583910000000000196e+02 2.826401969486426272e-10 3.354217817516956035e-10 3.293967446982588811e-10
4.691070000000000277e+02 2.717412075190844906e-10 2.984280888069688729e-10 3.049295465289467273e-10
4.798240000000000123e+02 2.729317929768977267e-10 2.670338175861321501e-10 2.735217984569702103e-10
4.905409999999999968e+02 2.519287175559039183e-10 2.578312327585029762e-10 2.468916668175932585e-10
5.043389999999999986e+02 2.092694647351058904e-10 2.450622705134489554e-10 2.438179048024452978e-10
5.186299999999999955e+02 1.880311930953738531e-10 2.254921049006733751e-10 2.302277887019528919e-10
5.329199999999999591e+02 1.953858434407112009e-10 1.968786047407599534e-10 2.025928029525289748e-10
5.472110000000000127e+02 1.879675744564360713e-10 1.797256152065007201e-10 1.822069937720632930e-10
5.615019999999999527e+02 1.610961151328794612e-10 1.823320827352245258e-10 1.653809736563960836e-10
5.757930000000000064e+02 1.368967055396750347e-10 1.576288457499348696e-10 1.766673444348901431e-10
5.900839999999999463e+02 1.286650594686042318e-10 1.505403268167941437e-10 1.572757446897338755e-10
6.043750000000000000e+02 1.325746448878593314e-10 1.275186257966908812e-10 1.448100980544498944e-10
6.186660000000000537e+02 1.312375334335646709e-10 1.213621811048734158e-10 1.230570362995619929e-10
6.329569999999999936e+02 1.137341709431267979e-10 1.172968741526473576e-10 1.175273138291258829e-10
6.472480000000000473e+02 9.730240984504991484e-11 1.148165076178943312e-10 1.116778184566058336e-10
6.633460000000000036e+02 8.687601831284688419e-11 1.058343753635554532e-10 1.069869980716976980e-10
6.824039999999999964e+02 8.661149103412193689e-11 9.340442811867142026e-11 9.607954562155669065e-11
7.014610000000000127e+02 8.636937869991770980e-11 8.332805761811653626e-11 8.480908895697589347e-11
7.205180000000000291e+02 7.900728263493347432e-11 7.808297760980072346e-11 7.902510286291948137e-11
7.395750000000000455e+02 6.730554998395879790e-11 7.530589326447550137e-11 7.453284656706082334e-11
7.586319999999999482e+02 5.767965125052874816e-11 7.144902570210980098e-11 7.177306333239149675e-11
7.776900000000000546e+02 5.318957685962857522e-11 6.594582049672032267e-11 6.677605939526464400e-11
7.967469999999999573e+02 5.231770884984703033e-11 5.916391665803716136e-11 6.067086673437082309e-11
8.158039999999999736e+02 5.321286963215771118e-11 5.216055656365935348e-11 5.448545564570004645e-11
8.348609999999999900e+02 5.122421993945437775e-11 4.743964519537398775e-11 4.917201841348166611e-11
8.539180000000000064e+02 4.707478867306432430e-11 4.498865743361185571e-11 4.500297339549884862e-11
8.729759999999999991e+02 4.089600714066801925e-11 4.350012015393892252e-11 4.274986434812308382e-11
8.977309999999999945e+02 3.351868789243772705e-11 4.191286981373024456e-11 4.154974275204805052e-11
9.231449999999999818e+02 2.827025092617840760e-11 4.036130448922286763e-11 3.918050080543373548e-11
9.485579999999999927e+02 2.709474885814437505e-11 3.609569150860126403e-11 3.615147789581092086e-11
9.739710000000000036e+02 2.781031510230912293e-11 3.141546109323910403e-11 3.248025339736929242e-11
9.993840000000000146e+02 2.866412433551684834e-11 2.726242015736689089e-11 2.876325456036877930e-11
1.024799999999999955e+03 2.791488110243969866e-11 2.480343842211639454e-11 2.550743708240596667e-11
1.050210000000000036e+03 2.533219827563825835e-11 2.337012635644443755e-11 2.367721447451587114e-11
1.075619999999999891e+03 2.151334647312864179e-11 2.298852830521493091e-11 2.245739110290428820e-11
1.101039999999999964e+03 1.747124647991657282e-11 2.288768788174490359e-11 2.154434332091058683e-11
1.126450000000000045e+03 1.439187142253868548e-11 2.197288271897946480e-11 2.099490059369295632e-11
1.151859999999999900e+03 1.255164421066062338e-11 2.015860310280147285e-11 2.043757074065211364e-11
1.180779999999999973e+03 1.192532965544332810e-11 1.822919080967709173e-11 1.891069646399896130e-11
1.214670000000000073e+03 1.258344923611768227e-11 1.598194763490840075e-11 1.655945532678298491e-11
1.248559999999999945e+03 1.332287389390903979e-11 1.359819526773407262e-11 1.462556336221095496e-11
1.282450000000000045e+03 1.333741735608231843e-11 1.202755129684198227e-11 1.289835620603784636e-11
1.316339999999999918e+03 1.249100725502876551e-11 1.125769330773305119e-11 1.156589325323504316e-11
1.350230000000000018e+03 1.092805299080959383e-11 1.062604408222087291e-11 1.103756670801759420e-11
1.384119999999999891e+03 9.300911281066962389e-12 1.067433512812504912e-11 1.012573378068150465e-11
1.418009999999999991e+03 7.268560803624226359e-12 1.045567572656447409e-11 1.007635206017012742e-11
1.451900000000000091e+03 6.249729968321621063e-12 1.024949830772322839e-11 9.219988857080766127e-12
1.485789999999999964e+03 4.944861461599671288e-12 8.845398473799778078e-12 9.993200501402347561e-12
1.519670000000000073e+03 4.362310907878672720e-12 8.371273809565490255e-12 9.268479064979680245e-12
1.553559999999999945e+03 4.300355340313511268e-12 7.786442781295938695e-12 8.257543601200311397e-12
1.597980000000000018e+03 4.484981651307575733e-12 6.667036334085955950e-12 7.558470329524780529e-12
1.643170000000000073e+03 4.878588918425759839e-12 6.022086642706685456e-12 6.301830198362289149e-12
1.688359999999999900e+03 4.987724107639134954e-12 5.277557574747428594e-12 5.567308055093597386e-12
1.733549999999999955e+03 4.990718867689887586e-12 4.498238119484652656e-12 5.096634557154531964e-12
1.778740000000000009e+03 4.798982430645141347e-12 4.181235348642515235e-12 4.467497530477609285e-12
1.823930000000000064e+03 4.419248700566104390e-12 4.000694371043583106e-12 3.978672149071893335e-12
1.869130000000000109e+03 3.937053214435022140e-12 3.989631898235398905e-12 3.525982927877832395e-12
1.914319999999999936e+03 3.374128788176987544e-12 4.008709188627781729e-12 3.193864963640497404e-12
1.959509999999999991e+03 2.813259757718829754e-12 3.420726134669454080e-12 3.538209772630670380e-12
2.004700000000000045e+03 2.440340385168421707e-12 2.958970284113513713e-12 3.626913963168673548e-12
2.049889999999999873e+03 1.975762140663735295e-12 3.811725618838516051e-12 2.559901229708381848e-12
2.101840000000000146e+03 1.521698073942166019e-12 3.250299478836966223e-12 2.919362002723799670e-12
2.162110000000000127e+03 1.232299075649535479e-12 2.885634971707751831e-12 2.946912416453463078e-12
2.222369999999999891e+03 1.110554929194838837e-12 2.273403415591498215e-12 3.112504300073523728e-12
2.282630000000000109e+03 1.136997222263527111e-12 2.212907005490639915e-12 2.624033959055118232e-12
2.342900000000000091e+03 1.012449825557488322e-12 2.536488342587145499e-12 1.957800275694988180e-12
2.403159999999999854e+03 9.878832799465601565e-13 1.734811156398686540e-12 2.352804791984875708e-12
2.463429999999999836e+03 1.051705650156055501e-12 1.927891261732027929e-12 1.701671555244782339e-12
2.523690000000000055e+03 1.044932099348624219e-12 1.418554120054973951e-12 1.853435813904083587e-12
2.583960000000000036e+03 1.041344599165460906e-12 1.448915957889382044e-12 1.497942389819288767e-12
2.644219999999999800e+03 1.078918613211918182e-12 1.261009666882038068e-12 1.342695193309098977e-12
2.704480000000000018e+03 1.059437068603349219e-12 1.081150099292091874e-12 1.258772375155040884e-12
2.764750000000000000e+03 1.033815829280695157e-12 9.883991889866130404e-13 1.120790099076077192e-12
2.844420000000000073e+03 1.007456292943174081e-12 8.800938346154022243e-13 9.966551580414996796e-13
2.924780000000000200e+03 9.670073039202447913e-13 8.216338421189026250e-13 8.605550158169244520e-13
3.005150000000000091e+03 9.083660026741345753e-13 7.276849345843507153e-13 7.998571291204321428e-13
3.085510000000000218e+03 8.323164378014863256e-13 6.768975775165639168e-13 7.326871368658775512e-13
3.165869999999999891e+03 7.638984036809988529e-13 6.502416798276525618e-13 6.489428880634805530e-13
3.246239999999999782e+03 6.935732456431296520e-13 6.131313717363282169e-13 5.965367001295798968e-13
3.326599999999999909e+03 6.174746542775638533e-13 5.753326762144081339e-13 5.620100891140756465e-13
3.406960000000000036e+03 5.431527814472206314e-13 5.434800461383555266e-13 5.322444026776547059e-13
3.487329999999999927e+03 4.741831923470569807e-13 5.141577366464723004e-13 5.045984799039315967e-13
3.567690000000000055e+03 4.135311539421302623e-13 4.859647828516037372e-13 4.797740386432278187e-13
3.648050000000000182e+03 3.612981536910066943e-13 4.600071345612611795e-13 4.520076864595149202e-13
3.741360000000000127e+03 3.058528001463111606e-13 4.350740404828042933e-13 4.309210257166592373e-13
3.848519999999999982e+03 2.481046712528099236e-13 4.113573266362591234e-13 4.161340231786333276e-13
3.955690000000000055e+03 2.026215201504201771e-13 3.886675197249988890e-13 3.958262741611386027e-13
4.062860000000000127e+03 1.682067010902499074e-13 3.648745615079242823e-13 3.757093340021821057e-13
4.170020000000000437e+03 1.432387420267409361e-13 3.415306365519850558e-13 3.515379320676738434e-13
4.277189999999999600e+03 1.271449470976851893e-13 3.247177480642431461e-13 3.183944020323965832e-13
4.384359999999999673e+03 1.148169880473465950e-13 3.139495927408579875e-13 2.811414048719073106e-13
4.491520000000000437e+03 9.712613617071438460e-14 2.947639516700138979e-13 2.620961651494812822e-13
4.598689999999999600e+03 7.590252855080687639e-14 2.608021106830245451e-13 2.670485730536631971e-13
4.705859999999999673e+03 6.844275274888390184e-14 2.373851493092513674e-13 2.512126470308101617e-13
4.813020000000000437e+03 7.148954903235891579e-14 2.298897090705976121e-13 2.123021395335588480e-13
4.920189999999999600e+03 6.089282961935354895e-14 2.032871841716742702e-13 2.104063085461265795e-13
5.063100000000000364e+03 5.497841008197296508e-14 1.796636671793000727e-13 2.005003519564635529e-13
5.206010000000000218e+03 5.420443798438679046e-14 1.661248101709160758e-13 1.791227766608752064e-13
5.348920000000000073e+03 5.723575744189513209e-14 1.560374904021560838e-13 1.538163361778652869e-13
5.491819999999999709e+03 5.669151255696391578e-14 1.353653750357215541e-13 1.456099094852962555e-13
5.634729999999999563e+03 5.340667599412442695e-14 1.194318411861058105e-13 1.376191041726618945e-13
5.777640000000000327e+03 5.452631806246227396e-14 1.135448828710285873e-13 1.182065117391891351e-13
5.920550000000000182e+03 5.435177611213757377e-14 9.741426770951654974e-14 1.120481346169788499e-13
6.063460000000000036e+03 5.266725539585235855e-14 9.023831171918550121e-14 1.003455722966269208e-13
6.206369999999999891e+03 5.255350323231584587e-14 8.006469257549677737e-14 9.153170744777964306e-14
6.349279999999999745e+03 5.108950280420305197e-14 7.318494084858989753e-14 8.271824648206439228e-14
6.492189999999999600e+03 4.995880213014423729e-14 6.461713708229231420e-14 7.642737881913005451e-14
6.659750000000000000e+03 4.886957559417499902e-14 6.025213125542972499e-14 6.653647172547093093e-14
6.850319999999999709e+03 4.741369484264178852e-14 5.008802308773435872e-14 6.338507211456051291e-14
7.040890000000000327e+03 4.608817438103422784e-14 4.915437526736091345e-14 5.273802833994673245e-14
7.231470000000000255e+03 4.449660500506196145e-14 4.017031076625933520e-14 5.131967397307718509e-14
7.422039999999999964e+03 4.250299352729315099e-14 3.975878791203064601e-14 4.282455237361607531e-14
7.612609999999999673e+03 4.074337023721762842e-14 3.199373973425486797e-14 4.242028515013198409e-14
7.803180000000000291e+03 3.851598530726611239e-14 3.439284837581846985e-14 3.304003134483215913e-14
7.993750000000000000e+03 3.675750324910529844e-14 2.329201201366264019e-14 3.772929916515164086e-14
8.184329999999999927e+03 3.435613532587329016e-14 3.182781157540770115e-14 2.395700837149998455e-14
8.374899999999999636e+03 3.285075710235715375e-14 1.775525023487189125e-14 3.253219544742324147e-14
8.565469999999999345e+03 3.022332846717681657e-14 2.407827642333450983e-14 2.231332742623328750e-14
8.758229999999999563e+03 2.873537201194530357e-14 2.201672411185288457e-14 1.999853867889847998e-14
9.012370000000000800e+03 2.653752476876557358e-14 1.451644910572553629e-14 2.378807245113023609e-14
9.266500000000000000e+03 2.468239417258140686e-14 2.167435241407747491e-14 1.314337795537399873e-14
9.520629999999999200e+03 2.318385691899143677e-14 8.363992622132656246e-15 2.311121051919200626e-14
9.774760000000000218e+03 2.060105687493037681e-14 2.024472217121308283e-14 9.327695495634001703e-15
1.002889999999999964e+04 2.017162265553108927e-14 1.001759874320445353e-14 1.605518646450343841e-14
1.028300000000000000e+04 1.770522132175493463e-14 9.075593872298274179e-15 1.578830097680150470e-14
1.053720000000000073e+04 1.628400305256306093e-14 1.749687245330004598e-14 5.435778770066008303e-15
1.079129999999999927e+04 1.592204937760703793e-14 6.347322400571670465e-15 1.382788755198832036e-14
1.104539999999999964e+04 1.370067849745969619e-14 6.477289133107209651e-15 1.315810512411185980e-14
1.129960000000000036e+04 1.237733386939878899e-14 1.471818032621513413e-14 3.644642199398621743e-15
1.155370000000000073e+04 1.239377234128727013e-14 8.113096435954329100e-15 7.855610952511039409e-15
1.185460000000000036e+04 1.078746353283508694e-14 2.768854999526804058e-15 1.251489154595804064e-14
1.219350000000000000e+04 9.151037450640069274e-15 1.181883199619918694e-14 2.881545875248857619e-15
1.253239999999999964e+04 9.424831224471513215e-15 6.681523645474409003e-15 5.828075868433489270e-15
1.287129999999999927e+04 8.096113413750461587e-15 1.617224821433810899e-15 1.043511972417607728e-14
1.321010000000000036e+04 6.625852250230255645e-15 8.527547086348458347e-15 3.373888802494661682e-15
1.354900000000000000e+04 6.803165163198352674e-15 8.409574025197867578e-15 1.838544048401746264e-15
1.388789999999999964e+04 6.512758397339684175e-15 1.686221010520396778e-15 7.475547304421934808e-15
1.422679999999999927e+04 5.148531019636925859e-15 2.286486443622071861e-15 7.028921449304706253e-15
1.456570000000000073e+04 4.399663451035060800e-15 7.249919719717927922e-15 1.680358613567172618e-15
1.490460000000000036e+04 4.617425922627227601e-15 6.693226744837656264e-15 9.609220359068585925e-16
1.524350000000000000e+04 4.562275444609663424e-15 2.040348843255374474e-15 4.734349964735817694e-15
1.559020000000000073e+04 3.708545385637527333e-15 5.477723686922382162e-16 6.193310432541479069e-15
1.604210000000000036e+04 2.806229022505386760e-15 4.542653692715905208e-15 2.220956463478939651e-15
1.649400000000000000e+04 2.961333162370157206e-15 5.594277644263220766e-15 2.196691954620856536e-16
1.694590000000000146e+04 3.074191389739843644e-15 1.910798065638468677e-15 3.070555435527519153e-15
1.739779999999999927e+04 2.439221277460358547e-15 2.478222363690054297e-16 4.696635837093301272e-15
1.784979999999999927e+04 1.774746396956483074e-15 2.441548474876965587e-15 2.585699547664468695e-15
1.830170000000000073e+04 1.690336655294396166e-15 4.349354355727823943e-15 2.170392076847613483e-16
1.875359999999999854e+04 1.910975527549068489e-15 3.357548229298177887e-15 4.909971313407662518e-16
1.920550000000000000e+04 1.880305169742887414e-15 1.068082664654496778e-15 2.346143440776292842e-15
1.965740000000000146e+04 1.501231928753633087e-15 9.001801109284517118e-17 3.295463863030638928e-15
2.010929999999999927e+04 1.069312232344466416e-15 9.757654858229409801e-16 2.457780476913676160e-15
2.056129999999999927e+04 8.748488291854007526e-16 2.388151945911468437e-15 8.886806453457983203e-16
2.110150000000000000e+04 9.654891408619784436e-16 2.884241178151214429e-15 -5.076356422527791367e-17
2.170420000000000073e+04 1.116935546361638979e-15 1.667310423670168057e-15 7.036134614692474968e-16
2.230679999999999927e+04 1.003543508291933018e-15 2.881094267888176032e-16 1.904065922208706937e-15
2.290950000000000000e+04 7.055967847757302510e-16 1.447666750610811456e-16 2.080984711336362405e-15
2.351209999999999854e+04 4.729264637778353722e-16 9.879080359862972811e-16 1.230696714373217530e-15
2.411470000000000073e+04 4.295938757602153321e-16 1.760944457987279934e-15 2.765379836802601316e-16
2.471740000000000146e+04 5.155550554213594450e-16 1.806937036268310717e-15 -4.883652417238560546e-17
2.532000000000000000e+04 5.916553611669543256e-16 1.205136851087100687e-15 2.936340606245154020e-16
2.592270000000000073e+04 5.739768673413497995e-16 4.731245380034810616e-16 8.760706795598311263e-16
2.652529999999999927e+04 4.649958647426399649e-16 5.378119314084887787e-17 1.247578848911318171e-15
2.712800000000000000e+04 3.261633943735286649e-16 7.731300103093009229e-17 1.225688985625215841e-15
2.775140000000000146e+04 2.136355512122422020e-16 4.124422896432361118e-16 8.722993247492194594e-16
2.855500000000000000e+04 1.669484298853029206e-16 8.937957288415997955e-16 3.090588628526186993e-16
2.935870000000000073e+04 2.046448222978314448e-16 1.059874325713378763e-15 -1.076847742447908874e-17
3.016229999999999927e+04 2.599069318058695326e-16 8.516933391862758073e-16 3.330724237026025883e-17
3.096590000000000146e+04 2.811913135252320808e-16 4.727625576620835500e-16 2.988046349276596777e-16
3.176959999999999854e+04 2.514074517624673571e-16 1.476408705598555065e-16 5.663000080512024079e-16
3.257320000000000073e+04 1.890508579232645550e-16 8.348736661191650412e-18 6.886478000450845444e-16
3.337680000000000291e+04 1.222625517688353683e-16 5.563165057374576179e-17 6.336522447552714269e-16
3.418050000000000000e+04 7.424516553148974099e-17 2.110134785095905874e-16 4.624553418233558160e-16
3.498409999999999854e+04 5.272105917464414916e-17 3.777223338087786436e-16 2.562437004544938515e-16
3.578780000000000291e+04 5.475218821618147030e-17 4.867479923796372179e-16 8.954795658823086165e-17
3.659140000000000146e+04 7.017698369096272389e-17 5.086472702765017529e-16 -6.305866934599083576e-19
3.756140000000000146e+04 9.349758891928381231e-17 4.435794652633693970e-16 -6.203269707756645368e-18
3.863309999999999854e+04 1.090746095716022801e-16 2.993855807520863561e-16 7.618564342410083461e-17
3.970469999999999709e+04 1.070710218904002864e-16 1.494582380419158270e-16 1.864114363103152631e-16
4.077640000000000146e+04 9.017794897555698219e-17 4.463845628519166773e-17 2.704495927376402664e-16
4.184800000000000000e+04 6.586031034069400475e-17 2.728330703778215556e-18 3.025217081799357521e-16
4.291969999999999709e+04 4.165551161851158578e-17 1.527302978773871517e-17 2.819224726800094819e-16
4.399140000000000146e+04 2.326359386718718371e-17 6.073182919398145009e-17 2.274414258251782309e-16
4.506300000000000000e+04 1.248204046737507470e-17 1.155844150149951518e-16 1.573705978153979516e-16
4.613469999999999709e+04 9.055210732484425126e-18 1.619790847797550774e-16 9.070123124669466031e-17
4.720640000000000146e+04 1.104501684117161620e-17 1.893328081067749950e-16 3.895319174045446167e-17
4.827800000000000000e+04 1.610684086698915636e-17 1.965003865216369238e-16 7.336313670272879602e-18
4.939900000000000000e+04 2.228001812843707149e-17 1.843801542832763294e-16 -5.192821602739169028e-18
5.082809999999999854e+04 2.923675061392662499e-17 1.521611768570676894e-16 2.243299544110937161e-18
5.225719999999999709e+04 3.274213731427288134e-17 1.090800442399279634e-16 2.499030974191901181e-17
5.368630000000000291e+04 3.277247440729282725e-17 6.792867755572039415e-17 5.225008727916466477e-17
5.511540000000000146e+04 2.953326321703007892e-17 3.457266327715631865e-17 7.549394511641391679e-17
5.654450000000000000e+04 2.435954927945178439e-17 1.268698226252502363e-17 9.048568501089651598e-17
5.797350000000000000e+04 1.843242944465258914e-17 2.123854225461389843e-18 9.602877498117046027e-17
5.940259999999999854e+04 1.266367845693039512e-17 8.022631258520657401e-19 9.276778624329863246e-17
6.083169999999999709e+04 7.822560223182068044e-18 5.839112566225688877e-18 8.381195052025085220e-17
6.226080000000000291e+04 4.099090569742866792e-18 1.431621073955071599e-17 7.067363384541808492e-17
6.368990000000000146e+04 1.599293933036159124e-18 2.372790061454169021e-17 5.585780085929670411e-17
6.511900000000000000e+04 2.222388285288710730e-19 3.254656411684072904e-17 4.171315111765410357e-17
6.686039999999999418e+04 -2.502045272758137832e-19 4.124811518960455407e-17 2.678366590132833955e-17
6.876610000000000582e+04 2.700345912200337333e-19 4.726028956574360244e-17 1.410354535923358069e-17
7.067180000000000291e+04 1.390381999580256721e-18 4.923192046380232614e-17 5.474693919515189329e-18
7.257750000000000000e+04 2.708485389369919416e-18 4.773703992160595224e-17 6.525052508759359853e-19
7.448319999999999709e+04 3.921192892516564527e-18 4.348063879752512430e-17 -1.049427478704384045e-18
7.638900000000000000e+04 4.908688091024535560e-18 3.801871461275238147e-17 -5.025935690194829714e-19
7.829469999999999709e+04 5.539594614249059130e-18 3.162685624339990991e-17 1.465445980000393306e-18
8.020039999999999418e+04 5.829883176677678587e-18 2.522895965912448670e-17 4.131370227778072287e-18
8.210610000000000582e+04 5.792946181132504950e-18 1.921971853111184567e-17 6.919212437834468289e-18
8.401180000000000291e+04 5.551413790258520409e-18 1.410267717008809796e-17 9.524001057921838316e-18
8.591760000000000582e+04 5.104772182007627962e-18 9.795977851966771426e-18 1.162918297489090591e-17
8.793289999999999418e+04 4.535626069180996328e-18 6.273335658993793757e-18 1.329806694425341318e-17
9.047419999999999709e+04 3.818971608610753371e-18 3.212789963055257031e-18 1.479926138931958619e-17
9.301550000000000000e+04 3.046281091744150948e-18 1.303391195387708007e-18 1.530268985196748061e-17
9.555680000000000291e+04 2.338340643091969535e-18 3.400754804298277252e-19 1.520017994592691676e-17
9.809810000000000582e+04 1.688886276143418639e-18 5.824734181935073738e-20 1.441408009541073426e-17
1.006390000000000000e+05 1.142309379029278026e-18 2.412136915409576344e-19 1.325976361051282713e-17
