1.017789999999999928e+01 1.038000730130020865e-05 1.023516490893172950e-05 1.020271323617353154e-05
1.043200000000000038e+01 9.721725581964588380e-06 9.674492195850704026e-06 9.740365620398816319e-06
1.068609999999999971e+01 9.353368486701797631e-06 9.138307427972000138e-06 9.123252570752480423e-06
1.094030000000000058e+01 8.546891600768112649e-06 8.797541311687765851e-06 8.753119898038894131e-06
1.119439999999999991e+01 8.329395477849476463e-06 8.248659393660487369e-06 8.193845709781462339e-06
1.144849999999999923e+01 8.121300393169044601e-06 7.720764613354773936e-06 7.662858622322090180e-06
1.171439999999999948e+01 7.541371971857468804e-06 7.340571916726559294e-06 7.365634323013596928e-06
1.205320000000000036e+01 7.042612475983194938e-06 6.887464645836224054e-06 6.856619226202217888e-06
1.239209999999999923e+01 6.595120610647942704e-06 6.440412012787593413e-06 6.433661198096118736e-06
1.273099999999999987e+01 6.055683769898391294e-06 6.111586718002704955e-06 6.087262056697644858e-06
1.306990000000000052e+01 5.768341696123591378e-06 5.668994362054166847e-06 5.697817999201496079e-06
1.340879999999999939e+01 5.314706072519074622e-06 5.382886944054845198e-06 5.399128104795669708e-06
1.374770000000000003e+01 5.134156155274276249e-06 5.009823562745429235e-06 5.001313475252385055e-06
1.408660000000000068e+01 4.948824843340116304e-06 4.664333506893323891e-06 4.658288147342988449e-06
1.442549999999999955e+01 4.548129961830483903e-06 4.463176179022909683e-06 4.438201936418283880e-06
1.476440000000000019e+01 4.178478141926461878e-06 4.246036789150371246e-06 4.269807533008576507e-06
1.510330000000000084e+01 4.216732245274471475e-06 3.916888020994300518e-06 3.858173796701851490e-06
1.544209999999999994e+01 3.872005478447783242e-06 3.743719938008745141e-06 3.724711139958421123e-06
1.585510000000000019e+01 3.500395601353396553e-06 3.555353973381323316e-06 3.571664912584083664e-06
1.630699999999999861e+01 3.358595030589038453e-06 3.295789445360836881e-06 3.254205016166720324e-06
1.675890000000000057e+01 3.032143619883366522e-06 3.107736581436960520e-06 3.118786728139752634e-06
1.721079999999999899e+01 2.945185268238215004e-06 2.870846539803815685e-06 2.844307530696134898e-06
1.766280000000000072e+01 2.755250842666693587e-06 2.686085179022303776e-06 2.672411405576568763e-06
1.811469999999999914e+01 2.507857797640169146e-06 2.539558923805423693e-06 2.556724635104851369e-06
1.856660000000000110e+01 2.351018004374463635e-06 2.385830787652780413e-06 2.400607323295223094e-06
1.901849999999999952e+01 2.236279404114355291e-06 2.238229270587442440e-06 2.231791283695398589e-06
1.947040000000000148e+01 2.168880062617441268e-06 2.076122289982773554e-06 2.061175667366599026e-06
1.992229999999999990e+01 1.933919567174040878e-06 1.996750037439249275e-06 2.003522063495784957e-06
2.037430000000000163e+01 1.838124760246126658e-06 1.878876458662003327e-06 1.875418127672670874e-06
2.085219999999999985e+01 1.737614268655718040e-06 1.760044314351167057e-06 1.761665423225478521e-06
2.145479999999999876e+01 1.632538010871130677e-06 1.630531617669732347e-06 1.631448333622443487e-06
2.205750000000000099e+01 1.478150914676543126e-06 1.537338567518917494e-06 1.546510514026379525e-06
2.266009999999999991e+01 1.418969806745081565e-06 1.410968747605541044e-06 1.427661980488048151e-06
2.326269999999999882e+01 1.302051349265638227e-06 1.338691087937843512e-06 1.336863857399557018e-06
2.386540000000000106e+01 1.187404874436520286e-06 1.263481696130072226e-06 1.269756098985105342e-06
2.446799999999999997e+01 1.131477203794145358e-06 1.179629330014232258e-06 1.173127722929436990e-06
2.507069999999999865e+01 1.099756926012425830e-06 1.088483942226529667e-06 1.077626824938455293e-06
2.567330000000000112e+01 1.026624904531994467e-06 1.018973267473551151e-06 1.017361268717298304e-06
2.627590000000000003e+01 9.593872543648480152e-07 9.675252240631355810e-07 9.500569455079008679e-07
2.687859999999999872e+01 8.688023985995652449e-07 9.153122431950534687e-07 9.171070257155726324e-07
2.748120000000000118e+01 8.659909171378258448e-07 8.415803178383612169e-07 8.344657267917179780e-07
2.822250000000000014e+01 7.786106700111001587e-07 7.888258317768464949e-07 8.003316193092619104e-07
2.902609999999999957e+01 7.382707826845092256e-07 7.348344945588462058e-07 7.354303631162244694e-07
2.982979999999999876e+01 6.784459652973479693e-07 6.882833694515722810e-07 6.894721699827243157e-07
3.063340000000000174e+01 6.489451484412100648e-07 6.344869127007241860e-07 6.595761847911700742e-07
3.143700000000000117e+01 5.980816493311581903e-07 5.968473526470971501e-07 5.961455488785272716e-07
3.224069999999999681e+01 5.474240488902903186e-07 5.639434827445097577e-07 5.643273875219016491e-07
3.304429999999999978e+01 5.159675829750060176e-07 5.286456902341553181e-07 5.184632143872449981e-07
3.384790000000000276e+01 5.047298496750219188e-07 4.867491867015032103e-07 4.781557196082622177e-07
3.465160000000000196e+01 4.384259415928946169e-07 4.709005776438092457e-07 4.677668920499825814e-07
3.545519999999999783e+01 4.319365770216313811e-07 4.313065568233888856e-07 4.272799262529071451e-07
3.625880000000000081e+01 4.103935257202052610e-07 4.011037072262533120e-07 4.008335127770019087e-07
3.711789999999999878e+01 3.799723872301351562e-07 3.782243243219087537e-07 3.777009277636143120e-07
3.818959999999999866e+01 3.425920909804044361e-07 3.538250840843273648e-07 3.585893951644022254e-07
3.926129999999999853e+01 3.289201315014732124e-07 3.264879968033270435e-07 3.263888306109185864e-07
4.033290000000000219e+01 3.131391906129821632e-07 3.011905201900362814e-07 3.003714890144681537e-07
4.140460000000000207e+01 2.727831067381677488e-07 2.902285287952051514e-07 2.892078588414173760e-07
4.247630000000000194e+01 2.694124148685333933e-07 2.613451812615608989e-07 2.663013040450274388e-07
4.354789999999999850e+01 2.422218112548202398e-07 2.494776738376239570e-07 2.534684647373523377e-07
4.461959999999999837e+01 2.269591547927943212e-07 2.356837427917997801e-07 2.332105992196723146e-07
4.569129999999999825e+01 2.164297273440839494e-07 2.171779774013865304e-07 2.181006042886316862e-07
4.676290000000000191e+01 2.005425304372505705e-07 2.045596087517791764e-07 2.048203961891688848e-07
4.783460000000000178e+01 1.873751062983911878e-07 1.921482898419705727e-07 1.924278444023634645e-07
4.890630000000000166e+01 1.801377884616336908e-07 1.782335078976064702e-07 1.776177473391494028e-07
5.023669999999999902e+01 1.670977433929923701e-07 1.657774421400260123e-07 1.663956196872548965e-07
5.166579999999999728e+01 1.523887624504806152e-07 1.558317901342586608e-07 1.558256380568650198e-07
5.309490000000000265e+01 1.447130914530782075e-07 1.438553185665633470e-07 1.434468460286904332e-07
5.452400000000000091e+01 1.331601528735263955e-07 1.349620918333095315e-07 1.346313145463390937e-07
5.595309999999999917e+01 1.242619637368629479e-07 1.255556957451510781e-07 1.250662901385922020e-07
5.738219999999999743e+01 1.144416601935993037e-07 1.167348590572631702e-07 1.174825492625171749e-07
5.881130000000000280e+01 1.073555058640101242e-07 1.109353733144673048e-07 1.088672033389318693e-07
6.024040000000000106e+01 1.026908926188542437e-07 1.007149525656359597e-07 1.024469992434281771e-07
6.166949999999999932e+01 9.202000125980679264e-08 9.704288584232377219e-08 9.622520937764267153e-08
6.309859999999999758e+01 8.857397055702732210e-08 8.907717088020098938e-08 8.970998832011292491e-08
6.452760000000000673e+01 8.418522228352992625e-08 8.315117100627282110e-08 8.227116225884547465e-08
6.607179999999999609e+01 7.811017416399394156e-08 7.830761178526027096e-08 7.765245088738125974e-08
6.797750000000000625e+01 7.181730112009002223e-08 7.286032667815510155e-08 7.222105233828049974e-08
6.988320000000000221e+01 6.687416155718323133e-08 6.755746466336449652e-08 6.766023565770467609e-08
7.178889999999999816e+01 6.074071037143197561e-08 6.351631252005283647e-08 6.352723227311999501e-08
7.369469999999999743e+01 5.870072373806164745e-08 5.771547534360090710e-08 5.842210707039696416e-08
7.560039999999999338e+01 5.469161858180046332e-08 5.536348349723473300e-08 5.441207251532991602e-08
7.750610000000000355e+01 5.081353053297701607e-08 5.035360658974507710e-08 5.113650188564234978e-08
7.941179999999999950e+01 4.710992360900249623e-08 4.754864189804986659e-08 4.753742684635600339e-08
8.131749999999999545e+01 4.352557588383393706e-08 4.492998459179510720e-08 4.406441029137222180e-08
8.322329999999999472e+01 4.091011662563399085e-08 4.187981174708821226e-08 4.132384822943196093e-08
8.512900000000000489e+01 4.044879283878034525e-08 3.823485714943463980e-08 3.908416337593001388e-08
8.703470000000000084e+01 3.626376305713495994e-08 3.578590790516557986e-08 3.722387319650689795e-08
8.942260000000000275e+01 3.260371150460836647e-08 3.417631026803987766e-08 3.438489440219686526e-08
9.196389999999999532e+01 3.062253906868435745e-08 3.198310500115987892e-08 3.113437592579513617e-08
9.450520000000000209e+01 2.906066321190909775e-08 3.035054380025943867e-08 2.907650361770304831e-08
9.704659999999999798e+01 2.703979131945128171e-08 2.735802896053002673e-08 2.706711584620251785e-08
9.958790000000000475e+01 2.498268639622972274e-08 2.523477825743352832e-08 2.514724565910359894e-08
1.021290000000000049e+02 2.326737153044342635e-08 2.375836588239283455e-08 2.380071822731285731e-08
1.046710000000000065e+02 2.180220490280960473e-08 2.207066899601839915e-08 2.197087501103111044e-08
1.072120000000000033e+02 2.050156622403308873e-08 2.094002173395900623e-08 2.016186617982920657e-08
1.097530000000000001e+02 1.914115138478477141e-08 1.943398695409475132e-08 1.882564135997531176e-08
1.122939999999999969e+02 1.782222253160705312e-08 1.782333546763528096e-08 1.874175239195639033e-08
1.148359999999999985e+02 1.684726967856689356e-08 1.663963170148783207e-08 1.649194499850296063e-08
1.176110000000000042e+02 1.564791264746331997e-08 1.585718740826656957e-08 1.552234329967886553e-08
1.210000000000000000e+02 1.449609251362789417e-08 1.361305754857534536e-08 1.524997300779677175e-08
1.243889999999999958e+02 1.349679243077357553e-08 1.338223031084376801e-08 1.331636534479155115e-08
1.277780000000000058e+02 1.237707161584437191e-08 1.235037531044450877e-08 1.258340236033694785e-08
1.311670000000000016e+02 1.159405791789166656e-08 1.201666418377046641e-08 1.107012557478655839e-08
1.345550000000000068e+02 1.061876644173776087e-08 1.120592602503311490e-08 1.041295813322912755e-08
1.379439999999999884e+02 9.709000458302278232e-09 1.052926495016657145e-08 9.784720741531153588e-09
1.413329999999999984e+02 9.114550305143374118e-09 9.419170692328321338e-09 8.993741673791746504e-09
1.447220000000000084e+02 8.687969884135971324e-09 8.778411731368210643e-09 8.550929888084862732e-09
1.481109999999999900e+02 8.075491122366044493e-09 7.785987899442093629e-09 8.461883059767464358e-09
1.515000000000000000e+02 7.551029503294942010e-09 7.673878578371954138e-09 7.499453438333108446e-09
1.548890000000000100e+02 7.103020095280472805e-09 6.911247220696657008e-09 7.215119909022871820e-09
1.591740000000000066e+02 6.528214614303269206e-09 6.582740503946018905e-09 6.557877916750714965e-09
1.636930000000000121e+02 5.959169532192926511e-09 6.112840914367972179e-09 6.132685123439105575e-09
1.682129999999999939e+02 5.455524782410869583e-09 5.742770586715328191e-09 5.664932600873803615e-09
1.727319999999999993e+02 5.040484767746584960e-09 5.185129455123546470e-09 5.423640487129871054e-09
1.772510000000000048e+02 4.800509175564019456e-09 4.854867989272955957e-09 4.874964970163026441e-09
1.817700000000000102e+02 4.429658576762221177e-09 4.598635552964693879e-09 4.476313030273087762e-09
1.862889999999999873e+02 4.161524192194538464e-09 4.150620571993615849e-09 4.249824465811847216e-09
1.908079999999999927e+02 3.878499777435101568e-09 3.919277780187272626e-09 3.892540080144079794e-09
1.953280000000000030e+02 3.618248883661851608e-09 3.659450488244216634e-09 3.614912193093933336e-09
1.998470000000000084e+02 3.383865343321312287e-09 3.320941139032261572e-09 3.447545277646427362e-09
2.043660000000000139e+02 3.126689431604144981e-09 3.202549232155866719e-09 3.135647146239989670e-09
2.093530000000000086e+02 2.955693126599789141e-09 2.884639903509159942e-09 2.963998168391052249e-09
2.153789999999999907e+02 2.697200612445943065e-09 2.833820038206771501e-09 2.602739046347286796e-09
2.214060000000000059e+02 2.485094787106020309e-09 2.468548629804070297e-09 2.569886044589910906e-09
2.274319999999999879e+02 2.289553623937594177e-09 2.333484580254708166e-09 2.344000521939564014e-09
2.334590000000000032e+02 2.112344762703932938e-09 2.155489936418852346e-09 2.190384942877215538e-09
2.394850000000000136e+02 1.931162102360614263e-09 1.974708902569395614e-09 2.084068097569990723e-09
2.455109999999999957e+02 1.808187202907796356e-09 1.816679496540321040e-09 1.939206011051883581e-09
2.515380000000000109e+02 1.651559368803425463e-09 1.718420534254806378e-09 1.800304750441769394e-09
2.575640000000000214e+02 1.547177096239422212e-09 1.677080994229589361e-09 1.583486341030989344e-09
2.635910000000000082e+02 1.433567206373909673e-09 1.562580274132240057e-09 1.475705308493850576e-09
2.696170000000000186e+02 1.384451020248526938e-09 1.394225118190417328e-09 1.385139428561056438e-09
2.756440000000000055e+02 1.301982392602950220e-09 1.289844213065105251e-09 1.286034425131945149e-09
2.833330000000000268e+02 1.165233893452582473e-09 1.219620748542552226e-09 1.197825366754866068e-09
2.913700000000000045e+02 1.076349939214679743e-09 1.114418411446619068e-09 1.117513471338701814e-09
2.994060000000000059e+02 1.013042299138151998e-09 1.021756013728004592e-09 1.022067860433844183e-09
3.074420000000000073e+02 9.002445243991493211e-10 9.277369757929841502e-10 1.001740061507866872e-09
3.154789999999999850e+02 8.616884523519495928e-10 8.908241161988655969e-10 8.718391490280104592e-10
3.235149999999999864e+02 8.005856131401958877e-10 8.111537747704753710e-10 8.175849166393291394e-10
3.315509999999999877e+02 7.177475070195551363e-10 7.579358157372494748e-10 7.771218008431958172e-10
3.395880000000000223e+02 6.956407747296204323e-10 7.016393275832256620e-10 6.947423697871542610e-10
3.476240000000000236e+02 6.384282817245478377e-10 6.543407542760069526e-10 6.411264616927529380e-10
3.556610000000000014e+02 5.751939110771557325e-10 6.151278066996257558e-10 6.152204761232187494e-10
3.636970000000000027e+02 5.522025101964855148e-10 5.600335131427928118e-10 5.656860346874303206e-10
3.726580000000000155e+02 5.163998562724332944e-10 5.199455753811629489e-10 5.194804250964039507e-10
3.833740000000000236e+02 4.559913763889138153e-10 4.892144013122017549e-10 4.891504100938846663e-10
3.940910000000000082e+02 4.340522879407256257e-10 4.435992436028012613e-10 4.462321272764733453e-10
4.048079999999999927e+02 4.067992152768364124e-10 4.087274988975459045e-10 4.076598380706179997e-10
4.155240000000000009e+02 3.548756028959109472e-10 3.880891275223863424e-10 3.876618758917029351e-10
4.262409999999999854e+02 3.321135024755731431e-10 3.523639109145489867e-10 3.623868802398781226e-10
4.369569999999999936e+02 3.244626282137660901e-10 3.212412980440425403e-10 3.237481235671916219e-10
4.476739999999999782e+02 2.888751695520818329e-10 3.055651855050360184e-10 3.039301900828822799e-10
4.583910000000000196e+02 2.503156024288152397e-10 2.965411486101988931e-10 2.912137523363438536e-10
4.691070000000000277e+02 2.401496926989929976e-10 2.634393222998578639e-10 2.691098476211492936e-10
4.798240000000000123e+02 2.405470805547669599e-10 2.353912918608918961e-10 2.410237337398413144e-10
4.905409999999999968e+02 2.215863218333763470e-10 2.267954638641588490e-10 2.171791775994649015e-10
5.043389999999999986e+02 1.840001429858033024e-10 2.151970975600862306e-10 2.141064296086105155e-10
5.186299999999999955e+02 1.651472014554142895e-10 1.977703450787521095e-10 2.018997023073336490e-10
5.329199999999999591e+02 1.712226458652838082e-10 1.725274604049211223e-10 1.774926376717951121e-10
5.472110000000000127e+02 1.644691360425247032e-10 1.572730297437589055e-10 1.594547345357164751e-10
5.615019999999999527e+02 1.408484928903835886e-10 1.592745933887200273e-10 1.444857130878964546e-10
5.757930000000000064e+02 1.195660043848903968e-10 1.374773738068202617e-10 1.540826683722893995e-10
5.900839999999999463e+02 1.121574348442847000e-10 1.311293676801908182e-10 1.369572316992844494e-10
6.043750000000000000e+02 1.153032400169080901e-10 1.109220267999660180e-10 1.259294221972259279e-10
6.186660000000000537e+02 1.139292530750081850e-10 1.053746973816543726e-10 1.068483530411874913e-10
6.329569999999999936e+02 9.858424293014862705e-11 1.016417579163918578e-10 1.018461872762595500e-10
6.472480000000000473e+02 8.420869652463292775e-11 9.928518851273116113e-11 9.657748861823595460e-11
6.633460000000000036e+02 7.506442401664666574e-11 9.136685295104919891e-11 9.235863811850418909e-11
6.824039999999999964e+02 7.472220037276837923e-11 8.055520259468782731e-11 8.285282460269384189e-11
7.014610000000000127e+02 7.439590931602492821e-11 7.178830196210599716e-11 7.305550872984198780e-11
7.205180000000000291e+02 6.796690765673831898e-11 6.717941798095399290e-11 6.799036359736994608e-11
7.395750000000000455e+02 5.784146513508368298e-11 6.469001908911671979e-11 6.402530603052463397e-11
7.586319999999999482e+02 4.951802253296545417e-11 6.128199550390394254e-11 6.156424567450064247e-11
7.776900000000000546e+02 4.559680345551141811e-11 5.648291438743267465e-11 5.718624344865438359e-11
7.967469999999999573e+02 4.476560007675146271e-11 5.059693893698345083e-11 5.188521044948009827e-11
8.158039999999999736e+02 4.544130259923667642e-11 4.454456819523027228e-11 4.652135866958837889e-11
8.348609999999999900e+02 4.366018820537507753e-11 4.044349590067814264e-11 4.191575788161180680e-11
8.539180000000000064e+02 4.005133367105899011e-11 3.827996782796219119e-11 3.829217945775884489e-11
8.729759999999999991e+02 3.473109895739544250e-11 3.693762040732459396e-11 3.630175422888497704e-11
8.977309999999999945e+02 2.843899324034647876e-11 3.554451208661016042e-11 3.523799547460838139e-11
9.231449999999999818e+02 2.396268264922525786e-11 3.418929014946788306e-11 3.318829950785536711e-11
9.485579999999999927e+02 2.293621990392585990e-11 3.054167782642352001e-11 3.058581341987292501e-11
9.739710000000000036e+02 2.350698309019992422e-11 2.655114648853272490e-11 2.744729122618936513e-11
9.993840000000000146e+02 2.419273910219043611e-11 2.301230453724568336e-11 2.427656661158189322e-11
1.024799999999999955e+03 2.352719743622817739e-11 2.090715942217919094e-11 2.150011216922164360e-11
1.050210000000000036e+03 2.132108493494141110e-11 1.966839762046293042e-11 1.992822499728042294e-11
1.075619999999999891e+03 1.808175436016162974e-11 1.931666587147447501e-11 1.887071259670895809e-11
1.101039999999999964e+03 1.466259902490477203e-11 1.920114527687532682e-11 1.807188662086408535e-11
1.126450000000000045e+03 1.205762516375878171e-11 1.840279408844418317e-11 1.758027104408249406e-11
1.151859999999999900e+03 1.049482445498149051e-11 1.685265747023874391e-11 1.708430826311670448e-11
1.180779999999999973e+03 9.954431067034038896e-12 1.521807949309054402e-11 1.578321606486330430e-11
1.214670000000000073e+03 1.049312383964403904e-11 1.332571856923682454e-11 1.380911459209776240e-11
1.248559999999999945e+03 1.109703480114115378e-11 1.132691726136877558e-11 1.218295936311917423e-11
1.282450000000000045e+03 1.109665849007484808e-11 1.000762282336463620e-11 1.073171438390648612e-11
1.316339999999999918e+03 1.038037696000450242e-11 9.355620939395395325e-12 9.611675972559638059e-12
1.350230000000000018e+03 9.070572239841276836e-12 8.819657223389531064e-12 9.160705559838902124e-12
1.384119999999999891e+03 7.710054314002649833e-12 8.847521881760571905e-12 8.393147105378503209e-12
1.418009999999999991e+03 6.017471836071457927e-12 8.654129948567631729e-12 8.340235527600460213e-12
1.451900000000000091e+03 5.166169844307275071e-12 8.470975283430299280e-12 7.620458311056737306e-12
1.485789999999999964e+03 4.081026079487899701e-12 7.299618542984911770e-12 8.246334510026011680e-12
1.519670000000000073e+03 3.593703808435396942e-12 6.897082665482993278e-12 7.636044045921438729e-12
1.553559999999999945e+03 3.535712246132215510e-12 6.404170155311403706e-12 6.791635111799589596e-12
1.597980000000000018e+03 3.684284080848979630e-12 5.478012502974397523e-12 6.210534333117840132e-12
1.643170000000000073e+03 4.004206813051200099e-12 4.943212397733539732e-12 5.172922814364714853e-12
1.688359999999999900e+03 4.089897856005385109e-12 4.327632389994910795e-12 4.565288190607566899e-12
1.733549999999999955e+03 4.088125108050624844e-12 3.684638930593422489e-12 4.174882125472493899e-12
1.778740000000000009e+03 3.926707239535382059e-12 3.421191341482878941e-12 3.655433047089132491e-12
1.823930000000000064e+03 3.611723041447494926e-12 3.269678933479195859e-12 3.251631067374801690e-12
1.869130000000000109e+03 3.213609925681534658e-12 3.256682691830026509e-12 2.878060601568944224e-12
1.914319999999999936e+03 2.750448494940027344e-12 3.268048252056130880e-12 2.603524901005442678e-12
1.959509999999999991e+03 2.289979759556053867e-12 2.784719434705222021e-12 2.880447102164739591e-12
2.004700000000000045e+03 1.983431315361020750e-12 2.405186094385833037e-12 2.948451671608369031e-12
2.049889999999999873e+03 1.603111889103511126e-12 3.094072734283321918e-12 2.077457576519417017e-12
2.101840000000000146e+03 1.232867298362798565e-12 2.634926898155719832e-12 2.366511335874947288e-12
2.162110000000000127e+03 9.974913130879573682e-13 2.337267419953808830e-12 2.386984444256212657e-12
2.222369999999999891e+03 8.982354577363652248e-13 1.839503913074433945e-12 2.519079589720410420e-12
2.282630000000000109e+03 9.189747960428065370e-13 1.788983602865762562e-12 2.121609490350272935e-12
2.342900000000000091e+03 8.175260026804793448e-13 2.048929988504639356e-12 1.581108506170729259e-12
2.403159999999999854e+03 7.969533715747445242e-13 1.399536566689880583e-12 1.898618667203516860e-12
2.463429999999999836e+03 8.476135066889610470e-13 1.553983572155491726e-12 1.371372273216257249e-12
2.523690000000000055e+03 8.412240873190981253e-13 1.141869947194368790e-12 1.492274644645589940e-12
2.583960000000000036e+03 8.373125653658137395e-13 1.165091455040727243e-12 1.204465203132917562e-12
2.644219999999999800e+03 8.664619372996717728e-13 1.012686599517541108e-12 1.078233289884013912e-12
2.704480000000000018e+03 8.496609958789462108e-13 8.670038741672490012e-13 1.009538618097136158e-12
2.764750000000000000e+03 8.279144853736953988e-13 7.914867314253352533e-13 8.975722217214984737e-13
2.844420000000000073e+03 8.062238602766545126e-13 7.042401123282167410e-13 7.975691803094490290e-13
2.924780000000000200e+03 7.732801687967216786e-13 6.570290861412433149e-13 6.880989083258917796e-13
3.005150000000000091e+03 7.258187000721114166e-13 5.814157261129214476e-13 6.391098861146316352e-13
3.085510000000000218e+03 6.644724505579528068e-13 5.403848872719706397e-13 5.850099869908676482e-13
3.165869999999999891e+03 6.093107166265778566e-13 5.187220895887607263e-13 5.176565787161079724e-13
3.246239999999999782e+03 5.527199367615821234e-13 4.887118022167926193e-13 4.753808001101696102e-13
3.326599999999999909e+03 4.916090496049782620e-13 4.581463857175421592e-13 4.474288513830096693e-13
3.406960000000000036e+03 4.320014446907187271e-13 4.323366730029565401e-13 4.233052580865950399e-13
3.487329999999999927e+03 3.767423906850538324e-13 4.085710150004970406e-13 4.008877506892068813e-13
3.567690000000000055e+03 3.281765310765369722e-13 3.857274986877125762e-13 3.807308131260943878e-13
3.648050000000000182e+03 2.863691762547496339e-13 3.646759379528825411e-13 3.582738505250140674e-13
3.741360000000000127e+03 2.421982977819921763e-13 3.445806901786647482e-13 3.412394389423300009e-13
3.848519999999999982e+03 1.963694082293828343e-13 3.255935178024126477e-13 3.293218472151083650e-13
3.955690000000000055e+03 1.602870465792177303e-13 3.074271844881123282e-13 3.130483081763560685e-13
4.062860000000000127e+03 1.329926431834778453e-13 2.884061225039313729e-13 2.969372816061175516e-13
4.170020000000000437e+03 1.131887118957466924e-13 2.697550965801230369e-13 2.776378476834422105e-13
4.277189999999999600e+03 1.004089783008137849e-13 2.562725121896580445e-13 2.512824413401584370e-13
4.384359999999999673e+03 9.061286369968592320e-14 2.475661047569390935e-13 2.217169520972735237e-13
4.491520000000000437e+03 7.660593785042078997e-14 2.322409102207820767e-13 2.065219665525044450e-13
4.598689999999999600e+03 5.983940775585867571e-14 2.053094627223804227e-13 2.102227471820729121e-13
4.705859999999999673e+03 5.391558249038275916e-14 1.867022921769677477e-13 1.975702599844741460e-13
4.813020000000000437e+03 5.624873786662410622e-14 1.806240633449178552e-13 1.668131516341843835e-13
4.920189999999999600e+03 4.787073999173745326e-14 1.595596705805016113e-13 1.651437075559090292e-13
5.063100000000000364e+03 4.320925965716628267e-14 1.409521765266574063e-13 1.572894769911689142e-13
5.206010000000000218e+03 4.257875415877295244e-14 1.302650137763050843e-13 1.404497607252501811e-13
5.348920000000000073e+03 4.492736907942175663e-14 1.222915962476978484e-13 1.205458018784931177e-13
5.491819999999999709e+03 4.447229667842466556e-14 1.060363157058312717e-13 1.140500072573789679e-13
5.634729999999999563e+03 4.187177461511186595e-14 9.350313307155211057e-14 1.077288135011101619e-13
5.777640000000000327e+03 4.271654918827220966e-14 8.884186219632120946e-14 9.247839155394426827e-14
5.920550000000000182e+03 4.254710306802274707e-14 7.617671688717447654e-14 8.760414534761781073e-14
6.063460000000000036e+03 4.119747948472119677e-14 7.051886996313808278e-14 7.840373818750647675e-14
6.206369999999999891e+03 4.107331408210404200e-14 6.252791031498973333e-14 7.146688154477822548e-14
6.349279999999999745e+03 3.989533696027868809e-14 5.711370926680963691e-14 6.453859422464784166e-14
6.492189999999999600e+03 3.897696976512323941e-14 5.039052270952277320e-14 5.958361400118342029e-14
6.659750000000000000e+03 3.810072199953787189e-14 4.696082164543054986e-14 5.184484171959701420e-14
6.850319999999999709e+03 3.694841515498098713e-14 3.903008090447280977e-14 4.937237857049314660e-14
7.040890000000000327e+03 3.589878451405466609e-14 3.828756112049301033e-14 4.106783090191253137e-14
7.231470000000000255e+03 3.464215599928426450e-14 3.128390763647884400e-14 3.994701244318596091e-14
7.422039999999999964e+03 3.307459439174951609e-14 3.094806524355552673e-14 3.332553518365346181e-14
7.612609999999999673e+03 3.168885183440084856e-14 2.490044565718311512e-14 3.299464264327039995e-14
7.803180000000000291e+03 2.994196516999781108e-14 2.674922521056217884e-14 2.569322109137387505e-14
7.993750000000000000e+03 2.855895945626728199e-14 1.811742050078733680e-14 2.932018974860737702e-14
8.184329999999999927e+03 2.667943628551727126e-14 2.473047431870210502e-14 1.861606657351447021e-14
8.374899999999999636e+03 2.549506892282207390e-14 1.379922120424517923e-14 2.525818381614065250e-14
8.565469999999999345e+03 2.344219474837876772e-14 1.869482697251678880e-14 1.731804804637982442e-14
8.758229999999999563e+03 2.227497950951175565e-14 1.708094186837286778e-14 1.551719702575651320e-14
9.012370000000000800e+03 2.056554238038941848e-14 1.127044075387821853e-14 1.844496406356949533e-14
9.266500000000000000e+03 1.912457357603519615e-14 1.680547474877581611e-14 1.019924437762408077e-14
9.520629999999999200e+03 1.795797654770422525e-14 6.497496585066619495e-15 1.791189488095453033e-14
9.774760000000000218e+03 1.595483461747664983e-14 1.569030135371849618e-14 7.236781834098649591e-15
1.002889999999999964e+04 1.561771497142832123e-14 7.767970107265767737e-15 1.244320114784158636e-14
1.028300000000000000e+04 1.370448028674482438e-14 7.040707340860908816e-15 1.222820252648356941e-14
1.053720000000000073e+04 1.260244565793187127e-14 1.354678095512185005e-14 4.219699914953068625e-15
1.079129999999999927e+04 1.231780853195180591e-14 4.920488420193993418e-15 1.070753914463058728e-14
1.104539999999999964e+04 1.059642259964256934e-14 5.022718628773891586e-15 1.018167708981341541e-14
1.129960000000000036e+04 9.571516260283133675e-15 1.138443157191680262e-14 2.828693573874800721e-15
1.155370000000000073e+04 9.580346583320236060e-15 6.275500147276923434e-15 6.082084894814071326e-15
1.185460000000000036e+04 8.337058222145056526e-15 2.150917828484722298e-15 9.674350873809285216e-15
1.219350000000000000e+04 7.074161131370327469e-15 9.136140213410039160e-15 2.234800443724299371e-15
1.253239999999999964e+04 7.284815232268222000e-15 5.165269560576937856e-15 4.512015086255383382e-15
1.287129999999999927e+04 6.257599194450819399e-15 1.258319574249592890e-15 8.064553797187369858e-15
1.321010000000000036e+04 5.123039184792685645e-15 6.591744984946591740e-15 2.611581970548933365e-15
1.354900000000000000e+04 5.259775043730184555e-15 6.495955069752167563e-15 1.428843028654406633e-15
1.388789999999999964e+04 5.034205887952920310e-15 1.306974247641637254e-15 5.778414223554992188e-15
1.422679999999999927e+04 3.980799823455327863e-15 1.772390981751808635e-15 5.429949935102549375e-15
1.456570000000000073e+04 3.403309317281212782e-15 5.600507864700586614e-15 1.302138671110110444e-15
1.490460000000000036e+04 3.571044051214915020e-15 5.167385367220931959e-15 7.488811005928878901e-16
1.524350000000000000e+04 3.527353632861733108e-15 1.577297696031909969e-15 3.659734709766702227e-15
1.559020000000000073e+04 2.867981461517052339e-15 4.278068094506658877e-16 4.782359819722924346e-15
1.604210000000000036e+04 2.172662544640908566e-15 3.509586689078171170e-15 1.716938276301893996e-15
1.649400000000000000e+04 2.292763050766410761e-15 4.318499512865427146e-15 1.747145606174380783e-16
1.694590000000000146e+04 2.379371688500662110e-15 1.476183562325543221e-15 2.374943143918943948e-15
1.739779999999999927e+04 1.889056723514528147e-15 1.946911792515236937e-16 3.628151676902955053e-15
1.784979999999999927e+04 1.376626165714785237e-15 1.888338878905306042e-15 1.997969233562184783e-15
1.830170000000000073e+04 1.311910332253002121e-15 3.359715555811941500e-15 1.704142080456507730e-16
1.875359999999999854e+04 1.482176695221794712e-15 2.593017429483845299e-15 3.830372916833044359e-16
1.920550000000000000e+04 1.458095503437351338e-15 8.256906952858400862e-16 1.815448464464800698e-15
1.965740000000000146e+04 1.165162966969832463e-15 7.156716954294756396e-17 2.547679948859052747e-15
2.010929999999999927e+04 8.317094002044685747e-16 7.563716421424048179e-16 1.899979651249726684e-15
2.056129999999999927e+04 6.817780428164165112e-16 1.847211675515206623e-15 6.879368047922378767e-16
2.110150000000000000e+04 7.519506721399106332e-16 2.229792309522034570e-15 -3.711740241469061469e-17
2.170420000000000073e+04 8.688261045130664066e-16 1.289065032226366997e-15 5.466411407420241978e-16
2.230679999999999927e+04 7.808857917039244908e-16 2.234631606022063170e-16 1.474667759975174910e-15
2.290950000000000000e+04 5.503977680904912180e-16 1.134461486542711155e-16 1.611081615464032879e-15
2.351209999999999854e+04 3.705278104150784211e-16 7.661357806269813538e-16 9.530947253165247279e-16
2.411470000000000073e+04 3.371319095366458518e-16 1.364372578915627116e-15 2.149103055335243744e-16
2.471740000000000146e+04 4.037276200553234952e-16 1.399850074056036068e-15 -3.651361543628053742e-17
2.532000000000000000e+04 4.625743329061370987e-16 9.337806673088487847e-16 2.291784649151815659e-16
2.592270000000000073e+04 4.487383968186639554e-16 3.668463468198346633e-16 6.807451150496617126e-16
2.652529999999999927e+04 3.641475947607415935e-16 4.216659556159502691e-17 9.688406050039794787e-16
2.712800000000000000e+04 2.564498277636424298e-16 6.082398757506104420e-17 9.518951981346054888e-16
2.775140000000000146e+04 1.691555095277457482e-16 3.212263298543903931e-16 6.776937360141463580e-16
2.855500000000000000e+04 1.329374448930219447e-16 6.951682254713715451e-16 2.404313512129928559e-16
2.935870000000000073e+04 1.622185714729712263e-16 8.242620688457195235e-16 -7.803459907254817063e-18
3.016229999999999927e+04 2.050984282070500211e-16 6.625051689790493862e-16 2.675197022530621172e-17
3.096590000000000146e+04 2.215586980635481622e-16 3.678999201514801645e-16 2.335366647299770077e-16
3.176959999999999854e+04 1.982728669708256378e-16 1.150414112353309185e-16 4.419519867446091317e-16
3.257320000000000073e+04 1.496288979634694183e-16 6.771371506292093332e-18 5.374114495343221204e-16
3.337680000000000291e+04 9.751920267170673162e-17 4.384966291200592768e-17 4.946743531171414808e-16
3.418050000000000000e+04 6.004651291515616688e-17 1.652828766621914049e-16 3.612442477085919843e-16
3.498409999999999854e+04 4.322808722683991513e-17 2.956642020959336990e-16 2.003526125736269664e-16
3.578780000000000291e+04 4.480285820884487525e-17 3.810977832503691522e-16 7.018681793139513723e-17
3.659140000000000146e+04 5.684636330934841521e-17 3.984713244820365944e-16 -2.576537428314493839e-19
3.756140000000000146e+04 7.506782782462573053e-17 3.476849536424523809e-16 -4.495611212010619389e-18
3.863309999999999854e+04 8.720368657653013165e-17 2.347923378994343830e-16 6.022156045372038581e-17
3.970469999999999709e+04 8.556181448129486314e-17 1.172979864016755392e-16 1.468339530135139267e-16
4.077640000000000146e+04 7.223762642777313284e-17 3.510140157173711747e-17 2.129671666078117561e-16
4.184800000000000000e+04 5.307610663629546887e-17 2.258357332748026038e-18 2.383222919512383546e-16
4.291969999999999709e+04 3.398732817405001420e-17 1.222346959173149933e-17 2.222529379926193049e-16
4.399140000000000146e+04 1.946936052905221315e-17 4.813669303835233964e-17 1.794646529853089169e-16
4.506300000000000000e+04 1.093484760026725525e-17 9.151931571874885228e-17 1.243084940724370022e-16
4.613469999999999709e+04 8.199261770166716510e-18 1.283022728012518979e-16 7.174363268552597904e-17
4.720640000000000146e+04 9.742167077974105287e-18 1.500997531027523067e-16 3.088208394550187875e-17
4.827800000000000000e+04 1.372909532776433803e-17 1.559600799643694302e-16 5.885114205514906314e-18
4.939900000000000000e+04 1.860345567159046089e-17 1.465235977828200261e-16 -4.018999159607781464e-18
5.082809999999999854e+04 2.409121674433440795e-17 1.210255277982839455e-16 1.935769221759671804e-18
5.225719999999999709e+04 2.684093998891837700e-17 8.684501381309227586e-17 2.008182907678143448e-17
5.368630000000000291e+04 2.683881091462483064e-17 5.414159226263174119e-17 4.185817799081975099e-17
5.511540000000000146e+04 2.422964314460525581e-17 2.759328931638567313e-17 6.047335146333494572e-17
5.654450000000000000e+04 2.007546609917353652e-17 1.015244830421405581e-17 7.253621167404612326e-17
5.797350000000000000e+04 1.531453592460300487e-17 1.731818624359060010e-18 7.706732834201048363e-17
5.940259999999999854e+04 1.067161047898615813e-17 6.981375894415643846e-19 7.455370900484078459e-17
6.083169999999999709e+04 6.768950170961824932e-18 4.769221316792729626e-18 6.746345168818017110e-17
6.226080000000000291e+04 3.755281386002037359e-18 1.162202690353539468e-17 5.698856051290924078e-17
6.368990000000000146e+04 1.719938232467150381e-18 1.925273263001639932e-17 4.512929870627090948e-17
6.511900000000000000e+04 5.902070621271397377e-19 2.643569847265247600e-17 3.377407428969381241e-17
6.686039999999999418e+04 1.855144988888453054e-19 3.353603728136468285e-17 2.172451857896396556e-17
6.876610000000000582e+04 5.853851320044136733e-19 3.846434793932477965e-17 1.146108939601952257e-17
7.067180000000000291e+04 1.475748557170996578e-18 4.012315413411841805e-17 4.465102978301962018e-18
7.257750000000000000e+04 2.531216051098880318e-18 3.896574184137194813e-17 5.501127288053853630e-19
7.448319999999999709e+04 3.503938338043356335e-18 3.555335260460250610e-17 -8.303614479422049362e-19
7.638900000000000000e+04 4.300275129019684808e-18 3.114712011503702734e-17 -3.758855558010734832e-19
7.829469999999999709e+04 4.807301449893312392e-18 2.596472098999102756e-17 1.245284789311979144e-18
8.020039999999999418e+04 5.038497699538852565e-18 2.075927145710239822e-17 3.446731629731209543e-18
8.210610000000000582e+04 5.002198022183144270e-18 1.585369098995269196e-17 5.758535942435523951e-18
8.401180000000000291e+04 4.800640457216990048e-18 1.166433971132752766e-17 7.931554686704505333e-18
8.591760000000000582e+04 4.429011834273908170e-18 8.126384484863850798e-18 9.702871365914903997e-18
8.793289999999999418e+04 3.954067846720247610e-18 5.220345242724292466e-18 1.112082690046236692e-17
9.047419999999999709e+04 3.348344477499822654e-18 2.680657991783741353e-18 1.239311705925045987e-17
9.301550000000000000e+04 2.694453726851233070e-18 1.093425769101802131e-18 1.283682544190110771e-17
9.555680000000000291e+04 2.095637121188357788e-18 2.921516395404073662e-19 1.277677875167589228e-17
9.809810000000000582e+04 1.543858108326723108e-18 5.935434185031318044e-20 1.214372854147344101e-17
1.006390000000000000e+05 1.077780151552571033e-18 2.165891345944687408e-19 1.119973284718112730e-17
