1.017789999999999928e+01 8.713301274628260681e-06 8.695387707728693323e-06 8.614774681821544072e-06
1.043200000000000038e+01 8.123793380915377666e-06 8.282001574243673232e-06 8.219585927352169539e-06
1.068609999999999971e+01 7.725339265144487717e-06 7.784792477705965660e-06 7.800269709062365139e-06
1.094030000000000058e+01 7.395582752745123109e-06 7.354735315152446831e-06 7.336323779481409833e-06
1.119439999999999991e+01 6.866682401327931184e-06 7.057015097975936506e-06 7.032165388380466450e-06
1.144849999999999923e+01 6.592556623249523286e-06 6.647323496179274071e-06 6.642320404711869173e-06
1.171439999999999948e+01 6.317619827961768969e-06 6.245476115932997084e-06 6.267809582839406024e-06
1.205320000000000036e+01 6.040033671173559212e-06 5.797466694943922998e-06 5.771723649377458916e-06
1.239209999999999923e+01 5.680796889589401032e-06 5.414168651859760965e-06 5.397103287724308170e-06
1.273099999999999987e+01 5.460445001800975882e-06 5.011925279678530288e-06 4.996935344072123857e-06
1.306990000000000052e+01 4.978704394934716029e-06 4.773819943349889788e-06 4.758162797559238330e-06
1.340879999999999939e+01 4.477901700163213682e-06 4.575858397000842224e-06 4.597791466136281258e-06
1.374770000000000003e+01 4.436065370237890187e-06 4.211268874781701489e-06 4.196086402987283769e-06
1.408660000000000068e+01 4.092918852477311122e-06 4.004254449266123536e-06 4.011793429641985809e-06
1.442549999999999955e+01 3.799875551169613018e-06 3.809462722605309432e-06 3.812702774739058315e-06
1.476440000000000019e+01 3.724658330122882807e-06 3.551196261755887833e-06 3.510535952446991642e-06
1.510330000000000084e+01 3.354443411497588285e-06 3.414468725961701762e-06 3.424002296098271517e-06
1.544209999999999994e+01 3.135010523873985751e-06 3.245616254162671181e-06 3.260380021977547171e-06
1.585510000000000019e+01 2.996541298071631155e-06 3.018721580010024564e-06 3.014428165319081429e-06
1.630699999999999861e+01 2.674211076527095158e-06 2.859049859077165323e-06 2.898931339536479506e-06
1.675890000000000057e+01 2.579063395921571735e-06 2.644974298080521308e-06 2.654279221392375362e-06
1.721079999999999899e+01 2.436975066736887427e-06 2.463123619636631229e-06 2.471383065033796237e-06
1.766280000000000072e+01 2.174465910690105167e-06 2.350888297040112958e-06 2.381228171891095579e-06
1.811469999999999914e+01 2.116392810397212014e-06 2.184236759405504131e-06 2.177322721489841312e-06
1.856660000000000110e+01 2.003031193171040195e-06 2.037531836078482947e-06 2.040866600075744001e-06
1.901849999999999952e+01 1.887024656022563867e-06 1.905911191755142873e-06 1.920539979955445059e-06
1.947040000000000148e+01 1.746118638044522967e-06 1.807489331442140613e-06 1.822543198532861142e-06
1.992229999999999990e+01 1.627290885627695608e-06 1.710043185819751701e-06 1.725094397881281784e-06
2.037430000000000163e+01 1.544045726250634739e-06 1.606479479505418193e-06 1.620502784144207703e-06
2.085219999999999985e+01 1.477385907342183786e-06 1.503641444709886117e-06 1.506873194261679274e-06
2.145479999999999876e+01 1.338374035080654172e-06 1.418228250428422931e-06 1.417715047542947323e-06
2.205750000000000099e+01 1.262435469893965133e-06 1.311607265277313990e-06 1.320196931373875116e-06
2.266009999999999991e+01 1.171775516101487744e-06 1.223170322972685749e-06 1.233483543715197820e-06
2.326269999999999882e+01 1.127647696491470138e-06 1.132093303530261986e-06 1.136351407604867978e-06
2.386540000000000106e+01 1.019412180947609707e-06 1.078799336649283866e-06 1.078986317246557510e-06
2.446799999999999997e+01 9.670032715919768451e-07 9.979092240895068295e-07 1.010858226064274776e-06
2.507069999999999865e+01 9.123904649367284111e-07 9.352139831628528478e-07 9.413402356636962022e-07
2.567330000000000112e+01 8.677873904447298568e-07 8.726549620676615435e-07 8.758815418372226218e-07
2.627590000000000003e+01 8.126947577924721713e-07 8.208521361562329649e-07 8.248144220857327959e-07
2.687859999999999872e+01 7.356903633013462501e-07 7.869565533247243643e-07 7.880887812609151420e-07
2.748120000000000118e+01 6.981506964236892931e-07 7.301284591841933584e-07 7.441759272089980006e-07
2.822250000000000014e+01 6.630763613940736749e-07 6.810538133292537652e-07 6.794922475827988522e-07
2.902609999999999957e+01 6.266554547715812123e-07 6.311395478416142360e-07 6.302135087666827630e-07
2.982979999999999876e+01 5.536242047967458787e-07 5.982611862205291298e-07 6.057276575125479306e-07
3.063340000000000174e+01 5.205878985170876507e-07 5.486491836060953059e-07 5.674667919180604629e-07
3.143700000000000117e+01 4.985034070226709902e-07 5.151043285259561916e-07 5.176372599772342774e-07
3.224069999999999681e+01 4.816611059355125511e-07 4.767015179228331027e-07 4.745067766039737030e-07
3.304429999999999978e+01 4.310481389951829874e-07 4.583992641190866440e-07 4.458167097434113611e-07
3.384790000000000276e+01 4.188368200871399595e-07 4.196386010247924674e-07 4.166080642280674207e-07
3.465160000000000196e+01 3.860568822546890125e-07 3.950333310569376844e-07 3.954496621138323894e-07
3.545519999999999783e+01 3.552489121129571163e-07 3.682288714664408111e-07 3.746770883148877164e-07
3.625880000000000081e+01 3.426391549333981252e-07 3.469839267752927522e-07 3.467169948582728347e-07
3.711789999999999878e+01 3.124007008022957537e-07 3.282569549296455705e-07 3.307559578165774311e-07
3.818959999999999866e+01 2.974581182991330407e-07 3.030093586713007806e-07 3.025807109935410945e-07
3.926129999999999853e+01 2.643948455990650575e-07 2.880716130578180316e-07 2.876228144932766986e-07
4.033290000000000219e+01 2.628792781680441471e-07 2.592877415564950866e-07 2.607732303380852491e-07
4.140460000000000207e+01 2.450173456189928946e-07 2.418589522896880539e-07 2.433540096836506177e-07
4.247630000000000194e+01 2.185990879774021527e-07 2.330143895974520750e-07 2.301118496628331897e-07
4.354789999999999850e+01 2.109154180313471150e-07 2.114780956068498034e-07 2.144618734158474845e-07
4.461959999999999837e+01 1.945857980096344187e-07 2.007816964916064743e-07 2.010775815124361506e-07
4.569129999999999825e+01 1.807257874034203470e-07 1.881369115038688584e-07 1.895596897496187269e-07
4.676290000000000191e+01 1.743205513291669052e-07 1.748509325891604368e-07 1.744901027872653716e-07
4.783460000000000178e+01 1.586731880444452493e-07 1.660782510964092343e-07 1.665271420273107031e-07
4.890630000000000166e+01 1.508749749927187936e-07 1.552473953448469558e-07 1.551492425088339329e-07
5.023669999999999902e+01 1.418605526744957422e-07 1.437574379724189748e-07 1.430488069176509149e-07
5.166579999999999728e+01 1.290185674430793511e-07 1.342860111753543513e-07 1.347874587686065058e-07
5.309490000000000265e+01 1.231920570359843722e-07 1.232771278383766512e-07 1.243045722358841534e-07
5.452400000000000091e+01 1.094353077233053115e-07 1.186669540628914998e-07 1.183398368594962564e-07
5.595309999999999917e+01 1.093716779357008206e-07 1.071990374085285245e-07 1.066061998694239347e-07
5.738219999999999743e+01 9.616692802174322360e-08 1.028454259315019566e-07 1.024353454488657721e-07
5.881130000000000280e+01 9.228905226105993851e-08 9.533178126639641068e-08 9.460184428556803163e-08
6.024040000000000106e+01 8.684575564432161150e-08 8.812038099328773038e-08 8.787426955013251332e-08
6.166949999999999932e+01 8.050722031408868241e-08 8.324269344138412849e-08 8.314479033225470895e-08
6.309859999999999758e+01 7.538100007557649336e-08 7.801997851241179340e-08 7.812777067534978074e-08
6.452760000000000673e+01 7.015929005265639170e-08 7.319389361196727123e-08 7.363388482638103880e-08
6.607179999999999609e+01 6.537269262550547602e-08 6.887210461600699024e-08 6.870355102503469746e-08
6.797750000000000625e+01 6.075789972130154517e-08 6.349473844809784918e-08 6.430807677006063500e-08
6.988320000000000221e+01 5.673970565555073941e-08 5.660567024177396580e-08 5.930055321539224891e-08
7.178889999999999816e+01 5.112702488761086083e-08 5.575021812756150379e-08 5.591462362112263319e-08
7.369469999999999743e+01 4.990138487350613611e-08 5.193729079918692498e-08 5.307565189920678489e-08
7.560039999999999338e+01 4.700917447594719448e-08 4.795046332843796622e-08 4.715583228466198696e-08
7.750610000000000355e+01 4.341945373057072990e-08 4.417616452623434330e-08 4.458615324149694038e-08
7.941179999999999950e+01 3.887668215102898794e-08 4.237502337209419990e-08 4.219967431711012618e-08
8.131749999999999545e+01 3.667390682695835030e-08 3.908204539247660381e-08 3.963772460383714085e-08
8.322329999999999472e+01 3.491618402890191447e-08 3.621293871448194074e-08 3.675864373684251766e-08
8.512900000000000489e+01 3.427823706955524575e-08 3.367702625933810844e-08 3.438631070845200489e-08
8.703470000000000084e+01 3.042791425277902860e-08 3.230313200539756909e-08 3.219856731604986356e-08
8.942260000000000275e+01 2.827623126348445315e-08 2.971203798883637426e-08 3.007632650796699070e-08
9.196389999999999532e+01 2.676604892432787842e-08 2.790911640926733389e-08 2.737979727902137376e-08
9.450520000000000209e+01 2.392419745957082439e-08 2.413276483191976121e-08 2.601431737781412507e-08
9.704659999999999798e+01 2.221806294081668076e-08 2.393512486773079495e-08 2.480204525020617448e-08
9.958790000000000475e+01 2.138282017900820669e-08 2.240569204174898674e-08 2.217919311440470843e-08
1.021290000000000049e+02 2.023909312152332723e-08 2.077548267303385488e-08 2.086911817153246118e-08
1.046710000000000065e+02 1.880968067311838055e-08 1.940645635522505930e-08 1.944870505610652895e-08
1.072120000000000033e+02 1.752826813263848327e-08 1.787236940634710718e-08 1.843729331796303841e-08
1.097530000000000001e+02 1.650549682353425534e-08 1.755141509936910051e-08 1.620391551989221001e-08
1.122939999999999969e+02 1.530837092368087526e-08 1.578512341612584471e-08 1.601109751019328701e-08
1.148359999999999985e+02 1.431432004097507102e-08 1.450255009405408820e-08 1.533133438923226653e-08
1.176110000000000042e+02 1.332090899116222507e-08 1.406304924149081942e-08 1.412107244067850692e-08
1.210000000000000000e+02 1.262441030060315646e-08 1.175627532224406748e-08 1.374528696715278244e-08
1.243889999999999958e+02 1.177737754859549753e-08 1.176902887204397568e-08 1.182597291936053193e-08
1.277780000000000058e+02 1.074007753713328295e-08 1.134434915159656628e-08 1.077171782901321918e-08
1.311670000000000016e+02 1.005034778827784390e-08 1.084899606414793471e-08 9.652097472574223594e-09
1.345550000000000068e+02 9.018132060071761057e-09 9.939562640895067869e-09 9.465048249033178442e-09
1.379439999999999884e+02 8.247208641537104072e-09 8.992886471832374365e-09 9.262449312670679609e-09
1.413329999999999984e+02 7.669140412517964891e-09 8.320199187652380547e-09 8.707991294829659434e-09
1.447220000000000084e+02 7.343033535072533974e-09 7.848741387384600608e-09 7.661878453204938929e-09
1.481109999999999900e+02 6.924691306994912230e-09 7.308016237768995825e-09 7.271318347797057517e-09
1.515000000000000000e+02 6.189706306416140758e-09 6.867932479115341260e-09 7.039667569468520824e-09
1.548890000000000100e+02 5.998339022137276263e-09 6.456842430545011187e-09 6.328872297317716103e-09
1.591740000000000066e+02 5.709705566752594420e-09 5.849394737602911052e-09 5.855687675644497519e-09
1.636930000000000121e+02 5.129954334644522470e-09 5.562018887806950644e-09 5.437122277548528411e-09
1.682129999999999939e+02 4.630808195859466693e-09 5.047812712379465723e-09 5.267507935261069931e-09
1.727319999999999993e+02 4.273507920507763888e-09 4.719649117228412803e-09 4.888766307263825258e-09
1.772510000000000048e+02 4.121126341740747881e-09 4.362051780569756956e-09 4.413089372689497105e-09
1.817700000000000102e+02 3.719414427279288573e-09 4.248128189839291931e-09 4.024635672881421435e-09
1.862889999999999873e+02 3.541349690304885582e-09 3.705266322615004236e-09 3.914117977080111396e-09
1.908079999999999927e+02 3.302694805096804635e-09 3.537233135929890184e-09 3.548861608973307169e-09
1.953280000000000030e+02 3.063001400697685386e-09 3.345776497030559451e-09 3.276989467271757117e-09
1.998470000000000084e+02 2.881136148291028986e-09 2.968156029107082632e-09 3.181502362601889164e-09
2.043660000000000139e+02 2.650834502965018383e-09 2.915855322189842113e-09 2.854357410894722698e-09
2.093530000000000086e+02 2.511526327037567097e-09 2.622533156973105486e-09 2.703583306489327964e-09
2.153789999999999907e+02 2.304328698770058573e-09 2.526157458183265442e-09 2.413343348046676361e-09
2.214060000000000059e+02 2.097106232707574696e-09 2.284791241797365521e-09 2.321222180495060737e-09
2.274319999999999879e+02 1.927249552848617503e-09 2.183851490528354048e-09 2.099837010784808883e-09
2.334590000000000032e+02 1.791732687802753691e-09 1.933687136810967531e-09 2.033191866566358743e-09
2.394850000000000136e+02 1.624008818155602482e-09 1.768833195779441379e-09 1.948459221064956937e-09
2.455109999999999957e+02 1.539909697650853607e-09 1.637054999998451300e-09 1.787478947350695998e-09
2.515380000000000109e+02 1.439816699898615450e-09 1.556715227008522435e-09 1.611676356050741846e-09
2.575640000000000214e+02 1.313110523307090493e-09 1.498478876357954735e-09 1.479934240334955771e-09
2.635910000000000082e+02 1.299303696166402491e-09 1.347666750116136115e-09 1.340297905245800946e-09
2.696170000000000186e+02 1.114066700091312719e-09 1.279577004171628286e-09 1.324056465737059643e-09
2.756440000000000055e+02 1.063295270759437271e-09 1.176563993393692003e-09 1.222674939846871250e-09
2.833330000000000268e+02 1.019432952359181532e-09 1.078071832582482548e-09 1.102114889558336114e-09
2.913700000000000045e+02 8.993880668266756612e-10 1.004701561966283771e-09 1.050938876207040918e-09
2.994060000000000059e+02 8.910177881054718149e-10 9.169440741574320661e-10 9.216152732370967670e-10
3.074420000000000073e+02 7.408677502692099143e-10 8.449117589907022516e-10 9.418723417400880078e-10
3.154789999999999850e+02 7.569326557970355967e-10 8.056426373802626435e-10 7.888266260507701315e-10
3.235149999999999864e+02 6.863589150248314669e-10 7.409589303439968959e-10 7.422166491849262245e-10
3.315509999999999877e+02 5.985952735996378418e-10 6.992680607009905369e-10 7.147821732036372554e-10
3.395880000000000223e+02 6.136472417090794859e-10 6.211483390177879756e-10 6.332363962731328566e-10
3.476240000000000236e+02 5.342498468489624156e-10 6.032328943022132519e-10 5.795331315813682730e-10
3.556610000000000014e+02 4.619662153905820720e-10 5.692132894058995655e-10 5.803016992035187235e-10
3.636970000000000027e+02 4.810271871966800818e-10 5.039333643570698709e-10 5.117330984462504130e-10
3.726580000000000155e+02 4.419755017187728701e-10 4.645814821403105396e-10 4.815611593199086826e-10
3.833740000000000236e+02 3.563496501310597442e-10 4.485830549736553084e-10 4.745300468952851349e-10
3.940910000000000082e+02 3.727017873632228592e-10 3.994670134008220166e-10 4.085816162359553394e-10
4.048079999999999927e+02 3.564054617668390766e-10 3.667722069397393283e-10 3.675677279934217789e-10
4.155240000000000009e+02 2.812563132214082850e-10 3.611861420675490467e-10 3.651170533610427790e-10
4.262409999999999854e+02 2.738235092854887939e-10 3.209805696888021091e-10 3.381892150257092031e-10
4.369569999999999936e+02 2.908278963553928697e-10 2.830797546544400393e-10 2.896744794901672757e-10
4.476739999999999782e+02 2.506090534612229498e-10 2.771746310555744159e-10 2.720695634832027864e-10
4.583910000000000196e+02 2.030709396817342745e-10 2.688145030950250048e-10 2.687976907232409123e-10
4.691070000000000277e+02 2.010486163417664421e-10 2.383964964637713914e-10 2.476819951944622644e-10
4.798240000000000123e+02 2.141071983897052035e-10 2.068249753174859285e-10 2.161177427928089069e-10
4.905409999999999968e+02 1.963953432969737325e-10 2.044157033731654836e-10 1.900749003298608429e-10
5.043389999999999986e+02 1.535887567877607151e-10 1.976027341411031923e-10 1.930705725711361913e-10
5.186299999999999955e+02 1.374215893794601962e-10 1.795287823543150936e-10 1.837917445162247745e-10
5.329199999999999591e+02 1.509655199563465726e-10 1.519330602302681039e-10 1.591547510633854257e-10
5.472110000000000127e+02 1.461742134980073641e-10 1.397833069806900215e-10 1.402967183213026976e-10
5.615019999999999527e+02 1.187828376948462212e-10 1.443600734917767520e-10 1.304150104133771284e-10
5.757930000000000064e+02 9.629920046149768301e-11 1.237146735392002750e-10 1.415071913894009069e-10
5.900839999999999463e+02 9.250600158359899032e-11 1.173995997673906126e-10 1.259904063259032784e-10
6.043750000000000000e+02 1.013991521541042345e-10 9.559628738584133737e-11 1.139006917600544474e-10
6.186660000000000537e+02 1.027773382969923044e-10 9.163745576781149873e-11 9.321228523519627142e-11
6.329569999999999936e+02 8.498014886683912302e-11 9.051937103024300922e-11 9.050101370291790347e-11
6.472480000000000473e+02 6.763550029939073191e-11 9.138210968450660833e-11 8.739382801610271961e-11
6.633460000000000036e+02 5.807955139832750628e-11 8.389325714669168659e-11 8.546252030498086060e-11
6.824039999999999964e+02 6.217854622650001660e-11 7.167803484326674946e-11 7.527587583023325887e-11
7.014610000000000127e+02 6.617644181444826573e-11 6.196975069182202250e-11 6.416150038485495773e-11
7.205180000000000291e+02 6.010353479258602178e-11 5.867669970289234284e-11 5.858102144452168575e-11
7.395750000000000455e+02 4.768863900083927336e-11 5.835751054710657888e-11 5.731470597205416462e-11
7.586319999999999482e+02 3.809760166484930694e-11 5.602591787100478471e-11 5.671767365914593437e-11
7.776900000000000546e+02 3.538273486589362136e-11 5.171340297376974237e-11 5.211970530033666047e-11
7.967469999999999573e+02 3.679704763901050334e-11 4.440945036297217530e-11 4.734491685301733634e-11
8.158039999999999736e+02 3.964059666991942542e-11 3.893091378591074161e-11 4.046134359409823616e-11
8.348609999999999900e+02 3.867437290705844342e-11 3.493061939911634301e-11 3.610094466382522949e-11
8.539180000000000064e+02 3.471435405937958203e-11 3.337603347239383570e-11 3.326947326322660816e-11
8.729759999999999991e+02 2.890003675761359195e-11 3.287534391407032059e-11 3.190246121831610525e-11
8.977309999999999945e+02 2.230197045872582649e-11 3.227167254734065938e-11 3.138692236393353093e-11
9.231449999999999818e+02 1.847660606678393176e-11 3.052620650189125258e-11 3.009751230382482496e-11
9.485579999999999927e+02 1.834758606477293917e-11 2.679537202132394182e-11 2.754523113269674475e-11
9.739710000000000036e+02 1.983270452619167069e-11 2.286276829940799491e-11 2.426689300840034580e-11
9.993840000000000146e+02 2.100982917069506722e-11 1.960443719868091311e-11 2.106456583962402755e-11
1.024799999999999955e+03 2.053614703542514042e-11 1.782579444909146353e-11 1.842575899298340397e-11
1.050210000000000036e+03 1.843624578180832481e-11 1.690407059613138475e-11 1.706826766456029708e-11
1.075619999999999891e+03 1.530871877440266041e-11 1.673994690829084764e-11 1.627442864530650105e-11
1.101039999999999964e+03 1.211374305809253874e-11 1.679892803739790607e-11 1.565711867850955838e-11
1.126450000000000045e+03 9.641621132849707845e-12 1.617783326238410283e-11 1.526085105276619794e-11
1.151859999999999900e+03 8.257189658153804124e-12 1.474668780625733859e-11 1.491191223273445346e-11
1.180779999999999973e+03 7.893547778110507633e-12 1.335724660909025925e-11 1.364012493864924050e-11
1.214670000000000073e+03 8.607611483355585584e-12 1.135546498844261574e-11 1.205486693580180159e-11
1.248559999999999945e+03 9.279193599280639456e-12 9.600486508570729346e-12 1.052977943614863454e-11
1.282450000000000045e+03 9.435678541510100930e-12 8.444266516228286320e-12 9.122345650311614560e-12
1.316339999999999918e+03 8.913336642214458287e-12 7.846094077221851224e-12 8.105740804263696217e-12
1.350230000000000018e+03 7.799182249487328542e-12 7.435844651265590586e-12 7.642561496892084689e-12
1.384119999999999891e+03 6.557745962743509465e-12 7.431146184393450626e-12 7.071916043650302885e-12
1.418009999999999991e+03 5.095783938402452608e-12 7.293516819777167063e-12 6.986657179308210301e-12
1.451900000000000091e+03 4.260829868630089765e-12 7.140777548543018682e-12 6.465387326346892628e-12
1.485789999999999964e+03 3.337247151982876038e-12 6.232975269964250509e-12 6.884273962242875646e-12
1.519670000000000073e+03 2.911247004120307421e-12 5.850810016001324463e-12 6.394362130833372437e-12
1.553559999999999945e+03 2.845198205278769608e-12 5.394536560954312645e-12 5.701792524986920535e-12
1.597980000000000018e+03 2.981556201341926361e-12 4.612008335067146813e-12 5.205307620650927892e-12
1.643170000000000073e+03 3.265325131383069852e-12 4.131667571275275290e-12 4.340885253383657601e-12
1.688359999999999900e+03 3.364953328508745482e-12 3.595764461740417744e-12 3.813626652735837537e-12
1.733549999999999955e+03 3.379214737416664790e-12 3.051466484444987449e-12 3.467007108879849437e-12
1.778740000000000009e+03 3.251042787629137760e-12 2.822292569349889466e-12 3.024691768256974627e-12
1.823930000000000064e+03 2.986948311378109380e-12 2.689028832444812145e-12 2.680955891754579618e-12
1.869130000000000109e+03 2.652077528577911911e-12 2.675300011129767366e-12 2.367987699398822433e-12
1.914319999999999936e+03 2.260703338891265039e-12 2.682695039291623358e-12 2.136062746071062596e-12
1.959509999999999991e+03 1.872781344760990193e-12 2.281349990659548182e-12 2.360031446511546733e-12
2.004700000000000045e+03 1.614319935562921221e-12 1.961447854110449749e-12 2.412184998905580258e-12
2.049889999999999873e+03 1.298816658171928911e-12 2.528635956635980635e-12 1.685503727377991151e-12
2.101840000000000146e+03 9.947879023435077335e-13 2.141462792305104334e-12 1.923788716921588031e-12
2.162110000000000127e+03 8.049451712338940883e-13 1.890601620073914250e-12 1.940747529916942477e-12
2.222369999999999891e+03 7.291497440695474150e-13 1.470150353520065028e-12 2.052564405372973081e-12
2.282630000000000109e+03 7.522461957958642081e-13 1.431572445176149975e-12 1.712370390578171830e-12
2.342900000000000091e+03 6.679231251070370218e-13 1.659216761410361827e-12 1.254707267710216452e-12
2.403159999999999854e+03 6.526742572061774884e-13 1.103406721428949990e-12 1.533803460770247570e-12
2.463429999999999836e+03 6.932126367577672008e-13 1.250022738147575310e-12 1.079893263185439520e-12
2.523690000000000055e+03 6.855587819776266816e-13 8.959512763723152172e-13 1.193983784392730656e-12
2.583960000000000036e+03 6.763083181135055333e-13 9.271075524321802728e-13 9.508487246245827901e-13
2.644219999999999800e+03 6.977295019142439765e-13 8.040674083479704965e-13 8.456709554014319592e-13
2.704480000000000018e+03 6.787000235817996882e-13 6.818297498396851784e-13 7.946556654230893632e-13
2.764750000000000000e+03 6.557016394940609970e-13 6.226720854465678560e-13 7.045067688478245550e-13
2.844420000000000073e+03 6.339175722500079658e-13 5.541550101124142297e-13 6.263989199825942491e-13
2.924780000000000200e+03 6.042792560324778540e-13 5.208763631537972335e-13 5.366131499646330542e-13
3.005150000000000091e+03 5.649928089687055892e-13 4.567457280693954342e-13 5.014903347753013023e-13
3.085510000000000218e+03 5.125255051720619567e-13 4.214651551433530563e-13 4.632790463890575183e-13
3.165869999999999891e+03 4.671372729543033923e-13 4.086668769626798009e-13 4.047252618714304050e-13
3.246239999999999782e+03 4.237544337697024300e-13 3.872777531391574478e-13 3.663627331869320873e-13
3.326599999999999909e+03 3.769174234535998311e-13 3.616473775240452373e-13 3.423655940355189430e-13
3.406960000000000036e+03 3.310457053484335485e-13 3.389964416105842706e-13 3.226193298608851741e-13
3.487329999999999927e+03 2.883122446428698231e-13 3.183721801511993888e-13 3.038823220033096182e-13
3.567690000000000055e+03 2.508547132832147620e-13 2.991092503503122980e-13 2.872220244641532874e-13
3.648050000000000182e+03 2.181346323015447691e-13 2.803726234341421997e-13 2.699206346591234013e-13
3.741360000000000127e+03 1.852285578540929221e-13 2.630513831458287609e-13 2.557786084439187086e-13
3.848519999999999982e+03 1.521584412492473573e-13 2.471902651319622692e-13 2.450116404473109325e-13
3.955690000000000055e+03 1.255755434593461644e-13 2.316816637322539764e-13 2.318392998991139036e-13
4.062860000000000127e+03 1.053444095779632372e-13 2.162494999389709199e-13 2.192365219276808072e-13
4.170020000000000437e+03 9.027956523966449182e-14 2.009844421020180806e-13 2.045434359073417786e-13
4.277189999999999600e+03 8.014401357623742358e-14 1.891799643437361951e-13 1.854935916761216163e-13
4.384359999999999673e+03 7.226854054689661824e-14 1.808146584740984580e-13 1.643033312664443255e-13
4.491520000000000437e+03 6.183821501748039183e-14 1.686057566373951506e-13 1.520765117927870320e-13
4.598689999999999600e+03 4.980993324380818243e-14 1.493449871018985286e-13 1.523668496331895848e-13
4.705859999999999673e+03 4.495049180529981381e-14 1.352753565031326411e-13 1.423216504188029343e-13
4.813020000000000437e+03 4.558708121631910854e-14 1.294038335875452372e-13 1.205772483437392281e-13
4.920189999999999600e+03 3.928884980816386576e-14 1.142276639874045803e-13 1.179663099733241287e-13
5.063100000000000364e+03 3.552258539260439556e-14 1.009221511627322717e-13 1.117209484833616667e-13
5.206010000000000218e+03 3.446688951871966174e-14 9.291755744824850118e-14 9.968794600156504304e-14
5.348920000000000073e+03 3.543281475639432340e-14 8.683177986152381331e-14 8.569017535239055191e-14
5.491819999999999709e+03 3.457512247390529574e-14 7.535392056072550260e-14 8.065060183446590205e-14
5.634729999999999563e+03 3.229884243453513651e-14 6.635041329312608134e-14 7.575899184715254711e-14
5.777640000000000327e+03 3.238310106026874616e-14 6.275493871126251816e-14 6.507854606086139697e-14
5.920550000000000182e+03 3.179509943915134934e-14 5.383542687011634022e-14 6.131405071229096953e-14
6.063460000000000036e+03 3.045621207239462747e-14 4.961925878008358633e-14 5.473107379901392370e-14
6.206369999999999891e+03 2.992936765342128685e-14 4.389215275459496508e-14 4.965901728463639445e-14
6.349279999999999745e+03 2.876680873557725801e-14 3.994276343446340104e-14 4.470088110059126439e-14
6.492189999999999600e+03 2.777742494304019020e-14 3.515381277127478057e-14 4.105252954432229019e-14
6.659750000000000000e+03 2.687467951630250163e-14 3.262438722021060664e-14 3.567607080728046649e-14
6.850319999999999709e+03 2.582217899195722508e-14 2.718254723139207564e-14 3.381796744744108631e-14
7.040890000000000327e+03 2.491279666640491578e-14 2.651971718604084502e-14 2.821058057697694623e-14
7.231470000000000255e+03 2.385397078219896439e-14 2.176532770300662050e-14 2.728367382966050065e-14
7.422039999999999964e+03 2.262842177723641581e-14 2.134910855000964283e-14 2.280600438152623386e-14
7.612609999999999673e+03 2.152416066695126377e-14 1.727885925555978619e-14 2.241127040478547730e-14
7.803180000000000291e+03 2.020817010392388047e-14 1.828542229707686409e-14 1.752665140504976911e-14
7.993750000000000000e+03 1.914836275932106578e-14 1.258769654270234839e-14 1.973528808606534562e-14
8.184329999999999927e+03 1.778828524724380543e-14 1.671321326310738727e-14 1.268625533011871689e-14
8.374899999999999636e+03 1.687263420429002818e-14 9.535695741589499400e-15 1.685719595168552932e-14
8.565469999999999345e+03 1.540988648402079471e-14 1.258934600267960674e-14 1.159830474304322804e-14
8.758229999999999563e+03 1.455355397703424831e-14 1.139195168416851590e-14 1.039549076321776629e-14
9.012370000000000800e+03 1.337487482036424100e-14 7.676310214171962143e-15 1.214181739728330210e-14
9.266500000000000000e+03 1.240501810435700984e-14 1.106226395413571856e-14 6.881222028050362470e-15
9.520629999999999200e+03 1.158651700006061620e-14 4.507543903872301999e-15 1.167836786605518200e-14
9.774760000000000218e+03 1.026609640847178786e-14 1.023073683513144320e-14 4.871732211975513973e-15
1.002889999999999964e+04 1.000121846729403031e-14 5.162038464508988558e-15 8.132256370672245172e-15
1.028300000000000000e+04 8.739747185112453487e-15 4.708446118930341815e-15 7.890370333677481398e-15
1.053720000000000073e+04 8.014342169716112218e-15 8.669662365848876770e-15 2.872298110731677657e-15
1.079129999999999927e+04 7.773504329826067025e-15 3.248655668166188902e-15 6.867770665434405041e-15
1.104539999999999964e+04 6.662564069290712275e-15 3.318718222513607793e-15 6.452967841969780168e-15
1.129960000000000036e+04 5.998153503179189136e-15 7.150967115585128154e-15 1.906798151972465125e-15
1.155370000000000073e+04 5.955460676967766019e-15 3.954095986794162397e-15 3.886942642243472615e-15
1.185460000000000036e+04 5.159033357482403199e-15 1.457875284102562249e-15 6.001015049624904470e-15
1.219350000000000000e+04 4.378756668030013149e-15 5.643000187795021313e-15 1.468473237427036663e-15
1.253239999999999964e+04 4.486334487766373924e-15 3.196068309745419000e-15 2.851545446638672746e-15
1.287129999999999927e+04 3.839790145531532895e-15 8.601615341873173474e-16 4.934656205278912318e-15
1.321010000000000036e+04 3.148720887404246341e-15 4.032392679521479682e-15 1.638319744775795290e-15
1.354900000000000000e+04 3.214370327895567741e-15 3.919780423595957640e-15 9.438585414548697251e-16
1.388789999999999964e+04 3.051566526053103117e-15 8.298321907982593120e-16 3.500670922275642413e-15
1.422679999999999927e+04 2.412835944869619354e-15 1.114439201380886191e-15 3.251302617552901525e-15
1.456570000000000073e+04 2.063339753481625933e-15 3.334037833042110768e-15 8.122751219422328874e-16
1.490460000000000036e+04 2.144407340201318247e-15 3.035801556227386180e-15 4.963614397460092518e-16
1.524350000000000000e+04 2.098546248358515782e-15 9.408589276349149995e-16 2.172580328487201672e-15
1.559020000000000073e+04 1.699945061824356850e-15 2.859426491348118068e-16 2.783822360196549340e-15
1.604210000000000036e+04 1.297393179944705766e-15 2.045188685601252672e-15 1.009806908393871603e-15
1.649400000000000000e+04 1.360384673779894649e-15 2.479210102829123705e-15 1.362609778146454954e-16
1.694590000000000146e+04 1.397850998039941608e-15 8.517902108405977010e-16 1.385428051676667123e-15
1.739779999999999927e+04 1.108704605174156042e-15 1.330539024636328713e-16 2.072601837236713983e-15
1.784979999999999927e+04 8.159080624158863580e-16 1.086612601089673729e-15 1.138819197247041280e-15
1.830170000000000073e+04 7.756394639183312968e-16 1.894395370966821834e-15 1.132979735511477217e-16
1.875359999999999854e+04 8.634001876164855221e-16 1.448813408994951513e-15 2.362343988281588511e-16
1.920550000000000000e+04 8.399374133656223662e-16 4.626541767870752115e-16 1.025045873253997706e-15
1.965740000000000146e+04 6.709981266381483582e-16 5.075210221903977693e-17 1.414904320039572209e-15
2.010929999999999927e+04 4.832043194066238105e-16 4.268933819349998268e-16 1.045714937211671817e-15
2.056129999999999927e+04 3.981955716377246917e-16 1.012532514073000723e-15 3.800856488542750107e-16
2.110150000000000000e+04 4.324356327554308729e-16 1.205902789383076479e-15 -9.808201704002568557e-18
2.170420000000000073e+04 4.913463828712374957e-16 6.935792089666192973e-16 3.062394732334889033e-16
2.230679999999999927e+04 4.391856499834108838e-16 1.226745565808416299e-16 7.988316454921514900e-16
2.290950000000000000e+04 3.127390154941984894e-16 6.678889176710446077e-17 8.632823724265438014e-16
2.351209999999999854e+04 2.153826582975298219e-16 4.127489077250155732e-16 5.079144372368012858e-16
2.411470000000000073e+04 1.960526765327083346e-16 7.228790049644127154e-16 1.165238676306277110e-16
2.471740000000000146e+04 2.290835743601465522e-16 7.351434885545544976e-16 -1.397684236382671296e-17
2.532000000000000000e+04 2.567526881767837783e-16 4.863473117721653696e-16 1.256905331462702586e-16
2.592270000000000073e+04 2.462311398590079272e-16 1.901071505415313347e-16 3.582560555128401981e-16
2.652529999999999927e+04 1.994975926095470699e-16 2.321219153567407502e-17 5.020316315404267321e-16
2.712800000000000000e+04 1.423034231466778631e-16 3.381233654257829729e-17 4.883358593776245592e-16
2.775140000000000146e+04 9.645504602169220127e-17 1.659227967271754353e-16 3.445799927070340514e-16
2.855500000000000000e+04 7.744739072043107511e-17 3.531585106619161025e-16 1.222574049329979141e-16
2.935870000000000073e+04 9.129873861199959922e-17 4.150231444256084473e-16 -2.225597927270798340e-18
3.016229999999999927e+04 1.113579213753398941e-16 3.307520598687768087e-16 1.585951877050289623e-17
3.096590000000000146e+04 1.181772128003549325e-16 1.826003651370606946e-16 1.189151074155557542e-16
3.176959999999999854e+04 1.051288573186772547e-16 5.690910043022714723e-17 2.209569138328702904e-16
3.257320000000000073e+04 7.992434818983926947e-17 3.978420761264518335e-18 2.658849529331130252e-16
3.337680000000000291e+04 5.343598338839459932e-17 2.255910430803546937e-17 2.424193279663732119e-16
3.418050000000000000e+04 3.462731469843238986e-17 8.158340410351540757e-17 1.757824775094118169e-16
3.498409999999999854e+04 2.599785058767753206e-17 1.437173806464096106e-16 9.678326342043750164e-17
3.578780000000000291e+04 2.627949633670238646e-17 1.831882894419958732e-16 3.386045555275253888e-17
3.659140000000000146e+04 3.142828113037740473e-17 1.894028336147994109e-16 3.692890626636526964e-19
3.756140000000000146e+04 3.952384704301324418e-17 1.641165305422101090e-16 -1.339807500867696716e-18
3.863309999999999854e+04 4.462092687040949297e-17 1.100713286964101043e-16 2.925950230100094669e-17
3.970469999999999709e+04 4.322761840803396133e-17 5.462158483598097605e-17 6.957871079408045184e-17
4.077640000000000146e+04 3.646052334406580741e-17 1.629055503312268920e-17 9.978159647024769657e-17
4.184800000000000000e+04 2.712620621076326824e-17 1.225241670705542103e-18 1.107003362585485334e-16
4.291969999999999709e+04 1.795892309326443364e-17 5.955216970273879019e-18 1.023151032192344870e-16
4.399140000000000146e+04 1.107643760104178526e-17 2.240127068192316471e-17 8.204100198337964240e-17
4.506300000000000000e+04 6.995962757656893166e-18 4.191564015557009541e-17 5.637630015279741871e-17
4.613469999999999709e+04 5.590405476773765907e-18 5.810531887639682987e-17 3.228771946447819443e-17
4.720640000000000146e+04 6.103527782924812253e-18 6.723763972646054834e-17 1.380734875462472111e-17
4.827800000000000000e+04 7.699468422070832138e-18 6.921456130061308069e-17 2.689558818105389928e-18
4.939900000000000000e+04 9.646463713325593659e-18 6.440028292992642706e-17 -1.616185397872131524e-18
5.082809999999999854e+04 1.186226830563824962e-17 5.284521558050258433e-17 1.066522369320337187e-18
5.225719999999999709e+04 1.284131342652566626e-17 3.761952524512469131e-17 8.976193419235091770e-18
5.368630000000000291e+04 1.266370507017834700e-17 2.331569175555601098e-17 1.835224332434893329e-17
5.511540000000000146e+04 1.135250456427439013e-17 1.179445328120523430e-17 2.620593563950301348e-17
5.654450000000000000e+04 9.410916626613075245e-18 4.316153336774768425e-18 3.113811109129047373e-17
5.797350000000000000e+04 7.249406394797736191e-18 7.597063934028208314e-19 3.279489921059007636e-17
5.940259999999999854e+04 5.169963473885483436e-18 3.533360357658939203e-19 3.142140867861274093e-17
6.083169999999999709e+04 3.451475979855100050e-18 2.073973377523792138e-18 2.820476323074002511e-17
6.226080000000000291e+04 2.126726834376389142e-18 4.904485723971434287e-18 2.360134897179593627e-17
6.368990000000000146e+04 1.227843497774322628e-18 7.985316366278316552e-18 1.849219685225021435e-17
6.511900000000000000e+04 7.215070070295499500e-19 1.082860413150943523e-17 1.370933525501367332e-17
6.686039999999999418e+04 5.179320402315673291e-19 1.359959761273779918e-17 8.747018802902235117e-18
6.876610000000000582e+04 6.425780137661357737e-19 1.547588685911004130e-17 4.585874259254233061e-18
7.067180000000000291e+04 9.618743939014801990e-19 1.602095603759337407e-17 1.780234071030560024e-18
7.257750000000000000e+04 1.342944649085714910e-18 1.544077184964813131e-17 2.305186609872769434e-19
7.448319999999999709e+04 1.683517047792388100e-18 1.396318826456855197e-17 -3.029239433062235472e-19
7.638900000000000000e+04 1.956799996047536329e-18 1.214466786736958946e-17 -1.152610893316536246e-19
7.829469999999999709e+04 2.110733722099411075e-18 1.003419869974348861e-17 5.185280757996286850e-19
8.020039999999999418e+04 2.157091709284328396e-18 7.948155429389896967e-18 1.361437621771994521e-18
8.210610000000000582e+04 2.098917722221503386e-18 6.005155446595050008e-18 2.226096669301387235e-18
8.401180000000000291e+04 1.984743615409282186e-18 4.375396010974284962e-18 3.022381513231156026e-18
8.591760000000000582e+04 1.806857556702769065e-18 3.013482344744189198e-18 3.646193189343806032e-18
8.793289999999999418e+04 1.596703027960651919e-18 1.914466017806199685e-18 4.126136874841758133e-18
9.047419999999999709e+04 1.349938722646767912e-18 9.767154969399483759e-19 4.559723456463200147e-18
9.301550000000000000e+04 1.088060170413734722e-18 3.966012938121951406e-19 4.677312193255915764e-18
9.555680000000000291e+04 8.544747031519431898e-19 1.086002194727466509e-19 4.619494515070029284e-18
9.809810000000000582e+04 6.402599506441091063e-19 2.717895353504473246e-20 4.348882643287761227e-18
1.006390000000000000e+05 4.613406043642768544e-19 8.454262656180340113e-20 3.972589628148971545e-18
