1.017789999999999928e+01 9.667566885805271292e-06 9.643719834365026565e-06 9.552923532004528947e-06
1.043200000000000038e+01 9.012147601917981971e-06 9.183379230185282813e-06 9.114962850533833724e-06
1.068609999999999971e+01 8.568137440285631835e-06 8.630613225345398027e-06 8.647132992981282595e-06
1.094030000000000058e+01 8.195669521322924557e-06 8.152568740031435285e-06 8.131179575814568176e-06
1.119439999999999991e+01 7.613145176973605484e-06 7.828050864303500499e-06 7.792728289223420577e-06
1.144849999999999923e+01 7.307043274863583701e-06 7.367157254782348964e-06 7.359482601360329827e-06
1.171439999999999948e+01 7.000794282840648190e-06 6.918566932327886487e-06 6.942526805820592556e-06
1.205320000000000036e+01 6.696367869779570347e-06 6.421243463741489506e-06 6.392851710069631802e-06
1.239209999999999923e+01 6.291544937240834850e-06 5.995033858566923375e-06 5.976306416156601403e-06
1.273099999999999987e+01 6.045777288553931151e-06 5.548694050050206327e-06 5.532109725194416467e-06
1.306990000000000052e+01 5.510977147837359460e-06 5.284632374737156782e-06 5.266507192396337025e-06
1.340879999999999939e+01 4.955634944999309308e-06 5.063653679202552373e-06 5.087706983380852307e-06
1.374770000000000003e+01 4.907610571493977488e-06 4.658962883862583545e-06 4.642153014674541697e-06
1.408660000000000068e+01 4.527294108106095174e-06 4.428776921601373366e-06 4.437085554239900220e-06
1.442549999999999955e+01 4.202050797136056463e-06 4.212235377883904281e-06 4.215766095072802355e-06
1.476440000000000019e+01 4.117574593912312747e-06 3.925651510516220023e-06 3.880682846735702953e-06
1.510330000000000084e+01 3.707592324322375639e-06 3.773266983873281360e-06 3.783903498768892548e-06
1.544209999999999994e+01 3.464214372065778725e-06 3.586008894811093259e-06 3.602026992877851462e-06
1.585510000000000019e+01 3.310436171830869146e-06 3.334160695614333540e-06 3.329353981206697724e-06
1.630699999999999861e+01 2.953660428039607906e-06 3.156888529716615289e-06 3.200843919838377636e-06
1.675890000000000057e+01 2.848774978715785844e-06 2.919687459813399924e-06 2.929826925249833678e-06
1.721079999999999899e+01 2.690635864050739593e-06 2.718155263676722684e-06 2.727164408432812633e-06
1.766280000000000072e+01 2.399940120866150422e-06 2.593382581790182469e-06 2.626776850690619078e-06
1.811469999999999914e+01 2.334966172056494332e-06 2.408900735576188812e-06 2.401159389251506895e-06
1.856660000000000110e+01 2.209241098863571015e-06 2.246387742414566725e-06 2.249975680817118636e-06
1.901849999999999952e+01 2.080675697245421525e-06 2.100609218111198522e-06 2.116586598558481933e-06
1.947040000000000148e+01 1.925021307544493205e-06 1.991348138928072212e-06 2.007818960543041532e-06
1.992229999999999990e+01 1.792948830160143982e-06 1.883335562032389769e-06 1.899798172370217711e-06
2.037430000000000163e+01 1.701163711506972813e-06 1.768604929928371702e-06 1.783934619675940855e-06
2.085219999999999985e+01 1.626915985680587062e-06 1.654925345077929531e-06 1.658333545019815590e-06
2.145479999999999876e+01 1.473328041324099488e-06 1.560285266500232920e-06 1.559789954773175762e-06
2.205750000000000099e+01 1.389326776349799532e-06 1.442637284167339724e-06 1.451944825482112833e-06
2.266009999999999991e+01 1.288970810312390682e-06 1.350138895957970500e-06 1.356083794295789307e-06
2.326269999999999882e+01 1.240278070605841665e-06 1.244276179536848613e-06 1.248908786717433433e-06
2.386540000000000106e+01 1.120271281175846581e-06 1.185267059594703259e-06 1.185866165979698347e-06
2.446799999999999997e+01 1.062710033945297112e-06 1.096104218348738740e-06 1.110234133691546729e-06
2.507069999999999865e+01 1.002484036102254919e-06 1.026716259035560197e-06 1.033374163835775147e-06
2.567330000000000112e+01 9.529658728906623410e-07 9.577726033172407308e-07 9.612218695896147947e-07
2.627590000000000003e+01 8.921585949395255021e-07 9.005254726150824677e-07 9.048235775017002390e-07
2.687859999999999872e+01 8.073943393121425423e-07 8.629470510019893936e-07 8.630874340805646824e-07
2.748120000000000118e+01 7.658069802644846116e-07 8.003111841830250838e-07 8.156543977072656719e-07
2.822250000000000014e+01 7.322901115392763177e-07 7.462005425268268643e-07 7.458460583903501764e-07
2.902609999999999957e+01 6.868059972581457628e-07 6.913391533112348383e-07 6.893798877681157445e-07
2.982979999999999876e+01 6.068247984583776144e-07 6.550050541384721970e-07 6.631568942071317160e-07
3.063340000000000174e+01 5.703627664802830417e-07 6.003780444933247786e-07 6.313042516126872635e-07
3.143700000000000117e+01 5.459725697078888991e-07 5.635655860265843267e-07 5.663204614052175803e-07
3.224069999999999681e+01 5.271116790258497670e-07 5.205988004307179785e-07 5.189339654291008414e-07
3.304429999999999978e+01 4.715727092403323242e-07 5.011382735796844492e-07 4.844888445295980938e-07
3.384790000000000276e+01 4.580332650734909255e-07 4.587481920236023691e-07 4.552303301930084346e-07
3.465160000000000196e+01 4.220428245947599726e-07 4.314396597930617395e-07 4.316848544640514905e-07
3.545519999999999783e+01 3.882681863758182015e-07 4.020049569228248248e-07 4.089975909852384054e-07
3.625880000000000081e+01 3.742283894094128085e-07 3.786874477701009829e-07 3.784237812552074542e-07
3.711789999999999878e+01 3.410097500846758727e-07 3.580348261752952356e-07 3.607594119136154444e-07
3.818959999999999866e+01 3.245884849675760886e-07 3.302716083147229946e-07 3.298847440601838515e-07
3.926129999999999853e+01 2.884329372083334799e-07 3.140221018312007899e-07 3.134825196914780506e-07
4.033290000000000219e+01 2.866340093375248456e-07 2.825003204163855592e-07 2.837684915999465921e-07
4.140460000000000207e+01 2.670836856014520034e-07 2.634106848891790772e-07 2.650164962753376100e-07
4.247630000000000194e+01 2.382089419187809625e-07 2.536891815113545157e-07 2.504792646852611229e-07
4.354789999999999850e+01 2.296619898707802258e-07 2.300626190772061609e-07 2.341395246417517576e-07
4.461959999999999837e+01 2.117373596326004858e-07 2.183733933516442347e-07 2.182952135696977790e-07
4.569129999999999825e+01 1.966040019039895686e-07 2.045548291902815405e-07 2.060899253917890087e-07
4.676290000000000191e+01 1.895223833460859702e-07 1.899822402822198741e-07 1.895868975522654675e-07
4.783460000000000178e+01 1.725463197563209938e-07 1.804302644127527361e-07 1.809269960485467949e-07
4.890630000000000166e+01 1.636518120154761868e-07 1.685267944847788245e-07 1.684018779132676202e-07
5.023669999999999902e+01 1.540586766563188529e-07 1.558566092294837264e-07 1.552558929818599222e-07
5.166579999999999728e+01 1.401952183134027884e-07 1.455904767015582694e-07 1.461856030534052408e-07
5.309490000000000265e+01 1.332062196677780733e-07 1.332093337928738216e-07 1.348601791661292788e-07
5.452400000000000091e+01 1.186481530746222565e-07 1.286058963707042343e-07 1.257903492101345661e-07
5.595309999999999917e+01 1.184557984834961146e-07 1.163072272877061094e-07 1.154862980291555639e-07
5.738219999999999743e+01 1.042117654242648023e-07 1.112552380346665066e-07 1.109202403155575588e-07
5.881130000000000280e+01 9.983700511593603407e-08 1.031900749667687603e-07 1.023963936247914952e-07
6.024040000000000106e+01 9.390862806183615592e-08 9.525832884740677042e-08 9.506905884940838609e-08
6.166949999999999932e+01 8.703201229348232996e-08 8.999935366580337344e-08 8.989706983604949723e-08
6.309859999999999758e+01 8.158205030944516187e-08 8.451020831307385322e-08 8.442690892477524847e-08
6.452760000000000673e+01 7.589199058478300269e-08 7.903747801794650571e-08 7.915307423489978363e-08
6.607179999999999609e+01 7.044209710246064982e-08 7.404826944359337673e-08 7.418571968296815765e-08
6.797750000000000625e+01 6.583820447371753148e-08 6.844664482765363718e-08 6.947362965735298961e-08
6.988320000000000221e+01 6.219891652406607363e-08 6.075277655576095781e-08 6.402242492512388455e-08
7.178889999999999816e+01 5.510652429516299581e-08 6.011348070035025116e-08 6.030341669759903173e-08
7.369469999999999743e+01 5.383498086162971935e-08 5.600284810975228885e-08 5.721326990739240315e-08
7.560039999999999338e+01 5.072147028028740991e-08 5.165942663980641912e-08 5.080169023064095139e-08
7.750610000000000355e+01 4.680251465237778419e-08 4.758516651047942618e-08 4.802439024956962116e-08
7.941179999999999950e+01 4.190952579031542940e-08 4.547518072190045203e-08 4.543400646450170166e-08
8.131749999999999545e+01 3.950657318043179912e-08 4.207207271908357569e-08 4.256755296291066479e-08
8.322329999999999472e+01 3.759152031651765301e-08 3.897360338994872134e-08 3.953136886199223393e-08
8.512900000000000489e+01 3.688657308850819740e-08 3.619816110448288979e-08 3.701941103527964766e-08
8.703470000000000084e+01 3.272880689465485262e-08 3.470167138451439786e-08 3.459044024873964434e-08
8.942260000000000275e+01 3.040155700170872776e-08 3.190878944847856796e-08 3.229222918901077571e-08
9.196389999999999532e+01 2.876505597759920237e-08 2.978920875070897233e-08 2.965247876025179462e-08
9.450520000000000209e+01 2.570411589336899129e-08 2.556337137978911686e-08 2.790390268776417564e-08
9.704659999999999798e+01 2.386898374616576058e-08 2.572992298626030641e-08 2.638910242437116793e-08
9.958790000000000475e+01 2.295616271425373260e-08 2.402138658495022430e-08 2.380777571672065220e-08
1.021290000000000049e+02 2.171147598228600777e-08 2.226670261061908460e-08 2.236472545797222919e-08
1.046710000000000065e+02 2.016601658585871419e-08 2.079124616569973805e-08 2.083423192479680941e-08
1.072120000000000033e+02 1.878246189433872530e-08 1.919117989456966089e-08 1.967799748898843945e-08
1.097530000000000001e+02 1.767606524347883632e-08 1.787267546567124499e-08 1.742619028613382857e-08
1.122939999999999969e+02 1.638725535842722105e-08 1.688718851820093790e-08 1.843140095951999784e-08
1.148359999999999985e+02 1.531768211386257909e-08 1.550565354350833081e-08 1.629777920993326177e-08
1.176110000000000042e+02 1.424950900070021091e-08 1.502867743456546393e-08 1.508546640601477652e-08
1.210000000000000000e+02 1.349455614047940529e-08 1.256259842982110095e-08 1.468050627969949953e-08
1.243889999999999958e+02 1.258362735568507161e-08 1.257072554247245946e-08 1.262694123684247456e-08
1.277780000000000058e+02 1.147161114337856747e-08 1.211077439788598702e-08 1.149772659434906303e-08
1.311670000000000016e+02 1.073261724395830140e-08 1.157678756648285680e-08 1.029684419455884840e-08
1.345550000000000068e+02 9.631545006741849924e-09 1.059838234356859162e-08 1.009174554968956186e-08
1.379439999999999884e+02 8.808552840972467010e-09 9.583030756972218917e-09 9.869205434239053512e-09
1.413329999999999984e+02 8.186520412432531326e-09 8.863178824516080348e-09 9.274190273051392317e-09
1.447220000000000084e+02 7.828149840380626964e-09 8.358759344323574781e-09 8.160511716559857358e-09
1.481109999999999900e+02 7.378636151279521934e-09 7.779506128181061347e-09 7.739963623134111048e-09
1.515000000000000000e+02 6.598178099352656178e-09 7.305085606471886645e-09 7.485858634175459599e-09
1.548890000000000100e+02 6.386209426481962142e-09 6.865036196565344816e-09 6.729420911952694906e-09
1.591740000000000066e+02 6.074336859595478082e-09 6.218669053023828729e-09 6.224053962380696619e-09
1.636930000000000121e+02 5.457847092776195349e-09 5.910288415284670423e-09 5.775811341939137493e-09
1.682129999999999939e+02 4.927933938261649477e-09 5.360442248314339959e-09 5.592367310924013688e-09
1.727319999999999993e+02 4.545036980311919926e-09 5.010248229885279061e-09 5.189077739802802931e-09
1.772510000000000048e+02 4.379179893132180905e-09 4.629717407878776233e-09 4.683150303989045000e-09
1.817700000000000102e+02 3.952537322282702647e-09 4.505530659915704397e-09 4.268843987801593923e-09
1.862889999999999873e+02 3.760866861893658096e-09 3.929098083329819832e-09 4.149453699776523424e-09
1.908079999999999927e+02 3.505638115818514120e-09 3.748944018826299574e-09 3.760975015355188663e-09
1.953280000000000030e+02 3.250171668918830635e-09 3.544361924202789944e-09 3.470751781878380246e-09
1.998470000000000084e+02 3.055412741693238821e-09 3.142711766281149432e-09 3.368275782025613216e-09
2.043660000000000139e+02 2.809817050884020755e-09 3.085851368557235868e-09 3.020223186709757264e-09
2.093530000000000086e+02 2.661018803159247614e-09 2.773844748606459030e-09 2.859445951734294207e-09
2.153789999999999907e+02 2.440313902632225427e-09 2.671629791414777772e-09 2.551453400952998260e-09
2.214060000000000059e+02 2.220646445303745645e-09 2.415210503369986063e-09 2.453112816326269391e-09
2.274319999999999879e+02 2.039957493900681684e-09 2.307410243510995232e-09 2.218766564334069233e-09
2.334590000000000032e+02 1.895872082854039621e-09 2.042734655144136007e-09 2.147089637195541250e-09
2.394850000000000136e+02 1.717888633149816968e-09 1.867620111077286201e-09 2.057002300772897442e-09
2.455109999999999957e+02 1.628264337234954227e-09 1.727972182330220076e-09 1.886051590434826479e-09
2.515380000000000109e+02 1.521240011633583538e-09 1.642575200806213909e-09 1.700268335147410708e-09
2.575640000000000214e+02 1.387796201923920086e-09 1.579773850828600884e-09 1.560226482247479227e-09
2.635910000000000082e+02 1.370964711208259910e-09 1.420660348708677842e-09 1.413276891651014768e-09
2.696170000000000186e+02 1.176573320465300991e-09 1.347968002507918593e-09 1.394108467026780833e-09
2.756440000000000055e+02 1.121616371656843037e-09 1.239179916945368317e-09 1.287027716897789009e-09
2.833330000000000268e+02 1.074796362557245581e-09 1.134780143072892727e-09 1.160134717869862002e-09
2.913700000000000045e+02 9.485322391859410380e-10 1.057134365410133057e-09 1.105491060403926192e-09
2.994060000000000059e+02 9.382326229933108966e-10 9.649900835020915716e-10 9.696507515045979913e-10
3.074420000000000073e+02 7.813138170279046158e-10 8.882507226278154015e-10 9.898875928442801797e-10
3.154789999999999850e+02 7.965188082430331503e-10 8.472624836882163850e-10 8.293543243669334157e-10
3.235149999999999864e+02 7.224699123509232985e-10 7.785688993992956402e-10 7.799791865091529957e-10
3.315509999999999877e+02 6.305040912508911275e-10 7.343211613796191829e-10 7.504165075442048246e-10
3.395880000000000223e+02 6.448286146957883739e-10 6.525511126598674688e-10 6.650857421443445276e-10
3.476240000000000236e+02 5.616888523761540610e-10 6.330297773217476716e-10 6.083835234322789222e-10
3.556610000000000014e+02 4.862439742380365750e-10 5.968293497859276172e-10 6.083847819760360652e-10
3.636970000000000027e+02 5.050151864292120042e-10 5.286399658484862991e-10 5.365731347223019703e-10
3.726580000000000155e+02 4.636786267244961854e-10 4.871389300193499519e-10 5.048874729509159645e-10
3.833740000000000236e+02 3.747693413674839209e-10 4.697891842061893803e-10 4.968392369263268542e-10
3.940910000000000082e+02 3.909866482272573679e-10 4.185773087211089039e-10 4.279902410516338711e-10
4.048079999999999927e+02 3.735153979340819891e-10 3.842530171048449046e-10 3.851077246610732135e-10
4.155240000000000009e+02 2.954890782243979990e-10 3.778760589083820161e-10 3.820204375672201346e-10
4.262409999999999854e+02 2.873467386946418369e-10 3.359029445327355321e-10 3.537066417726228090e-10
4.369569999999999936e+02 3.043749063762289165e-10 2.964023480676472089e-10 3.031844795561239569e-10
4.476739999999999782e+02 2.624643660238927413e-10 2.898609905843386190e-10 2.846219193917687886e-10
4.583910000000000196e+02 2.130969125499993627e-10 2.808273944885169297e-10 2.808118004614837950e-10
4.691070000000000277e+02 2.106751189479467871e-10 2.491004098619362812e-10 2.586498531901170391e-10
4.798240000000000123e+02 2.237603048576858242e-10 2.162525545728049358e-10 2.257687630695093337e-10
4.905409999999999968e+02 2.051333147898999252e-10 2.135229001121154884e-10 1.985981210979847253e-10
5.043389999999999986e+02 1.608203027078103852e-10 2.061441462984731063e-10 2.014344064937166231e-10
5.186299999999999955e+02 1.439217109436115028e-10 1.872562041020015421e-10 1.916436485043869842e-10
5.329199999999999591e+02 1.576239729529184372e-10 1.586259853383198964e-10 1.660532554087617521e-10
5.472110000000000127e+02 1.525003098264598869e-10 1.458764522562408679e-10 1.464392202672993333e-10
5.615019999999999527e+02 1.241408951270854478e-10 1.504558307102803205e-10 1.359827755626343047e-10
5.757930000000000064e+02 1.007911111110985990e-10 1.288742826147041955e-10 1.473872391601671728e-10
5.900839999999999463e+02 9.667140549416624509e-11 1.223525238825685863e-10 1.311854122359247345e-10
6.043750000000000000e+02 1.056868516348650205e-10 9.969495955732802745e-11 1.186546081078069883e-10
6.186660000000000537e+02 1.070309655835176308e-10 9.550067366342551547e-11 9.714687450305690795e-11
6.329569999999999936e+02 8.857939379519566880e-11 9.423225557213283171e-11 9.423085693267152186e-11
6.472480000000000473e+02 7.061915731012748144e-11 9.502025403248832295e-11 9.089896820738422490e-11
6.633460000000000036e+02 6.066955834402759532e-11 8.720846089766740427e-11 8.882602675830502972e-11
6.824039999999999964e+02 6.479180249769385284e-11 7.456245729165084501e-11 7.825811096065533331e-11
7.014610000000000127e+02 6.881985462195626986e-11 6.449660012073066693e-11 6.691667858713846792e-11
7.205180000000000291e+02 6.249855370138888089e-11 6.103696707315014436e-11 6.093881908546101324e-11
7.395750000000000455e+02 4.966518996792154522e-11 6.063714855815622737e-11 5.957120186392225257e-11
7.586319999999999482e+02 3.974902535169633383e-11 5.817277809853650642e-11 5.889469519976717361e-11
7.776900000000000546e+02 3.690618614193214770e-11 5.369113243964475558e-11 5.409618770842311457e-11
7.967469999999999573e+02 3.830593892896385801e-11 4.611923786132503565e-11 4.914786885471113813e-11
8.158039999999999736e+02 4.118128196906719682e-11 4.045066136385727414e-11 4.201496402067754593e-11
8.348609999999999900e+02 4.013771824280491418e-11 3.629315125565700401e-11 3.749275694653810185e-11
8.539180000000000064e+02 3.602672581498794473e-11 3.465265693437588477e-11 3.454304177063618931e-11
8.729759999999999991e+02 3.001561537302107040e-11 3.409879807184426291e-11 3.309938738513468157e-11
8.977309999999999945e+02 2.320628247753112760e-11 3.344559266606525485e-11 3.253835010140362760e-11
9.231449999999999818e+02 1.924650416791344718e-11 3.162913300313652213e-11 3.118390768795003960e-11
9.485579999999999927e+02 1.908676298245009776e-11 2.777217305102091590e-11 2.853651963087577635e-11
9.739710000000000036e+02 2.058932619157074088e-11 2.370842183600150609e-11 2.514674383642776363e-11
9.993840000000000146e+02 2.177982755978811250e-11 2.033695795541829256e-11 2.183670040279360609e-11
1.024799999999999955e+03 2.127691400331803666e-11 1.848810792628055120e-11 1.910574515790141690e-11
1.050210000000000036e+03 1.910405931596725607e-11 1.752184552671842849e-11 1.769413890031432595e-11
1.075619999999999891e+03 1.587481582295364202e-11 1.733940433512807968e-11 1.686062428841828777e-11
1.101039999999999964e+03 1.257624697890496389e-11 1.738925542344522028e-11 1.620937183414982590e-11
1.126450000000000045e+03 1.002094622017834873e-11 1.673894292635260654e-11 1.578947049846905272e-11
1.151859999999999900e+03 8.592465045526587062e-12 1.525465946484749661e-11 1.542214650732591709e-11
1.180779999999999973e+03 8.200109965099355159e-12 1.381778873071399838e-11 1.410413485648665260e-11
1.214670000000000073e+03 8.925844158455936443e-12 1.174931977226915260e-11 1.246946587887491730e-11
1.248559999999999945e+03 9.608567098628191700e-12 9.938849756125414669e-12 1.089395332794639871e-11
1.282450000000000045e+03 9.762672434531559615e-12 8.743609950041648333e-12 9.440541955076797982e-12
1.316339999999999918e+03 9.219360116358808939e-12 8.123016067976081870e-12 8.389781718915112808e-12
1.350230000000000018e+03 8.067900978503819280e-12 7.695569799293881774e-12 7.909058536402302035e-12
1.384119999999999891e+03 6.786686704410634611e-12 7.686612833152651844e-12 7.316616302423164478e-12
1.418009999999999991e+03 5.278217038822330207e-12 7.540626151907905158e-12 7.225419509983117845e-12
1.451900000000000091e+03 4.416807188266395793e-12 7.379885036426266183e-12 6.683872789347341359e-12
1.485789999999999964e+03 3.462826438779126231e-12 6.440360128543356902e-12 7.113853168952520347e-12
1.519670000000000073e+03 3.021593606047006034e-12 6.044534413895126553e-12 6.605953913067869563e-12
1.553559999999999945e+03 2.951326157746777370e-12 5.572627819919934701e-12 5.889454240978290169e-12
1.597980000000000018e+03 3.089790427343356376e-12 4.765107675108004372e-12 5.376735094768642394e-12
1.643170000000000073e+03 3.380178605129154564e-12 4.269685851224395108e-12 4.484585243546452439e-12
1.688359999999999900e+03 3.480526025907901849e-12 3.716948587836529448e-12 3.940577105270570397e-12
1.733549999999999955e+03 3.493338454238493300e-12 3.155171904289393999e-12 3.583007998471615145e-12
1.778740000000000009e+03 3.359741023338036797e-12 2.918375391291564994e-12 3.126495915275399487e-12
1.823930000000000064e+03 3.086340262983937114e-12 2.780417346495814595e-12 2.771507969964250259e-12
1.869130000000000109e+03 2.740301302818625096e-12 2.765747335111183657e-12 2.448106202640192478e-12
1.914319999999999936e+03 2.336199689330295335e-12 2.772756523215241915e-12 2.208321409327563667e-12
1.959509999999999991e+03 1.935815602713673042e-12 2.357626127988079807e-12 2.439305684269059556e-12
2.004700000000000045e+03 1.669095417463389227e-12 2.026915009393575271e-12 2.492609690556036585e-12
2.049889999999999873e+03 1.343356530968310125e-12 2.612340048146424545e-12 1.741762022391016408e-12
2.101840000000000146e+03 1.029549953841448133e-12 2.212080551185593282e-12 1.987746241921309188e-12
2.162110000000000127e+03 8.336208652279306181e-13 1.952924307997230409e-12 2.005172578567640382e-12
2.222369999999999891e+03 7.553484741486663958e-13 1.518657811578199965e-12 2.120655723984349364e-12
2.282630000000000109e+03 7.790886250397977466e-13 1.479074219097071020e-12 1.769130235268957463e-12
2.342900000000000091e+03 6.917326819721236814e-13 1.714493469664101302e-12 1.296394366791920702e-12
2.403159999999999854e+03 6.757996046847443457e-13 1.140219155355385265e-12 1.585036509335300969e-12
2.463429999999999836e+03 7.174590337059368016e-13 1.292056510408608577e-12 1.116006464697660747e-12
2.523690000000000055e+03 7.093908538434740724e-13 9.261713224265603735e-13 1.234164475555976062e-12
2.583960000000000036e+03 6.996726631443377590e-13 9.585599653862402406e-13 9.829833141206889679e-13
2.644219999999999800e+03 7.217447895175936292e-13 8.314947948430360421e-13 8.743645210676565835e-13
2.704480000000000018e+03 7.020344478552962986e-13 7.051785557271687453e-13 8.217656242697793946e-13
2.764750000000000000e+03 6.782528955806607748e-13 6.440826585710810537e-13 7.286578910441994645e-13
2.844420000000000073e+03 6.557740369883974244e-13 5.733097509917664967e-13 6.479964225820137665e-13
2.924780000000000200e+03 6.251930033239040214e-13 5.389755065104029823e-13 5.552097012619440390e-13
3.005150000000000091e+03 5.846461817781326620e-13 4.726841806982912834e-13 5.189704104334875476e-13
3.085510000000000218e+03 5.304469400935970182e-13 4.362352085121962246e-13 4.795266237345666871e-13
3.165869999999999891e+03 4.835683509700612051e-13 4.230740077159646045e-13 4.189857776641173197e-13
3.246239999999999782e+03 4.387583695476185062e-13 4.010148642456461943e-13 3.793337857273059794e-13
3.326599999999999909e+03 3.903519109029884236e-13 3.745538688042827343e-13 3.545583945676939733e-13
3.406960000000000036e+03 3.429218358223090074e-13 3.511756621741376345e-13 3.341860543360957703e-13
3.487329999999999927e+03 2.987201353034531773e-13 3.298967851475854799e-13 3.148576740927449358e-13
3.567690000000000055e+03 2.599636367356509489e-13 3.100274288530459367e-13 2.976794180357273878e-13
3.648050000000000182e+03 2.260984052204224479e-13 2.906989962118237360e-13 2.798366167520820646e-13
3.741360000000000127e+03 1.920182572927734220e-13 2.728288263873184932e-13 2.652607165568861399e-13
3.848519999999999982e+03 1.577452489935190219e-13 2.564614853227747494e-13 2.541753056975053994e-13
3.955690000000000055e+03 1.301884173319930582e-13 2.404526275650689557e-13 2.405917303346185561e-13
4.062860000000000127e+03 1.092125872373890129e-13 2.245168495087815001e-13 2.275961610991583898e-13
4.170020000000000437e+03 9.359378308047647428e-14 2.087448858789560906e-13 2.124241171191813098e-13
4.277189999999999600e+03 8.309029591102536258e-14 1.965584741414330235e-13 1.927193235475631094e-13
4.384359999999999673e+03 7.493248782748135421e-14 1.879407693802430596e-13 1.707778616698189224e-13
4.491520000000000437e+03 6.411497800795414521e-14 1.753276205151730438e-13 1.581394802183842275e-13
4.598689999999999600e+03 5.162745097854583729e-14 1.553755483003130702e-13 1.585134024397227351e-13
4.705859999999999673e+03 4.659708767800274821e-14 1.408046540461989495e-13 1.481375620855487568e-13
4.813020000000000437e+03 4.729135612625751772e-14 1.347551251958908602e-13 1.255754605934919321e-13
4.920189999999999600e+03 4.075893491328239239e-14 1.190199218813009787e-13 1.229235769392931283e-13
5.063100000000000364e+03 3.686209255180551067e-14 1.051996033414453269e-13 1.164639432644437386e-13
5.206010000000000218e+03 3.579125255311419712e-14 9.689459018611659528e-14 1.039668245954750511e-13
5.348920000000000073e+03 3.683126635170618002e-14 9.058289940625997659e-14 8.941214045021687892e-14
5.491819999999999709e+03 3.596808317056946915e-14 7.864279998383424015e-14 8.419433938242055683e-14
5.634729999999999563e+03 3.362128728714083338e-14 6.928145584883170709e-14 7.912569328790638554e-14
5.777640000000000327e+03 3.374112408957694450e-14 6.555800868661851690e-14 6.800828050320041094e-14
5.920550000000000182e+03 3.315852760159984233e-14 5.626757299229646205e-14 6.411078173766395461e-14
6.063460000000000036e+03 3.178878673819020496e-14 5.189176706193158672e-14 5.726078425572117544e-14
6.206369999999999891e+03 3.126965017540144457e-14 4.592736655387953165e-14 5.198838571912703535e-14
6.349279999999999745e+03 3.008299110875024470e-14 4.182273124399898133e-14 4.682885027042792354e-14
6.492189999999999600e+03 2.907768958426429515e-14 3.683239339594474763e-14 4.303888952349083888e-14
6.659750000000000000e+03 2.815926475798200534e-14 3.420359858499034132e-14 3.742528066524877643e-14
6.850319999999999709e+03 2.707951418401473299e-14 2.850915377792721504e-14 3.549585814411344699e-14
7.040890000000000327e+03 2.614785471683909018e-14 2.783288944672939712e-14 2.962416560210172615e-14
7.231470000000000255e+03 2.505879584187293409e-14 2.285046315676479660e-14 2.867115487833436712e-14
7.422039999999999964e+03 2.379123562374177911e-14 2.243351716907688270e-14 2.397683804678163258e-14
7.612609999999999673e+03 2.265152527250040661e-14 1.816118914333407539e-14 2.358266171459229793e-14
7.803180000000000291e+03 2.128524948274754278e-14 1.924314796940402967e-14 1.845008869939769468e-14
7.993750000000000000e+03 2.018966264440204373e-14 1.324579598939253285e-14 2.080008358569994080e-14
8.184329999999999927e+03 1.877341662675346216e-14 1.762010873006490048e-14 1.337373484028700219e-14
8.374899999999999636e+03 1.782694248573891227e-14 1.005088512216498340e-14 1.779743055013148819e-14
8.565469999999999345e+03 1.629956129296605617e-14 1.329286950005107902e-14 1.225444691322929750e-14
8.758229999999999563e+03 1.541140899803938352e-14 1.204651322860813815e-14 1.099052351014923781e-14
9.012370000000000800e+03 1.417637894924205102e-14 8.111779652590475155e-15 1.285737033791433228e-14
9.266500000000000000e+03 1.315847558150415816e-14 1.172061310493862543e-14 7.281313420573954839e-15
9.520629999999999200e+03 1.230296281012357992e-14 4.764700417583481817e-15 1.238876685200207309e-14
9.774760000000000218e+03 1.090977278559606652e-14 1.085930822955496616e-14 5.162803267277191760e-15
1.002889999999999964e+04 1.063977074463712279e-14 5.478375467173406967e-15 8.637506283172532802e-15
1.028300000000000000e+04 9.307774695753863211e-15 4.997141862357942562e-15 8.395041635086656112e-15
1.053720000000000073e+04 8.543376233930067446e-15 9.235942871039520106e-15 3.048075512082830671e-15
1.079129999999999927e+04 8.297774983552723268e-15 3.457152412483588675e-15 7.320663131446293983e-15
1.104539999999999964e+04 7.120782988760391831e-15 3.533477088011400096e-15 6.891766216890768104e-15
1.129960000000000036e+04 6.418000087456205741e-15 7.648880608585031677e-15 2.029778955443108112e-15
1.155370000000000073e+04 6.382540454935862147e-15 4.233508857923855996e-15 4.156061316169422089e-15
1.185460000000000036e+04 5.536165158829674627e-15 1.553569767669701495e-15 6.437610183728243477e-15
1.219350000000000000e+04 4.701886359282189659e-15 6.059871524458124462e-15 1.569744563890086620e-15
1.253239999999999964e+04 4.823589442764927551e-15 3.435406723133586005e-15 3.058977915054006050e-15
1.287129999999999927e+04 4.133328332617154087e-15 9.179327331957406179e-16 5.312830566575917575e-15
1.321010000000000036e+04 3.391849088997730378e-15 4.345360095525674871e-15 1.762002954128664176e-15
1.354900000000000000e+04 3.467432011312244137e-15 4.233611138495629209e-15 1.011328626494812193e-15
1.388789999999999964e+04 3.297302913878640952e-15 8.932689817752715180e-16 3.782629149846724179e-15
1.422679999999999927e+04 2.609993212596080348e-15 1.201450350615752050e-15 3.521175538510654446e-15
1.456570000000000073e+04 2.234168196521818496e-15 3.616632896791119760e-15 8.773833756175732235e-16
1.490460000000000036e+04 2.326553097205384259e-15 3.301251344231596531e-15 5.335629155687525452e-16
1.524350000000000000e+04 2.281848452083488615e-15 1.023034651051122379e-15 2.362894492442034110e-15
1.559020000000000073e+04 1.851432093580338511e-15 3.078563582748388062e-16 3.037779621561897557e-15
1.604210000000000036e+04 1.413184837740903464e-15 2.233660208859974955e-15 1.101872660102654874e-15
1.649400000000000000e+04 1.484238286961757194e-15 2.714960118225705314e-15 1.448636623723525260e-16
1.694590000000000146e+04 1.528351833939876395e-15 9.333123971915332349e-16 1.516002388142247306e-15
1.739779999999999927e+04 1.213510766522145900e-15 1.433467274125117015e-16 2.275622274744245055e-15
1.784979999999999927e+04 8.930927215734791059e-16 1.193516788094860980e-15 1.252277390666461626e-15
1.830170000000000073e+04 8.502139949357517511e-16 2.088309899240023853e-15 1.226009140574403876e-16
1.875359999999999854e+04 9.492214724254025529e-16 1.600953148100177739e-15 2.579856461517752529e-16
1.920550000000000000e+04 9.257894075418105254e-16 5.116773510767944924e-16 1.132614918969920398e-15
1.965740000000000146e+04 7.406797419241536120e-16 5.467989139644276698e-17 1.569008658649964030e-15
2.010929999999999927e+04 5.335576227055757423e-16 4.730827622344799540e-16 1.162690964191139686e-15
2.056129999999999927e+04 4.400694379544930129e-16 1.128229477169040003e-15 4.230308270305874722e-16
2.110150000000000000e+04 4.794182855045989420e-16 1.347809379797717740e-15 -1.258130792521831904e-17
2.170420000000000073e+04 5.466322288117032829e-16 7.767780572453656859e-16 3.410816316982928544e-16
2.230679999999999927e+04 4.895505927888640302e-16 1.371129737199164496e-16 8.950036999407956666e-16
2.290950000000000000e+04 3.485592885546755921e-16 7.401753218407138207e-17 9.699897101895706348e-16
2.351209999999999854e+04 2.396312184927738944e-16 4.640365105076966594e-16 5.719199444475206168e-16
2.411470000000000073e+04 2.183894180238049882e-16 8.158305810209894191e-16 1.309946009527185266e-16
2.471740000000000146e+04 2.564539336992536013e-16 8.321802682903122086e-16 -1.677797844852182787e-17
2.532000000000000000e+04 2.887768850278146434e-16 5.521093936406038490e-16 1.415541879062365331e-16
2.592270000000000073e+04 2.778682132526734330e-16 2.163057151934889342e-16 4.067829305792992073e-16
2.652529999999999927e+04 2.255584389362652907e-16 2.614225015815169987e-17 5.724237032015770598e-16
2.712800000000000000e+04 1.609035738933261745e-16 3.815114077400481709e-17 5.588592978212200207e-16
2.775140000000000146e+04 1.088286210401693714e-16 1.900253791205960530e-16 3.956954676267708135e-16
2.855500000000000000e+04 8.722383220436640387e-17 4.062216953428739675e-16 1.405500237690424926e-16
2.935870000000000073e+04 1.034996713530832309e-16 4.788368510372241784e-16 -2.964586630205187156e-18
3.016229999999999927e+04 1.271133810309947259e-16 3.826920790814004986e-16 1.780639398426086379e-17
3.096590000000000146e+04 1.355178116551136811e-16 2.118549803696999312e-16 1.373676059922905943e-16
3.176959999999999854e+04 1.208720324142951276e-16 6.613646646930362364e-17 2.565368335416375790e-16
3.257320000000000073e+04 9.194361258583658271e-17 4.447510148741538825e-18 3.098582956600348721e-16
3.337680000000000291e+04 6.131978089377165865e-17 2.611244476420547353e-17 2.835105363348841924e-16
3.418050000000000000e+04 3.949283576858686232e-17 9.548194072376947367e-17 2.063042748216329425e-16
3.498409999999999854e+04 2.951557564390309031e-17 1.690860610830393363e-16 1.139730052390014669e-16
3.578780000000000291e+04 3.001650603754876283e-17 2.165092032098615268e-16 3.994994430481499446e-17
3.659140000000000146e+04 3.632599545687225382e-17 2.248744888221783806e-16 2.824785498844638029e-19
3.756140000000000146e+04 4.616682992074449836e-17 1.955645492339636371e-16 -1.815575283553915048e-18
3.863309999999999854e+04 5.247509933855672685e-17 1.315617867046044280e-16 3.471122020494605403e-17
3.970469999999999709e+04 5.104612573197361237e-17 6.547837470949477599e-17 8.314777857833359781e-17
4.077640000000000146e+04 4.314437494825539427e-17 1.955610673932509076e-17 1.197644805535720760e-16
4.184800000000000000e+04 3.208754423897816183e-17 1.400154592594794132e-18 1.333926100367362737e-16
4.291969999999999709e+04 2.115222797134380718e-17 7.095316580549987625e-18 1.237695973576939903e-16
4.399140000000000146e+04 1.290292833843294355e-17 2.708964310395573889e-17 9.964277072687598426e-17
4.506300000000000000e+04 8.007641134633516804e-18 5.101151106124670087e-17 6.875527817120483477e-17
4.613469999999999709e+04 6.349124752421173810e-18 7.108939330014105992e-17 3.954113869460480269e-17
4.720640000000000146e+04 7.042074295864631418e-18 8.268984773161769343e-17 1.696720264102586548e-17
4.827800000000000000e+04 9.082271750648991521e-18 8.558011318915674505e-17 3.282703211923116825e-18
4.939900000000000000e+04 1.158330512888378317e-17 8.005621392037650652e-17 -2.071411349759292977e-18
5.082809999999999854e+04 1.442169037722287517e-17 6.592842255323702413e-17 1.251151197464072801e-18
5.225719999999999709e+04 1.573571072505511108e-17 4.710814961885561976e-17 1.115026110920934796e-17
5.368630000000000291e+04 1.560298784463927332e-17 2.930894097245672709e-17 2.297508137877536194e-17
5.511540000000000146e+04 1.404147869601211103e-17 1.488202171381860302e-17 3.298429187694995874e-17
5.654450000000000000e+04 1.166764814490901734e-17 5.458994304521207909e-18 3.938749623802536731e-17
5.797350000000000000e+04 8.992060163473541864e-18 9.459167159229285742e-19 4.169058133148673012e-17
5.940259999999999854e+04 6.396423239344087620e-18 4.216329416806698504e-19 4.015193053934571131e-17
6.083169999999999709e+04 4.235990329112867402e-18 2.629756124759333198e-18 3.623948872070596241e-17
6.226080000000000291e+04 2.561613867692363773e-18 6.301624595899079286e-18 3.050175560108517093e-17
6.368990000000000146e+04 1.421714746235015763e-18 1.034820436575987590e-17 2.404781161727721037e-17
6.511900000000000000e+04 7.793763847086539166e-19 1.414275447718657387e-17 1.794788674234172886e-17
6.686039999999999418e+04 5.269433821854819535e-19 1.786499990673589188e-17 1.150802199560953221e-17
6.876610000000000582e+04 7.048418572023902569e-19 2.042487803576735537e-17 6.055403901954909892e-18
7.067180000000000291e+04 1.142452100671745539e-18 2.124521602970494864e-17 2.355332551210145211e-18
7.257750000000000000e+04 1.666458279313928254e-18 2.057760635906577274e-17 2.964583675932866653e-19
7.448319999999999709e+04 2.142167540352800378e-18 1.870588479849125760e-17 -4.200421755010596487e-19
7.638900000000000000e+04 2.531190817951680608e-18 1.636046165165476929e-17 -1.720340494059116231e-19
7.829469999999999709e+04 2.764022897862907627e-18 1.359779762664009727e-17 6.842757987967481110e-19
8.020039999999999418e+04 2.853446141711779255e-18 1.083956908667115715e-17 1.837282093751497668e-18
8.210610000000000582e+04 2.801545609412714747e-18 8.245753440645282774e-18 3.036925198627374109e-18
8.401180000000000291e+04 2.671576286657106459e-18 6.052414282873599447e-18 4.161194466042341648e-18
8.591760000000000582e+04 2.452128335111035752e-18 4.201681427815457289e-18 5.065408478340485438e-18
8.793289999999999418e+04 2.182985292576152847e-18 2.690022619206632731e-18 5.781961575152341030e-18
9.047419999999999709e+04 1.851227203550656569e-18 1.377570104838030709e-18 6.423900716326138149e-18
9.301550000000000000e+04 1.494920011643244046e-18 5.600697674479486039e-19 6.625931247065917452e-18
9.555680000000000291e+04 1.174365809344706138e-18 1.510206003272156826e-19 6.581992298926577412e-18
9.809810000000000582e+04 8.782069268662840910e-19 3.413653136065191487e-20 6.234513638423149237e-18
1.006390000000000000e+05 6.291408464406702443e-19 1.165677422893084469e-19 5.732714413750774406e-18
