1.017789999999999928e+01 9.102272927543316388e-06 9.007285261531840909e-06 8.961556409374212004e-06
1.043200000000000038e+01 8.539530265744214296e-06 8.503472255087078194e-06 8.561962730067124446e-06
1.068609999999999971e+01 8.223424617163311922e-06 8.039401389544513767e-06 8.028270768339095786e-06
1.094030000000000058e+01 7.521929607515515548e-06 7.745234888153337005e-06 7.705917445258018790e-06
1.119439999999999991e+01 7.338216255376112793e-06 7.267142541754693123e-06 7.222434746299796432e-06
1.144849999999999923e+01 7.161224653343979764e-06 6.810885145277875181e-06 6.760438654508236212e-06
1.171439999999999948e+01 6.656482453183769208e-06 6.482011992368121610e-06 6.486692565308244719e-06
1.205320000000000036e+01 6.224051127407713912e-06 6.086846582604866753e-06 6.063998622439232496e-06
1.239209999999999923e+01 5.839100668158179184e-06 5.699571443018948434e-06 5.693560470960033040e-06
1.273099999999999987e+01 5.360269494914077973e-06 5.414723193911201382e-06 5.393368291194955817e-06
1.306990000000000052e+01 5.112165967294006669e-06 4.966451499421306714e-06 5.053415747903583647e-06
1.340879999999999939e+01 4.715412567518706192e-06 4.779313216143446517e-06 4.793983381800944118e-06
1.374770000000000003e+01 4.558360336743117632e-06 4.454173917950271648e-06 4.446960754893838810e-06
1.408660000000000068e+01 4.405467238817379549e-06 4.151309791852322678e-06 4.146240310980624557e-06
1.442549999999999955e+01 4.048904984585474016e-06 3.976991222862403973e-06 3.954669059521425974e-06
1.476440000000000019e+01 3.723244750762495358e-06 3.788245364082166665e-06 3.809916591157454830e-06
1.510330000000000084e+01 3.764031264507483481e-06 3.498255486406085088e-06 3.445978759539766923e-06
1.544209999999999994e+01 3.458972770047518071e-06 3.346195388211484260e-06 3.331946145120726567e-06
1.585510000000000019e+01 3.129726383467322863e-06 3.184353626635393799e-06 3.196429004163662624e-06
1.630699999999999861e+01 3.008190063595562745e-06 2.954888328255174480e-06 2.918277887104784343e-06
1.675890000000000057e+01 2.717129377843866681e-06 2.789953702688800788e-06 2.800417510480654457e-06
1.721079999999999899e+01 2.643919478208119316e-06 2.580655983384997453e-06 2.557152401953086845e-06
1.766280000000000072e+01 2.476230702647113575e-06 2.418579070790326749e-06 2.405296141089629164e-06
1.811469999999999914e+01 2.256873838241462529e-06 2.289088324735180368e-06 2.305041395885764247e-06
1.856660000000000110e+01 2.119412996307375670e-06 2.153287535264772320e-06 2.166963812371574488e-06
1.901849999999999952e+01 2.018479956767291524e-06 2.022924758815596973e-06 2.017578749878868105e-06
1.947040000000000148e+01 1.959856104018868589e-06 1.879645789876158331e-06 1.866417506954195968e-06
1.992229999999999990e+01 1.750178420125129271e-06 1.810404079315670689e-06 1.817955466353683079e-06
2.037430000000000163e+01 1.665959100637048068e-06 1.706218282855861469e-06 1.703339807714653708e-06
2.085219999999999985e+01 1.577973976786291167e-06 1.600480485555585011e-06 1.602340532938434325e-06
2.145479999999999876e+01 1.484624319007874190e-06 1.484663640569365572e-06 1.485745698662696540e-06
2.205750000000000099e+01 1.346002324135898253e-06 1.401688964180619030e-06 1.410923104212523181e-06
2.266009999999999991e+01 1.292796797069464177e-06 1.289005827371651723e-06 1.303996172203193265e-06
2.326269999999999882e+01 1.188718953300377133e-06 1.224358332176746683e-06 1.222781539888243237e-06
2.386540000000000106e+01 1.085479046642005694e-06 1.157820548533182839e-06 1.163247828324049818e-06
2.446799999999999997e+01 1.036660537309948052e-06 1.081057884244187973e-06 1.075993042888512904e-06
2.507069999999999865e+01 1.008207504761855365e-06 1.004278870728246179e-06 9.903869868738617515e-07
2.567330000000000112e+01 9.438810685371549582e-07 9.376383041170480544e-07 9.363271220569646165e-07
2.627590000000000003e+01 8.831739892318113754e-07 8.917710227147729866e-07 8.756048437223209223e-07
2.687859999999999872e+01 8.010939277527437143e-07 8.455267510422260167e-07 8.488397488343344495e-07
2.748120000000000118e+01 8.000858262093070418e-07 7.784829931776201335e-07 7.719708456639389321e-07
2.822250000000000014e+01 7.200530879664360786e-07 7.307471266844622371e-07 7.395459868813639594e-07
2.902609999999999957e+01 6.840858208950094865e-07 6.817287701593304333e-07 6.806548445815834020e-07
2.982979999999999876e+01 6.295210706419154010e-07 6.396576526847812495e-07 6.407994973905413180e-07
3.063340000000000174e+01 6.029038147158680395e-07 5.904129234133498212e-07 6.140626616354491450e-07
3.143700000000000117e+01 5.566678362069191437e-07 5.564121797093138675e-07 5.557639780259595737e-07
3.224069999999999681e+01 5.104444841170472710e-07 5.265771707139603114e-07 5.260847613577005533e-07
3.304429999999999978e+01 4.817850419419668506e-07 4.944153265929714384e-07 4.834780713287789911e-07
3.384790000000000276e+01 4.722480469921347363e-07 4.559312592541285665e-07 4.495876757247845742e-07
3.465160000000000196e+01 4.107533890696138863e-07 4.423594112918330584e-07 4.391492573103808931e-07
3.545519999999999783e+01 4.054409921876541224e-07 4.056519093634135295e-07 4.018462632899752295e-07
3.625880000000000081e+01 3.859980529636858647e-07 3.779024527743470547e-07 3.776559880984014187e-07
3.711789999999999878e+01 3.581305465894681349e-07 3.569854854519191849e-07 3.564946545269146648e-07
3.818959999999999866e+01 3.231615645199161805e-07 3.345155903014030663e-07 3.390404768595427008e-07
3.926129999999999853e+01 3.110496096396926561e-07 3.090450245724746090e-07 3.089793639773643949e-07
4.033290000000000219e+01 2.966474161250640404e-07 2.851777170721522187e-07 2.848381972006114677e-07
4.140460000000000207e+01 2.592063353825985844e-07 2.756457366866350303e-07 2.747157131432668095e-07
4.247630000000000194e+01 2.559037321983621398e-07 2.486441695594758666e-07 2.533912305057532443e-07
4.354789999999999850e+01 2.304446214260528325e-07 2.377230083426563459e-07 2.415736419499613051e-07
4.461959999999999837e+01 2.163490154704948817e-07 2.250944802538485857e-07 2.226805446907113964e-07
4.569129999999999825e+01 2.067977671235381127e-07 2.076843547688832084e-07 2.086375639472776503e-07
4.676290000000000191e+01 1.918025343391238719e-07 1.960923346006153668e-07 1.963241645257750466e-07
4.783460000000000178e+01 1.796165880698039593e-07 1.844879056287552072e-07 1.848202202128665932e-07
4.890630000000000166e+01 1.730903542404160982e-07 1.714942960118815184e-07 1.709333950106548436e-07
5.023669999999999902e+01 1.608601805180793281e-07 1.597751357254794044e-07 1.603707744251082351e-07
5.166579999999999728e+01 1.474753543751835320e-07 1.503167837170927617e-07 1.504549357666735373e-07
5.309490000000000265e+01 1.397983143775424830e-07 1.390764979643536779e-07 1.386914593475964126e-07
5.452400000000000091e+01 1.288276228675174854e-07 1.307093844066511205e-07 1.303989359023324504e-07
5.595309999999999917e+01 1.203305321243001696e-07 1.216470554159946010e-07 1.213304546419216370e-07
5.738219999999999743e+01 1.111520163863720474e-07 1.134349480404702875e-07 1.143536339040637533e-07
5.881130000000000280e+01 1.044363986727460955e-07 1.079990832142196052e-07 1.059892899702424257e-07
6.024040000000000106e+01 1.000810602988531164e-07 9.788013327484782461e-08 9.981666218827738950e-08
6.166949999999999932e+01 9.008336961977919745e-08 9.484105583627373263e-08 9.506399008636149430e-08
6.309859999999999758e+01 8.660646941921257550e-08 8.722073704301734528e-08 8.786146087378628053e-08
6.452760000000000673e+01 8.285446552148578790e-08 8.173590011603894049e-08 8.075101534362515429e-08
6.607179999999999609e+01 7.676223989873663526e-08 7.700511993526029796e-08 7.637755189506374858e-08
6.797750000000000625e+01 7.062586950281172886e-08 7.176654386251469113e-08 7.115204274695006964e-08
6.988320000000000221e+01 6.587741943082914673e-08 6.664969199065310956e-08 6.675545602133753184e-08
7.178889999999999816e+01 5.994997602152532712e-08 6.276141821216425300e-08 6.276893938448269553e-08
7.369469999999999743e+01 5.805197793761401394e-08 5.771451836518583049e-08 5.782354517903625495e-08
7.560039999999999338e+01 5.415635103939788605e-08 5.490197570943773183e-08 5.395846653507450671e-08
7.750610000000000355e+01 5.033573056412405687e-08 5.000543037791490794e-08 5.078893775760606954e-08
7.941179999999999950e+01 4.683485512285363776e-08 4.732041557257015786e-08 4.730930074422755258e-08
8.131749999999999545e+01 4.337272392683157881e-08 4.482730215711735103e-08 4.389469264738039091e-08
8.322329999999999472e+01 4.083753038447709619e-08 4.183871915482200035e-08 4.128758105908676943e-08
8.512900000000000489e+01 4.046656226095591580e-08 3.828063008142317782e-08 3.913172846846385537e-08
8.703470000000000084e+01 3.635652522083720251e-08 3.590638021495877669e-08 3.735144900359169327e-08
8.942260000000000275e+01 3.273725490386620987e-08 3.435084410747893625e-08 3.456486653560314821e-08
9.196389999999999532e+01 3.079975967385597307e-08 3.219776040879703728e-08 3.134202111001154772e-08
9.450520000000000209e+01 2.928329631218252917e-08 3.060003815815252085e-08 2.931580058048591456e-08
9.704659999999999798e+01 2.729032611137305306e-08 2.764900616358080955e-08 2.733706420633077304e-08
9.958790000000000475e+01 2.525431120506414095e-08 2.553161763716595329e-08 2.544442397991515697e-08
1.021290000000000049e+02 2.356906463704764110e-08 2.408425666387866368e-08 2.413055452213826297e-08
1.046710000000000065e+02 2.212974394015927105e-08 2.241445632796414385e-08 2.231424397317311877e-08
1.072120000000000033e+02 2.085232777360896036e-08 2.121817569252148976e-08 2.051564625768419400e-08
1.097530000000000001e+02 1.950984601123017908e-08 1.981229944660326817e-08 1.919429142947501934e-08
1.122939999999999969e+02 1.820306344743031263e-08 1.806982350381641679e-08 1.915884592037550514e-08
1.148359999999999985e+02 1.724321908098346147e-08 1.693941146161350659e-08 1.688787236162399221e-08
1.176110000000000042e+02 1.604681272300063329e-08 1.626939246509172019e-08 1.592881698307412555e-08
1.210000000000000000e+02 1.489117485014480404e-08 1.398628420084893040e-08 1.567252514400627323e-08
1.243889999999999958e+02 1.388754395053015103e-08 1.377154024491140559e-08 1.370597593838686915e-08
1.277780000000000058e+02 1.275631065081398622e-08 1.273066588508558715e-08 1.297286062855990453e-08
1.311670000000000016e+02 1.196883523125774079e-08 1.239661749560260754e-08 1.143249488313965698e-08
1.345550000000000068e+02 1.097889838929157054e-08 1.159373526117974660e-08 1.077345419952869146e-08
1.379439999999999884e+02 1.005434006216834655e-08 1.091482608863712046e-08 1.014326234919453650e-08
1.413329999999999984e+02 9.457669528754645932e-09 9.781972722798865278e-09 9.340622179336504930e-09
1.447220000000000084e+02 9.036435778728396018e-09 9.133655661900354168e-09 8.896469938418797245e-09
1.481109999999999900e+02 8.416952951736593818e-09 8.117048694217506045e-09 8.822649937508427016e-09
1.515000000000000000e+02 7.885897861270484708e-09 8.018416604080648906e-09 7.836482724648870362e-09
1.548890000000000100e+02 7.435932783639577285e-09 7.237197691690523946e-09 7.555664229669901963e-09
1.591740000000000066e+02 6.845806623817829574e-09 6.904375357774514097e-09 6.878687973407659257e-09
1.636930000000000121e+02 6.257514874334347224e-09 6.421738805866483010e-09 6.443366104799173132e-09
1.682129999999999939e+02 5.735936712919555862e-09 6.043561104199794600e-09 5.962296907880653322e-09
1.727319999999999993e+02 5.308437180137616564e-09 5.465841086753706435e-09 5.717619243108679444e-09
1.772510000000000048e+02 5.065413059037319933e-09 5.126008502403030921e-09 5.147673573559651669e-09
1.817700000000000102e+02 4.681601248720180811e-09 4.864856447339162418e-09 4.735348288940658971e-09
1.862889999999999873e+02 4.407248627452908600e-09 4.398434407785085852e-09 4.504025429762008059e-09
1.908079999999999927e+02 4.116038924192290241e-09 4.161218469947367983e-09 4.132964622644836875e-09
1.953280000000000030e+02 3.847896812085926141e-09 3.893082382437599331e-09 3.845863205476476197e-09
1.998470000000000084e+02 3.606575609251922106e-09 3.540268338552124010e-09 3.675370162195955855e-09
2.043660000000000139e+02 3.339950351773605864e-09 3.421590157148711591e-09 3.350134296077683673e-09
2.093530000000000086e+02 3.163755899995285254e-09 3.088140876328677386e-09 3.173163176176038255e-09
2.153789999999999907e+02 2.891295978697075986e-09 3.038276798579177701e-09 2.790490457723748601e-09
2.214060000000000059e+02 2.667845010083310681e-09 2.650691961732742501e-09 2.759689807683947423e-09
2.274319999999999879e+02 2.461782439838321205e-09 2.509770611757791203e-09 2.521099785114258131e-09
2.334590000000000032e+02 2.274930127812138383e-09 2.322141566285702800e-09 2.359898868402159840e-09
2.394850000000000136e+02 2.083353512974328038e-09 2.131125188889904323e-09 2.249207689635768573e-09
2.455109999999999957e+02 1.954220394570695848e-09 1.964059053350641116e-09 2.096708101578663554e-09
2.515380000000000109e+02 1.788437831229927956e-09 1.861298602381840871e-09 1.950081161888232222e-09
2.575640000000000214e+02 1.678551705926334137e-09 1.820237329094610711e-09 1.718629434479055873e-09
2.635910000000000082e+02 1.558781081373716339e-09 1.699341765630546909e-09 1.604770586995737890e-09
2.696170000000000186e+02 1.508387006383183085e-09 1.519538745263778592e-09 1.509758246853039156e-09
2.756440000000000055e+02 1.421857757734983688e-09 1.408899189951910071e-09 1.404861386863106780e-09
2.833330000000000268e+02 1.274524635718439996e-09 1.334306838817491654e-09 1.310483278964068716e-09
2.913700000000000045e+02 1.178862699870884379e-09 1.221026642507904906e-09 1.224521473121211317e-09
2.994060000000000059e+02 1.111430226259333293e-09 1.121116662898170753e-09 1.121509637342496411e-09
3.074420000000000073e+02 9.888330085463526559e-10 1.019697595975987761e-09 1.101221571027660048e-09
3.154789999999999850e+02 9.484065824200139735e-10 9.806364193354832278e-10 9.597803868589506259e-10
3.235149999999999864e+02 8.825479838093981398e-10 8.945685895531877098e-10 9.016450574874145917e-10
3.315509999999999877e+02 7.924506456909873588e-10 8.374365574118815597e-10 8.587182813971314202e-10
3.395880000000000223e+02 7.698643161337770268e-10 7.765554443139163720e-10 7.689452529023067492e-10
3.476240000000000236e+02 7.078158562479577578e-10 7.257460038711388524e-10 7.110369471086388866e-10
3.556610000000000014e+02 6.388329721566875912e-10 6.837401563361534526e-10 6.838578315571590298e-10
3.636970000000000027e+02 6.148924138196274706e-10 6.237162077576651103e-10 6.300783127575152207e-10
3.726580000000000155e+02 5.761908434484700359e-10 5.802051227286498248e-10 5.796984767728804944e-10
3.833740000000000236e+02 5.092164435070795213e-10 5.467756875356500558e-10 5.467494330822706353e-10
3.940910000000000082e+02 4.856017146721619020e-10 4.964130877786974112e-10 4.993993669991409781e-10
4.048079999999999927e+02 4.558546436708696426e-10 4.580606717119099947e-10 4.568632008622205507e-10
4.155240000000000009e+02 3.980238664775615417e-10 4.357310398526279867e-10 4.352689810498106318e-10
4.262409999999999854e+02 3.731661413273913956e-10 3.961988987295164927e-10 4.075628493180922231e-10
4.369569999999999936e+02 3.654155514189105644e-10 3.617407844789727005e-10 3.646045099071170189e-10
4.476739999999999782e+02 3.258172650873827753e-10 3.447944590241210273e-10 3.429136256884963127e-10
4.583910000000000196e+02 2.826826222800597562e-10 3.353076648042638311e-10 3.292865780491285667e-10
4.691070000000000277e+02 2.718138765469073718e-10 2.984131098393404890e-10 3.048922018437522883e-10
4.798240000000000123e+02 2.729983218055995165e-10 2.671135700949414658e-10 2.735751683094591266e-10
4.905409999999999968e+02 2.520455173520003395e-10 2.579529202910900313e-10 2.470156460714097503e-10
5.043389999999999986e+02 2.094517477146311273e-10 2.451758998276558452e-10 2.439334695402131600e-10
5.186299999999999955e+02 1.882192447578292216e-10 2.256204795691028631e-10 2.303505502715679500e-10
5.329199999999999591e+02 1.955435634701141160e-10 1.970362712434105080e-10 2.027407849434754368e-10
5.472110000000000127e+02 1.881277804045199982e-10 1.798850728803783658e-10 1.823712367071017519e-10
5.615019999999999527e+02 1.612798322693667049e-10 1.824941325049732803e-10 1.655370329541600714e-10
5.757930000000000064e+02 1.370859663065813879e-10 1.577855081595816454e-10 1.768383842868370051e-10
5.900839999999999463e+02 1.288448989593749971e-10 1.507173393420406497e-10 1.574480625191540772e-10
6.043750000000000000e+02 1.327521817497852187e-10 1.276952649849808648e-10 1.449966004717339612e-10
6.186660000000000537e+02 1.314241505760609620e-10 1.215423567772655529e-10 1.232399601547735660e-10
6.329569999999999936e+02 1.139224047297260936e-10 1.174802744343442494e-10 1.177126043866796949e-10
6.472480000000000473e+02 9.749051454048081093e-11 1.150056224403740962e-10 1.118644330395951539e-10
6.633460000000000036e+02 8.705732105167241447e-11 1.060212438175419030e-10 1.071745743585357178e-10
6.824039999999999964e+02 8.678528774172710858e-11 9.358098249440581305e-11 9.625686969696714048e-11
7.014610000000000127e+02 8.653732444880525797e-11 8.349477067809971319e-11 8.497612122167215497e-11
7.205180000000000291e+02 7.916661892037754870e-11 7.824237776144052541e-11 7.918640886363401715e-11
7.395750000000000455e+02 6.745398835071956362e-11 7.545956478590111799e-11 7.468655124057522747e-11
7.586319999999999482e+02 5.781845896239384522e-11 7.159696396133889223e-11 7.192189634683728769e-11
7.776900000000000546e+02 5.332177243266195539e-11 6.608782988751558826e-11 6.691823367603184541e-11
7.967469999999999573e+02 5.244626192789635698e-11 5.929830651691782706e-11 6.080659905094086067e-11
8.158039999999999736e+02 5.334080642169626925e-11 5.228674863098642963e-11 5.461435764592011843e-11
8.348609999999999900e+02 5.134857505359156538e-11 4.755954848019496603e-11 4.929434328987849690e-11
8.539180000000000064e+02 4.719442164350025274e-11 4.510491012916022853e-11 4.511936007792453720e-11
8.729759999999999991e+02 4.100791958771482036e-11 4.361391547598345740e-11 4.286290548493673872e-11
8.977309999999999945e+02 3.361802370765899684e-11 4.202141841366153927e-11 4.165859789472149215e-11
9.231449999999999818e+02 2.835887183478067096e-11 4.046663048271985479e-11 3.928272164992948749e-11
9.485579999999999927e+02 2.717858396822604769e-11 3.619305826675754130e-11 3.624723688587845859e-11
9.739710000000000036e+02 2.789253331003376746e-11 3.150409291902129139e-11 3.256925864818796447e-11
9.993840000000000146e+02 2.874584938257172697e-11 2.734244500217286980e-11 2.884526565153542639e-11
1.024799999999999955e+03 2.799434302842370760e-11 2.487756890089376982e-11 2.558283662472728459e-11
1.050210000000000036e+03 2.540663335116298956e-11 2.344002220486197233e-11 2.374831813101445250e-11
1.075619999999999891e+03 2.158062976633217850e-11 2.305682212693639660e-11 2.252480073141363689e-11
1.101039999999999964e+03 1.753061171547359994e-11 2.295518092890034729e-11 2.160854932417963925e-11
1.126450000000000045e+03 1.444489560794089617e-11 2.203798676125868264e-11 2.105724621219972455e-11
1.151859999999999900e+03 1.260026431709266422e-11 2.021952365603973391e-11 2.049860669969645435e-11
1.180779999999999973e+03 1.197151180625873001e-11 1.828573722538109076e-11 1.896800672736080477e-11
1.214670000000000073e+03 1.262908563255348757e-11 1.603305607126491047e-11 1.661130880181500303e-11
1.248559999999999945e+03 1.336831272508946069e-11 1.364386295014620223e-11 1.467266608028012778e-11
1.282450000000000045e+03 1.338132654384648864e-11 1.206918061150418443e-11 1.294143846134492846e-11
1.316339999999999918e+03 1.253192385035585728e-11 1.129703811732432394e-11 1.160566144132149291e-11
1.350230000000000018e+03 1.096484231695625630e-11 1.066303748050214202e-11 1.107584051117192566e-11
1.384119999999999891e+03 9.333962048031686085e-12 1.071081584940381141e-11 1.016091311253384206e-11
1.418009999999999991e+03 7.296721732966402217e-12 1.049078462752545239e-11 1.011098991437902666e-11
1.451900000000000091e+03 6.276056479402234826e-12 1.028350836785909754e-11 9.251412382013437237e-12
1.485789999999999964e+03 4.967910381149622360e-12 8.874846409401588062e-12 1.002671732812728150e-11
1.519670000000000073e+03 4.383809365785791729e-12 8.399398909407416970e-12 9.299551798603204683e-12
1.553559999999999945e+03 4.321545438651724694e-12 7.813049680183062351e-12 8.285449938776829577e-12
1.597980000000000018e+03 4.505944641275465911e-12 6.690506607446333986e-12 7.584288477953841890e-12
1.643170000000000073e+03 4.899691855348008169e-12 6.043974156082167881e-12 6.323969850181081142e-12
1.688359999999999900e+03 5.007985892742904173e-12 5.297604407939872924e-12 5.587490866898291122e-12
1.733549999999999955e+03 5.010037267125021220e-12 4.516112591297408183e-12 5.115669555825497309e-12
1.778740000000000009e+03 4.817056838525329412e-12 4.198201182478129858e-12 4.484810899180524391e-12
1.823930000000000064e+03 4.435766500897822351e-12 4.017056095127011582e-12 3.994551398514072800e-12
1.869130000000000109e+03 3.951955696187945818e-12 4.005825163621031013e-12 3.540409373810641809e-12
1.914319999999999936e+03 3.387350658280063060e-12 4.024688079152701522e-12 3.207164742140758842e-12
1.959509999999999991e+03 2.824948158625613383e-12 3.434354355032107100e-12 3.552607209034675207e-12
2.004700000000000045e+03 2.451148360953230795e-12 2.970899982331475625e-12 3.641305550168477280e-12
2.049889999999999873e+03 1.985314183006870976e-12 3.826383568965163429e-12 2.570460836201356340e-12
2.101840000000000146e+03 1.530061477406886857e-12 3.262605600070025457e-12 2.931074668276670955e-12
2.162110000000000127e+03 1.239901559296440045e-12 2.896443160760517056e-12 2.958467809682127620e-12
2.222369999999999891e+03 1.117845381787651330e-12 2.281972949671361209e-12 3.124400923323866339e-12
2.282630000000000109e+03 1.144304219463766086e-12 2.221445530453295052e-12 2.633927452681618984e-12
2.342900000000000091e+03 1.019084063372890680e-12 2.546224213567627676e-12 1.965346021891058257e-12
2.403159999999999854e+03 9.942399792831581735e-13 1.741649678469807564e-12 2.361856785875045650e-12
2.463429999999999836e+03 1.057950153730891561e-12 1.935692788058538965e-12 1.708329245824191757e-12
2.523690000000000055e+03 1.050886654680521790e-12 1.424531405946959266e-12 1.860779724170963801e-12
2.583960000000000036e+03 1.046956647821300272e-12 1.455139621696268485e-12 1.504092406934645318e-12
2.644219999999999800e+03 1.084412777956090677e-12 1.266678817420560949e-12 1.348315901699953811e-12
2.704480000000000018e+03 1.064639131309375552e-12 1.086195850075879063e-12 1.264189712286100024e-12
2.764750000000000000e+03 1.038731795154084143e-12 9.931460698190657291e-13 1.125780435111483594e-12
2.844420000000000073e+03 1.012063666801729476e-12 8.844493970131507621e-13 1.001229900468588637e-12
2.924780000000000200e+03 9.713175571112137108e-13 8.257557873367125065e-13 8.646435628294781710e-13
3.005150000000000091e+03 9.123850019673766423e-13 7.314059481485257296e-13 8.037130608470455133e-13
3.085510000000000218e+03 8.360076479282399700e-13 6.803467088838249008e-13 7.363000989745412664e-13
3.165869999999999891e+03 7.673173113253191860e-13 6.535300188788587793e-13 6.522092954629681640e-13
3.246239999999999782e+03 6.967483586829637529e-13 6.162190153994148726e-13 5.995530685556441199e-13
3.326599999999999909e+03 6.203987190047858958e-13 5.782041474352801359e-13 5.648413974303395415e-13
3.406960000000000036e+03 5.458375162286519190e-13 5.461578416354467916e-13 5.349136613169356156e-13
3.487329999999999927e+03 4.766446183122621360e-13 5.166577077002651429e-13 5.071154079347857982e-13
3.567690000000000055e+03 4.157955776620034008e-13 4.882985614684585481e-13 4.821535203939812111e-13
3.648050000000000182e+03 3.633906027728094510e-13 4.621928796029864852e-13 4.542398137167178394e-13
3.741360000000000127e+03 3.077584987689588898e-13 4.371112760202640973e-13 4.330216974700497985e-13
3.848519999999999982e+03 2.498075304813205159e-13 4.132475259401157736e-13 4.181260392160065686e-13
3.955690000000000055e+03 2.041525842055381585e-13 3.904266700974902223e-13 3.976946867595402421e-13
4.062860000000000127e+03 1.695979424839890448e-13 3.665121515489122058e-13 3.774630796941587431e-13
4.170020000000000437e+03 1.445157504887192928e-13 3.430604880229891661e-13 3.531644834715751306e-13
4.277189999999999600e+03 1.283352876012113512e-13 3.261790062040749783e-13 3.198571588431713724e-13
4.384359999999999673e+03 1.159314780696251823e-13 3.153741990041411847e-13 2.824263271946305649e-13
4.491520000000000437e+03 9.814047871596026325e-14 2.961051120210922564e-13 2.632931195083831214e-13
4.598689999999999600e+03 7.680063816031502396e-14 2.619857959213275729e-13 2.682765985545493376e-13
4.705859999999999673e+03 6.927464080137417218e-14 2.384772595695367271e-13 2.523711525806303621e-13
4.813020000000000437e+03 7.229603623600101709e-14 2.309778903295788716e-13 2.132776445556792975e-13
4.920189999999999600e+03 6.162320985433277884e-14 2.042552367517374690e-13 2.113880823065821453e-13
5.063100000000000364e+03 5.564015287618095492e-14 1.805284528037399984e-13 2.014465539596788749e-13
5.206010000000000218e+03 5.482044101238744143e-14 1.669412967849946411e-13 1.799752404915291127e-13
5.348920000000000073e+03 5.782373189721408429e-14 1.568288671539379712e-13 1.545508074843061911e-13
5.491819999999999709e+03 5.724049697602289119e-14 1.360690382429805223e-13 1.463148597351407140e-13
5.634729999999999563e+03 5.391016103344294730e-14 1.200602403954222490e-13 1.383006362862317933e-13
5.777640000000000327e+03 5.500509595422417807e-14 1.141593989946335029e-13 1.187984039766073770e-13
5.920550000000000182e+03 5.480329721855858095e-14 9.795768947631696554e-14 1.126188554684300501e-13
6.063460000000000036e+03 5.308944912902765699e-14 9.074969158881590574e-14 1.008682159414859800e-13
6.206369999999999891e+03 5.295409444561325551e-14 8.053382968860950506e-14 9.201567569112934227e-14
6.349279999999999745e+03 5.146681316833922536e-14 7.362192685132822538e-14 8.316592602834138877e-14
6.492189999999999600e+03 5.031567604647987653e-14 6.501511587979772266e-14 7.684872872655333626e-14
6.659750000000000000e+03 4.920629272054298658e-14 6.063013315796207330e-14 6.691221391301332517e-14
6.850319999999999709e+03 4.772841475113371182e-14 5.041498650082958333e-14 6.374844318763000070e-14
7.040890000000000327e+03 4.638541360719822072e-14 4.947443186830585654e-14 5.305106265086374725e-14
7.231470000000000255e+03 4.477542325689377495e-14 4.044724741006595740e-14 5.162480442892429017e-14
7.422039999999999964e+03 4.276570796345047134e-14 4.002678041719856233e-14 4.309124207620617196e-14
7.612609999999999673e+03 4.098972261818376463e-14 3.222605948323951232e-14 4.268117796278988887e-14
7.803180000000000291e+03 3.874826708089225390e-14 3.462903278953393354e-14 3.325731438597766849e-14
7.993750000000000000e+03 3.697550385070513822e-14 2.347394292000679056e-14 3.796749754854921440e-14
8.184329999999999927e+03 3.456102404604911650e-14 3.204892680087417512e-14 2.412439028419422895e-14
8.374899999999999636e+03 3.304484253376403511e-14 1.789909804222377015e-14 3.274642883869101324e-14
8.565469999999999345e+03 3.040237612352400882e-14 2.425905448032288591e-14 2.246714575311874484e-14
8.758229999999999563e+03 2.890733844823886286e-14 2.217582485656644249e-14 2.014667782704237885e-14
9.012370000000000800e+03 2.669442638771083692e-14 1.464119503347225554e-14 2.394814515051652022e-14
9.266500000000000000e+03 2.483100456807328982e-14 2.182651570878878090e-14 1.325035394157671179e-14
9.520629999999999200e+03 2.332169215326018081e-14 8.446902614358461607e-15 2.326739302848496014e-14
9.774760000000000218e+03 2.072663299215391762e-14 2.038861717239583692e-14 9.406409512611658754e-15
1.002889999999999964e+04 2.029441798728961524e-14 1.009858026385896798e-14 1.617460194651714935e-14
1.028300000000000000e+04 1.781368318529636617e-14 9.157537993910811532e-15 1.589761744139359243e-14
1.053720000000000073e+04 1.638701571340679933e-14 1.761705708884564690e-14 5.490763874299110691e-15
1.079129999999999927e+04 1.602204227050811863e-14 6.402817926210396380e-15 1.393053803771447719e-14
1.104539999999999964e+04 1.378795791040048939e-14 6.538758050661474987e-15 1.324962998393322172e-14
1.129960000000000036e+04 1.245946031991094930e-14 1.482013837670443945e-14 3.684237145326297137e-15
1.155370000000000073e+04 1.247579928840703250e-14 8.172820012488810544e-15 7.922097250774980492e-15
1.185460000000000036e+04 1.085921004923792328e-14 2.803288359604594654e-15 1.260152126433518380e-14
1.219350000000000000e+04 9.215309099398490025e-15 1.190142555360477467e-14 2.912096375665430590e-15
1.253239999999999964e+04 9.490434582308329910e-15 6.729192998366750514e-15 5.878931354349428001e-15
1.287129999999999927e+04 8.152906384965227055e-15 1.640119259104072970e-15 1.050711875096911292e-14
1.321010000000000036e+04 6.675446179333163187e-15 8.589123426272876375e-15 3.403102781202537899e-15
1.354900000000000000e+04 6.854208775326308396e-15 8.464855791685996937e-15 1.862271570093100870e-15
1.388789999999999964e+04 6.560833818570546824e-15 1.703352542446691832e-15 7.530735083452044940e-15
1.422679999999999927e+04 5.188495664213548071e-15 2.310082448441667416e-15 7.077296498734983327e-15
1.456570000000000073e+04 4.436203890897297600e-15 7.300423696042877011e-15 1.697269955448133022e-15
1.490460000000000036e+04 4.655307862265119326e-15 6.736745300916809925e-15 9.760045005069345031e-16
1.524350000000000000e+04 4.598888424336834178e-15 2.056469163460772451e-15 4.771527952792039882e-15
1.559020000000000073e+04 3.739517171465826020e-15 5.574609616201125479e-16 6.236269160646392643e-15
1.604210000000000036e+04 2.832344815712372272e-15 4.575950534979060909e-15 2.238524351837599751e-15
1.649400000000000000e+04 2.988536268861209986e-15 5.630487857103309955e-15 2.272196693183447323e-16
1.694590000000000146e+04 3.101144179653952138e-15 1.924354859044056101e-15 3.095586190729362820e-15
1.739779999999999927e+04 2.461628506128604364e-15 2.533300406895090109e-16 4.729154513215513720e-15
1.784979999999999927e+04 1.793300998107183467e-15 2.460773561667621285e-15 2.603936563733757643e-15
1.830170000000000073e+04 1.708605608941511734e-15 4.378370110596147874e-15 2.216344004297399267e-16
1.875359999999999854e+04 1.930221401465866245e-15 3.378959326803142865e-15 4.984335261077810515e-16
1.920550000000000000e+04 1.898623388942131073e-15 1.075703142979546900e-15 2.364734938599680354e-15
1.965740000000000146e+04 1.516727642849554252e-15 9.282755473784837497e-17 3.318568745054338350e-15
2.010929999999999927e+04 1.082066644109858882e-15 9.846666032595915077e-16 2.474610831615216410e-15
2.056129999999999927e+04 8.864977215444668117e-16 2.405301732131358929e-15 8.956705933983992802e-16
2.110150000000000000e+04 9.775974794751767659e-16 2.903187999840000975e-15 -4.884533812122718266e-17
2.170420000000000073e+04 1.129496490543555884e-15 1.677952547627308262e-15 7.108488068587124104e-16
2.230679999999999927e+04 1.014799752173960522e-15 2.906353681842108850e-16 1.918330035846149313e-15
2.290950000000000000e+04 7.146612908480217509e-16 1.471825486143619662e-16 2.095377524447098626e-15
2.351209999999999854e+04 4.804713397390442711e-16 9.957862577770604127e-16 1.239179643126150669e-15
2.411470000000000073e+04 4.368295174575874146e-16 1.773176499208777828e-15 2.791293999296434890e-16
2.471740000000000146e+04 5.231775403266612883e-16 1.818790439577416716e-15 -4.783428349249144252e-17
2.532000000000000000e+04 5.994356407447785001e-16 1.212817785684325060e-15 2.971318984772175311e-16
2.592270000000000073e+04 5.812792047589822819e-16 4.762462730005112198e-16 8.832228830130189817e-16
2.652529999999999927e+04 4.712980536922645935e-16 5.458299656798776689e-17 1.256748863258605296e-15
2.712800000000000000e+04 3.314000474696663383e-16 7.860944745065091801e-17 1.234297638280482405e-15
2.775140000000000146e+04 2.180550847883180357e-16 4.160404951272950936e-16 8.783285478153650747e-16
2.855500000000000000e+04 1.710057799473737209e-16 9.003241846751492881e-16 3.113825050428837960e-16
2.935870000000000073e+04 2.088338262688442942e-16 1.067101139186652967e-15 -1.030144465523131589e-17
3.016229999999999927e+04 2.642487078793196647e-16 8.572685495965467432e-16 3.430297041716916404e-17
3.096590000000000146e+04 2.854383443819099896e-16 4.757918949250529291e-16 3.016251527795273571e-16
3.176959999999999854e+04 2.552304261690952441e-16 1.486620487956537567e-16 5.707747122283263062e-16
3.257320000000000073e+04 1.922889045530205787e-16 8.651471837626324299e-18 6.937201215595227280e-16
3.337680000000000291e+04 1.249378944829780474e-16 5.640464120934232291e-17 6.381472829970132563e-16
3.418050000000000000e+04 7.653380029156183371e-17 2.128789237559810857e-16 4.656777254718811330e-16
3.498409999999999854e+04 5.480718092306788161e-17 3.806582157195444200e-16 2.580503188112173458e-16
3.578780000000000291e+04 5.678945415207482941e-17 4.903093706268196937e-16 9.027773376950855335e-17
3.659140000000000146e+04 7.223543917942115384e-17 5.122354762854920779e-16 -4.259423362442138358e-19
3.756140000000000146e+04 9.561198135844569747e-17 4.466041699373938667e-16 -5.931669364440394895e-18
3.863309999999999854e+04 1.111622160167118518e-16 3.013664721524755602e-16 7.708473254596788451e-17
3.970469999999999709e+04 1.090148070539718986e-16 1.504334481827253221e-16 1.880590711762560870e-16
4.077640000000000146e+04 9.189415800970368043e-17 4.496351533265228067e-17 2.726138457791684713e-16
4.184800000000000000e+04 6.732136447396378705e-17 2.844648462429285743e-18 3.048219937254888364e-16
4.291969999999999709e+04 4.287978648221916157e-17 1.553799138298588492e-17 2.839973773350991382e-16
4.399140000000000146e+04 2.431337847411618341e-17 6.134424556082473716e-17 2.290795293800534951e-16
4.506300000000000000e+04 1.341559462034903270e-17 1.165791479288202213e-16 1.584909232048732949e-16
4.613469999999999709e+04 9.926911606847512301e-18 1.632748756922767680e-16 9.135222424046816827e-17
4.720640000000000146e+04 1.188952910427387265e-17 1.907843786410478973e-16 3.925691547985117399e-17
4.827800000000000000e+04 1.694776560940702877e-17 1.979643847419107349e-16 7.443382318966410970e-18
4.939900000000000000e+04 2.311987802584419384e-17 1.857226914925997225e-16 -5.144783108687665071e-18
5.082809999999999854e+04 3.007112783707455927e-17 1.532389420436683661e-16 2.376542067936644473e-18
5.225719999999999709e+04 3.354360964896720372e-17 1.098343905490005366e-16 2.530366037318663480e-17
5.368630000000000291e+04 3.352475358292488205e-17 6.838979884554152009e-17 5.276223349490209055e-17
5.511540000000000146e+04 3.021503965470195579e-17 3.480753057030103169e-17 7.616320418605881916e-17
5.654450000000000000e+04 2.496341047058894458e-17 1.278323575108286313e-17 9.124523922031310119e-17
5.797350000000000000e+04 1.895918972834080388e-17 2.163511464171722497e-18 9.680720038129937034e-17
5.940259999999999854e+04 1.311849624992431158e-17 8.492587502161479760e-19 9.350138405656474669e-17
6.083169999999999709e+04 8.219284505720139540e-18 5.935525499740710120e-18 8.446272835366596200e-17
6.226080000000000291e+04 4.447654388112725189e-18 1.448216323941389157e-17 7.121459172607281246e-17
6.368990000000000146e+04 1.910079074900072468e-18 2.396565634778723833e-17 5.628053482989859033e-17
6.511900000000000000e+04 5.074443214379804162e-19 3.284895183727425336e-17 4.202663649214048263e-17
6.686039999999999418e+04 1.427410564056846539e-20 4.160981397456228144e-17 2.698407442864730202e-17
6.876610000000000582e+04 5.212909345045466208e-19 4.765771072308094977e-17 1.421134881953241704e-17
7.067180000000000291e+04 1.633411065839406140e-18 4.963414255670130509e-17 5.522887846726365850e-18
7.257750000000000000e+04 2.945200160577547545e-18 4.811856048264294376e-17 6.706343930018191379e-19
7.448319999999999709e+04 4.150223594267184667e-18 4.382198467166732397e-17 -1.038137998783627736e-18
7.638900000000000000e+04 5.130876841695081931e-18 3.831281509576948151e-17 -4.818652686489774736e-19
7.829469999999999709e+04 5.751883853965010257e-18 3.186837115534563810e-17 1.505034476535099716e-18
8.020039999999999418e+04 6.030669953006488731e-18 2.541937418516575741e-17 4.193830088027089417e-18
8.210610000000000582e+04 5.980168908612347381e-18 1.936335216206975820e-17 7.004154373481973346e-18
8.401180000000000291e+04 5.725713508627977261e-18 1.420730984555532171e-17 9.629314396521374051e-18
8.591760000000000582e+04 5.264884636666324103e-18 9.868407184731743084e-18 1.175006590835126171e-17
8.793289999999999418e+04 4.681372896855615114e-18 6.320047448933597165e-18 1.343058661590111403e-17
9.047419999999999709e+04 3.948721887238542484e-18 3.237859699290784498e-18 1.494078997664128177e-17
9.301550000000000000e+04 3.160234365126222402e-18 1.315935215401602427e-18 1.544484390231471291e-17
9.555680000000000291e+04 2.439177207256078778e-18 3.473794430678729071e-19 1.533843970726722780e-17
9.809810000000000582e+04 1.777412039713757625e-18 6.531949488670579772e-20 1.454301818463427618e-17
1.006390000000000000e+05 1.220374565458774076e-18 2.513404904854247187e-19 1.337690084765883774e-17
