1.017789999999999928e+01 9.372107723594260293e-06 9.235815496162455877e-06 9.210693951518010984e-06
1.043200000000000038e+01 8.779694367473257196e-06 8.735481198944106555e-06 8.796306441907228115e-06
1.068609999999999971e+01 8.448300270305884342e-06 8.221938126827206051e-06 8.239068377716175231e-06
1.094030000000000058e+01 7.721655665086393672e-06 7.946720798604862767e-06 7.906563660918480735e-06
1.119439999999999991e+01 7.525728595769929520e-06 7.452524780116508436e-06 7.403086115431813196e-06
1.144849999999999923e+01 7.339838646915854603e-06 6.976891984546039576e-06 6.924534785667752304e-06
1.171439999999999948e+01 6.817069173556213722e-06 6.634755897059852182e-06 6.659339079458575922e-06
1.205320000000000036e+01 6.366773412534163835e-06 6.226710110270302261e-06 6.199169260055931873e-06
1.239209999999999923e+01 5.964645462598005671e-06 5.823563386473278372e-06 5.817434994951678869e-06
1.273099999999999987e+01 5.477323988741603856e-06 5.528594602795715033e-06 5.505358658023104949e-06
1.306990000000000052e+01 5.219341707386015719e-06 5.128426839551595002e-06 5.154226711097450020e-06
1.340879999999999939e+01 4.809961173742060345e-06 4.870774738325245055e-06 4.885361821455937666e-06
1.374770000000000003e+01 4.648716294000988576e-06 4.534001305493013929e-06 4.526100702570456324e-06
1.408660000000000068e+01 4.476003045698813126e-06 4.222514431899160370e-06 4.216953318721223028e-06
1.442549999999999955e+01 4.119365636539349254e-06 4.041537949371056007e-06 4.018842886424663667e-06
1.476440000000000019e+01 3.785815567590894063e-06 3.845766782721414234e-06 3.867171322688556421e-06
1.510330000000000084e+01 3.821087668098607642e-06 3.548768151984338678e-06 3.495531319349720033e-06
1.544209999999999994e+01 3.510062868661266393e-06 3.392632067042958857e-06 3.375245578252486385e-06
1.585510000000000019e+01 3.174301025210004086e-06 3.222654412830987905e-06 3.237308082977320802e-06
1.630699999999999861e+01 3.046081958089317009e-06 2.988342243385960165e-06 2.950607780676944942e-06
1.675890000000000057e+01 2.752773183067032445e-06 2.818559024106150183e-06 2.828432179094552428e-06
1.721079999999999899e+01 2.672686151249797322e-06 2.604425240063597007e-06 2.580251631594418156e-06
1.766280000000000072e+01 2.501328819218707000e-06 2.437395749842948011e-06 2.424884063754521452e-06
1.811469999999999914e+01 2.277398439627052932e-06 2.305033595437734721e-06 2.320646226711999841e-06
1.856660000000000110e+01 2.135452432328933342e-06 2.166387050013016730e-06 2.179728919403508332e-06
1.901849999999999952e+01 2.031971453146993125e-06 2.032958427633169330e-06 2.027013805487966181e-06
1.947040000000000148e+01 1.971556451738400545e-06 1.886217581703245053e-06 1.872552986708352479e-06
1.992229999999999990e+01 1.758562438976983572e-06 1.814733541439886846e-06 1.795871716746011276e-06
2.037430000000000163e+01 1.672043064141855129e-06 1.708168516296597631e-06 1.704951295677912459e-06
2.085219999999999985e+01 1.581144775365113227e-06 1.600759440592110787e-06 1.602120692348415539e-06
2.145479999999999876e+01 1.485834972328117318e-06 1.483427416144001728e-06 1.484189136123116974e-06
2.205750000000000099e+01 1.345765773033814752e-06 1.398524366659354918e-06 1.407351646500543745e-06
2.266009999999999991e+01 1.291593064449270601e-06 1.284427114689612967e-06 1.299562549772953570e-06
2.326269999999999882e+01 1.186321229943906421e-06 1.219028536002886755e-06 1.216960606074794691e-06
2.386540000000000106e+01 1.082379636089938208e-06 1.148536041934951869e-06 1.156587407624883336e-06
2.446799999999999997e+01 1.031475512477463891e-06 1.074815043205899207e-06 1.070381995540836430e-06
2.507069999999999865e+01 1.002829879226944504e-06 9.921968142343110061e-07 9.822623961460272809e-07
2.567330000000000112e+01 9.361952256618293741e-07 9.292593311398664273e-07 9.277112791137943975e-07
2.627590000000000003e+01 8.757758690204561314e-07 8.826545308673077931e-07 8.665732772761995894e-07
2.687859999999999872e+01 7.927737220077662594e-07 8.354396399862167486e-07 8.388384703356776958e-07
2.748120000000000118e+01 7.910295595489984739e-07 7.684012828671962656e-07 7.618809273168125748e-07
2.822250000000000014e+01 7.116227564380981001e-07 7.206182359720004891e-07 7.287102460918892153e-07
2.902609999999999957e+01 6.746996513737679831e-07 6.714066335773212094e-07 6.716617009457844353e-07
2.982979999999999876e+01 6.206074801409117267e-07 6.290407730766128842e-07 6.301129339418344836e-07
3.063340000000000174e+01 5.933123346992096637e-07 5.798908019434866342e-07 5.806493843108850107e-07
3.143700000000000117e+01 5.473482502520971675e-07 5.459277349836218320e-07 5.452043367502395715e-07
3.224069999999999681e+01 5.011722523039189125e-07 5.155966215846172791e-07 5.151672670225758755e-07
3.304429999999999978e+01 4.726000125329650159e-07 4.838759503404990277e-07 4.757446267329659279e-07
3.384790000000000276e+01 4.624774854932051350e-07 4.456420341440952121e-07 4.394136051250963799e-07
3.465160000000000196e+01 4.019478241472069847e-07 4.314626836864275779e-07 4.285261980315447896e-07
3.545519999999999783e+01 3.961887241649400057e-07 3.953230524535865956e-07 3.916556817229172666e-07
3.625880000000000081e+01 3.764788865356185603e-07 3.677463699228528299e-07 3.674783435369166923e-07
3.711789999999999878e+01 3.477437100614817546e-07 3.468911740467367651e-07 3.464512316166233103e-07
3.818959999999999866e+01 3.145192844826183398e-07 3.246737694248961003e-07 3.290169865310903887e-07
3.926129999999999853e+01 3.021620628206181877e-07 2.997111561706169330e-07 2.995952699749069703e-07
4.033290000000000219e+01 2.877342862260565031e-07 2.761517141803837311e-07 2.758103637657652440e-07
4.140460000000000207e+01 2.513379284054490762e-07 2.666063179925354302e-07 2.656468905879544681e-07
4.247630000000000194e+01 2.478115440161720123e-07 2.399794334023724303e-07 2.447000918632007681e-07
4.354789999999999850e+01 2.228587167245853080e-07 2.293705751837942016e-07 2.330174764813568935e-07
4.461959999999999837e+01 2.089610839609402944e-07 2.168856189382560313e-07 2.144747667687359129e-07
4.569129999999999825e+01 1.992684871145170821e-07 1.998562521698694407e-07 2.006691367504361176e-07
4.676290000000000191e+01 1.849736601807400855e-07 1.883149527535148325e-07 1.884943230983996329e-07
4.783460000000000178e+01 1.727560537719083997e-07 1.769218944311206725e-07 1.771935686473318138e-07
4.890630000000000166e+01 1.669361417947163166e-07 1.642328591621416974e-07 1.636441108121203483e-07
5.023669999999999902e+01 1.541761383018051857e-07 1.527842101853351971e-07 1.534041952799035803e-07
5.166579999999999728e+01 1.411807692262373200e-07 1.437021893354776650e-07 1.436860655139739853e-07
5.309490000000000265e+01 1.336421102911216259e-07 1.327268214747854792e-07 1.324013048047609870e-07
5.452400000000000091e+01 1.230437046163956809e-07 1.245479776989065325e-07 1.242355127218638759e-07
5.595309999999999917e+01 1.144153188545151843e-07 1.157702744688413374e-07 1.158973676508700461e-07
5.738219999999999743e+01 1.057803068467188137e-07 1.078056302963843859e-07 1.093802568963618627e-07
5.881130000000000280e+01 9.941361726492970407e-08 1.024994643455919563e-07 1.005995519513208084e-07
6.024040000000000106e+01 9.551047952303214131e-08 9.278895477213305617e-08 9.459766544191152804e-08
6.166949999999999932e+01 8.544186826134472609e-08 8.975570275970329863e-08 8.852266429961465477e-08
6.309859999999999758e+01 8.193443677080087306e-08 8.246611902902837525e-08 8.288249144070668466e-08
6.452760000000000673e+01 7.824305750121899096e-08 7.708411535730819378e-08 7.575233832278953653e-08
6.607179999999999609e+01 7.231536062498232539e-08 7.232334289617690053e-08 7.218393466037729137e-08
6.797750000000000625e+01 6.653737669424232148e-08 6.747359203777580485e-08 6.691624528722884972e-08
6.988320000000000221e+01 6.207076220331994634e-08 6.261331773668519209e-08 6.270415423985473622e-08
7.178889999999999816e+01 5.638362289141557030e-08 5.889474082090975845e-08 5.876331074634890796e-08
7.369469999999999743e+01 5.449775699144009811e-08 5.355147246478169450e-08 5.426112252088565498e-08
7.560039999999999338e+01 5.082399759031488458e-08 5.137056746864574865e-08 5.048805284245338278e-08
7.750610000000000355e+01 4.711417505057875306e-08 4.679674962132740785e-08 4.753954459802635826e-08
7.941179999999999950e+01 4.380656926943796581e-08 4.410797801360920548e-08 4.416497240735420132e-08
8.131749999999999545e+01 4.050601193663377233e-08 4.178150963414905875e-08 4.091222112004142687e-08
8.322329999999999472e+01 3.807505505305876864e-08 3.890485192175707430e-08 3.842213841942780178e-08
8.512900000000000489e+01 3.766112433711043294e-08 3.556676262221376715e-08 3.634962147609894843e-08
8.703470000000000084e+01 3.378635287646920362e-08 3.330654950866861663e-08 3.537791828145558308e-08
8.942260000000000275e+01 3.039414468412550294e-08 3.181995598766712312e-08 3.200920454715216652e-08
9.196389999999999532e+01 2.855382193424098256e-08 2.978795519624233096e-08 2.908272431569498075e-08
9.450520000000000209e+01 2.710096352588669558e-08 2.732305379793024173e-08 2.709564020778755576e-08
9.704659999999999798e+01 2.523003555589694629e-08 2.543051125502948486e-08 2.485828484871963587e-08
9.958790000000000475e+01 2.332338677188197437e-08 2.364296226886909230e-08 2.344839720348862446e-08
1.021290000000000049e+02 2.172982940573491787e-08 2.207804257024023317e-08 2.214493434164311556e-08
1.046710000000000065e+02 2.036660774728936175e-08 2.060292332178079344e-08 2.050840397043731646e-08
1.072120000000000033e+02 1.915793318413651925e-08 1.955718501934193492e-08 1.882950230564211197e-08
1.097530000000000001e+02 1.789309421720426857e-08 1.745894590978581001e-08 1.834160281681011877e-08
1.122939999999999969e+02 1.666928611890804065e-08 1.666348962661776779e-08 1.751019059048784035e-08
1.148359999999999985e+02 1.576767713943210077e-08 1.536396171235066069e-08 1.566351686767564814e-08
1.176110000000000042e+02 1.465467500874960897e-08 1.483903522323287731e-08 1.431850966801751979e-08
1.210000000000000000e+02 1.357536831521332623e-08 1.274712790841163704e-08 1.427257838430266905e-08
1.243889999999999958e+02 1.264452974901371936e-08 1.253440194801409637e-08 1.246983519224619975e-08
1.277780000000000058e+02 1.160019488059076336e-08 1.157207138528184029e-08 1.178753543946750038e-08
1.311670000000000016e+02 1.087192808907780289e-08 1.126246379346434421e-08 1.037379252065165006e-08
1.345550000000000068e+02 9.965468732901471912e-09 1.050412679335047374e-08 9.760975023748060076e-09
1.379439999999999884e+02 9.119346900151645567e-09 9.872271286726639136e-09 9.174148663121716800e-09
1.413329999999999984e+02 8.563518698519113661e-09 8.836670011754915463e-09 8.436728292765814982e-09
1.447220000000000084e+02 8.161077554529512152e-09 8.240877064001544442e-09 8.028221360632526065e-09
1.481109999999999900e+02 7.589176025351154323e-09 7.314105220406202231e-09 7.947102317995355066e-09
1.515000000000000000e+02 7.102479058787055451e-09 7.210431899428261109e-09 7.046028166784687161e-09
1.548890000000000100e+02 6.682436882813387356e-09 6.498343662360339082e-09 6.783448504826276395e-09
1.591740000000000066e+02 6.143373893601809305e-09 6.192179226456737618e-09 6.168106194941456520e-09
1.636930000000000121e+02 5.611718097001951232e-09 5.751556845591696609e-09 5.768909282406355033e-09
1.682129999999999939e+02 5.142173061038556920e-09 5.403761074118433391e-09 5.329539704843012712e-09
1.727319999999999993e+02 4.752508692688820392e-09 4.880907385302972772e-09 5.104696917008210035e-09
1.772510000000000048e+02 4.526330901707626590e-09 4.572563772405170133e-09 4.590792725887205041e-09
1.817700000000000102e+02 4.179710874470593762e-09 4.331874968617710747e-09 4.216862596911696219e-09
1.862889999999999873e+02 3.927120954116328530e-09 3.912557139957107024e-09 4.005334240926565670e-09
1.908079999999999927e+02 3.660838621638799890e-09 3.696297721655636657e-09 3.670823127201610383e-09
1.953280000000000030e+02 3.416399734754554490e-09 3.453027724147840307e-09 3.410756981097606330e-09
1.998470000000000084e+02 3.196105512282827510e-09 3.135397833220479029e-09 3.254652914496695322e-09
2.043660000000000139e+02 2.954511870623980616e-09 3.025114400068521436e-09 2.961908174307499692e-09
2.093530000000000086e+02 2.794069830978838715e-09 2.726208726699893222e-09 2.801048733821269499e-09
2.153789999999999907e+02 2.550577927766954569e-09 2.678835590510834306e-09 2.460616192722212429e-09
2.214060000000000059e+02 2.351046538338031563e-09 2.334487992759066528e-09 2.429951877902903555e-09
2.274319999999999879e+02 2.166918452445371009e-09 2.207338741986188576e-09 2.217233095152346442e-09
2.334590000000000032e+02 2.000072251872456074e-09 2.039749300891298170e-09 2.072505850736246406e-09
2.394850000000000136e+02 1.829313685351084754e-09 1.869290047348417828e-09 1.972686320800498128e-09
2.455109999999999957e+02 1.713513083954559099e-09 1.720473832693702762e-09 1.836189995851739732e-09
2.515380000000000109e+02 1.565544193982715423e-09 1.628132820329791110e-09 1.705549009687494994e-09
2.575640000000000214e+02 1.467528417150916371e-09 1.589391899045461092e-09 1.500758870803623157e-09
2.635910000000000082e+02 1.359912650885376830e-09 1.481721587517061445e-09 1.399556043597562146e-09
2.696170000000000186e+02 1.314340136780840981e-09 1.322710406730486574e-09 1.313882472488673228e-09
2.756440000000000055e+02 1.236449324265547986e-09 1.224414065847169150e-09 1.220584217237283465e-09
2.833330000000000268e+02 1.106988746188253856e-09 1.158020290040840335e-09 1.137351327670906450e-09
2.913700000000000045e+02 1.023098949008477200e-09 1.058416402819792370e-09 1.061228689171731046e-09
2.994060000000000059e+02 9.628426481202030791e-10 9.709031790980316389e-10 9.711007316817657517e-10
3.074420000000000073e+02 8.566067048683729270e-10 8.816177075979356770e-10 9.516822301836915572e-10
3.154789999999999850e+02 8.196014894285412006e-10 8.470425230685381103e-10 8.289155015718622429e-10
3.235149999999999864e+02 7.619849961553108667e-10 7.714128973072992393e-10 7.775588582373902386e-10
3.315509999999999877e+02 6.837576132005751277e-10 7.209959723417171187e-10 7.391127015577080418e-10
3.395880000000000223e+02 6.623446541950051625e-10 6.679671063139456398e-10 6.613527969910495196e-10
3.476240000000000236e+02 6.083736210648301559e-10 6.230168765567687213e-10 6.105384445212754694e-10
3.556610000000000014e+02 5.487430190609265837e-10 5.858100972846662094e-10 5.858704349544073953e-10
3.636970000000000027e+02 5.265961591909114585e-10 5.338603742035896487e-10 5.391151815530624430e-10
3.726580000000000155e+02 4.925671986343395146e-10 4.958407843905979461e-10 4.953865822250628546e-10
3.833740000000000236e+02 4.355985733971259454e-10 4.664223520440661254e-10 4.663098599138081033e-10
3.940910000000000082e+02 4.143837231319298068e-10 4.232459422198973925e-10 4.256849770681730670e-10
4.048079999999999927e+02 3.883436461875507167e-10 3.901204968461254991e-10 3.891176171613240627e-10
4.155240000000000009e+02 3.393709762157265143e-10 3.702917861421239032e-10 3.699114915121497875e-10
4.262409999999999854e+02 3.176100355348793374e-10 3.364380092073608005e-10 3.458824064327600149e-10
4.369569999999999936e+02 3.099917849656430760e-10 3.070031537880164320e-10 3.093200280963405509e-10
4.476739999999999782e+02 2.762796190683067860e-10 2.919640666412084393e-10 2.904696617654849437e-10
4.583910000000000196e+02 2.398315649795881609e-10 2.833155369357676799e-10 2.782312294038031928e-10
4.691070000000000277e+02 2.300577640444009421e-10 2.519042830392194258e-10 2.572184999703797526e-10
4.798240000000000123e+02 2.302097982025783662e-10 2.253472241025526142e-10 2.306003175483691565e-10
4.905409999999999968e+02 2.121427656831587133e-10 2.171434748656253451e-10 2.079688602742160806e-10
5.043389999999999986e+02 1.765102700072058358e-10 2.059543852660128468e-10 2.049207262962814072e-10
5.186299999999999955e+02 1.585005191497967910e-10 1.893377513314637208e-10 1.932502282962395699e-10
5.329199999999999591e+02 1.641011749135220350e-10 1.653454935855504594e-10 1.700344891229276015e-10
5.472110000000000127e+02 1.576221723763528397e-10 1.507562828310199882e-10 1.528602724761272330e-10
5.615019999999999527e+02 1.351693602882571947e-10 1.526270410878436197e-10 1.384995740328992861e-10
5.757930000000000064e+02 1.148703037079734305e-10 1.317757565836019416e-10 1.476701570184246719e-10
5.900839999999999463e+02 1.077260700579472642e-10 1.257820427212591595e-10 1.313095280651317578e-10
6.043750000000000000e+02 1.106668656214440799e-10 1.064914639637716385e-10 1.208273828039343675e-10
6.186660000000000537e+02 1.093572753665235176e-10 1.011858421385091242e-10 1.026014756839174201e-10
6.329569999999999936e+02 9.472120942647700824e-11 9.760644183036704801e-11 9.780977679410597286e-11
6.472480000000000473e+02 8.100822476800157406e-11 9.534688074894454639e-11 9.276144702580393778e-11
6.633460000000000036e+02 7.225658486203041370e-11 8.777622224174776979e-11 8.872176125687186000e-11
6.824039999999999964e+02 7.188343494810365817e-11 7.743804985070099994e-11 7.962595625874535811e-11
7.014610000000000127e+02 7.153230995512833374e-11 6.904915821382436783e-11 7.025356753120026808e-11
7.205180000000000291e+02 6.536931687052960275e-11 6.462373244242460880e-11 6.635979266998602678e-11
7.395750000000000455e+02 5.568576660539846116e-11 6.222002872573643213e-11 6.159019744833514390e-11
7.586319999999999482e+02 4.772336931995747150e-11 5.894386611445146358e-11 5.921877490409109689e-11
7.776900000000000546e+02 4.395939773726180529e-11 5.434903674523499353e-11 5.501557409672364942e-11
7.967469999999999573e+02 4.314435759833119621e-11 4.871024719052043866e-11 4.994266257865339246e-11
8.158039999999999736e+02 4.377551005432028110e-11 4.291581644521424879e-11 4.480491034083132549e-11
8.348609999999999900e+02 4.205925609233050579e-11 3.898311448370880269e-11 4.039238893234072134e-11
8.539180000000000064e+02 3.860161398484053458e-11 3.690359982579498145e-11 3.691576626002951059e-11
8.729759999999999991e+02 3.350550312458149543e-11 3.561081393098806148e-11 3.500319387245045954e-11
8.977309999999999945e+02 2.746821953795730809e-11 3.426213209870078960e-11 3.397223912487041633e-11
9.231449999999999818e+02 2.316385657650912141e-11 3.295987593061675061e-11 3.199448861560313104e-11
9.485579999999999927e+02 2.216553396439760345e-11 2.945743357294496354e-11 2.949231609169090194e-11
9.739710000000000036e+02 2.270070936604765340e-11 2.562420543117486259e-11 2.647825991665700289e-11
9.993840000000000146e+02 2.335158061827450393e-11 2.222103274455765427e-11 2.343257040455985657e-11
1.024799999999999955e+03 2.270961624995668427e-11 2.019309826982280203e-11 2.076288771864167275e-11
1.050210000000000036e+03 2.058979279326672402e-11 1.899716134906294672e-11 1.924957744939193965e-11
1.075619999999999891e+03 1.747629006714337279e-11 1.865676777049315107e-11 1.822831174068078380e-11
1.101039999999999964e+03 1.418750409232096110e-11 1.854565368376672099e-11 1.745599791359609665e-11
1.126450000000000045e+03 1.167969765635489933e-11 1.777751947473036746e-11 1.698196844125958929e-11
1.151859999999999900e+03 1.017258795735936937e-11 1.628533338306041096e-11 1.650649293860484022e-11
1.180779999999999973e+03 9.648367943073078117e-12 1.471198013076569298e-11 1.525306614356378838e-11
1.214670000000000073e+03 1.016191337246338986e-11 1.288654756292336992e-11 1.335185270491092065e-11
1.248559999999999945e+03 1.073933876683698293e-11 1.096026043339401018e-11 1.178366322690445506e-11
1.282450000000000045e+03 1.073582075273796562e-11 9.687342645023360047e-12 1.038435761860206799e-11
1.316339999999999918e+03 1.004331773448022326e-11 9.057481389865265898e-12 9.303869673841736946e-12
1.350230000000000018e+03 8.779213374700079213e-12 8.538898592156681001e-12 8.868553679040595045e-12
1.384119999999999891e+03 7.466843221480768528e-12 8.565024347037728374e-12 8.126474833394884951e-12
1.418009999999999991e+03 5.833019113609588487e-12 8.377469796349901699e-12 8.075220002261317518e-12
1.451900000000000091e+03 5.012117381004962038e-12 8.200488715938548196e-12 7.378832677354285575e-12
1.485789999999999964e+03 3.963587020121331132e-12 7.067927388707469489e-12 7.984858709382016221e-12
1.519670000000000073e+03 3.492348953500949003e-12 6.679743612662133898e-12 7.395221338086071632e-12
1.553559999999999945e+03 3.436017755764026797e-12 6.204285011865424798e-12 6.579129349549162015e-12
1.597980000000000018e+03 3.578443982909790732e-12 5.308523197515822647e-12 6.017126987047673677e-12
1.643170000000000073e+03 3.886537786185909751e-12 4.791637595030589479e-12 5.013145297336011940e-12
1.688359999999999900e+03 3.967868405682245345e-12 4.196470259472618256e-12 4.425514716477689913e-12
1.733549999999999955e+03 3.964998242428322259e-12 3.574281340535646580e-12 4.048162195409345153e-12
1.778740000000000009e+03 3.808018075771546117e-12 3.319390084225070488e-12 3.545577874902278697e-12
1.823930000000000064e+03 3.502678052448023918e-12 3.172770658079244691e-12 3.154734796419056542e-12
1.869130000000000109e+03 3.117092472687643875e-12 3.160267260093943904e-12 2.792927937646918178e-12
1.914319999999999936e+03 2.668610600041923495e-12 3.171262426517486003e-12 2.526977857212563560e-12
1.959509999999999991e+03 2.222774139946380800e-12 2.702461653841057523e-12 2.795735463453907839e-12
2.004700000000000045e+03 1.926108209434583293e-12 2.334513650794838580e-12 2.861715814533937418e-12
2.049889999999999873e+03 1.557683451978665558e-12 3.003052321543675027e-12 2.016870195500711589e-12
2.101840000000000146e+03 1.198876396647370515e-12 2.557416919851069343e-12 2.297497398114478112e-12
2.162110000000000127e+03 9.706845837801941122e-13 2.268461456729175916e-12 2.317243888475162893e-12
2.222369999999999891e+03 8.744362389532175037e-13 1.785390283214606956e-12 2.445397644131618355e-12
2.282630000000000109e+03 8.944808897587387896e-13 1.736657616324403958e-12 2.059470285023702028e-12
2.342900000000000091e+03 7.957658340211867907e-13 1.989229250922120558e-12 1.534904014226287313e-12
2.403159999999999854e+03 7.756176046812512740e-13 1.358808473370807877e-12 1.843425473335785476e-12
2.463429999999999836e+03 8.245301448102833845e-13 1.509158201796736027e-12 1.331536186294621768e-12
2.523690000000000055e+03 8.181329740952748091e-13 1.109047364170239919e-12 1.449216016578671776e-12
2.583960000000000036e+03 8.141131516332661529e-13 1.131829181322855878e-12 1.169876577182743744e-12
2.644219999999999800e+03 8.422972499200223617e-13 9.839848640013750125e-13 1.047399193241051177e-12
2.704480000000000018e+03 8.258879152918311334e-13 8.425625400190321905e-13 9.808570348930391529e-13
2.764750000000000000e+03 8.047086488566784086e-13 7.693026001100110330e-13 8.722288596873102173e-13
2.844420000000000073e+03 7.835177634207836905e-13 6.845506411017674499e-13 7.751106123740369790e-13
2.924780000000000200e+03 7.514352200520993572e-13 6.386904976746005831e-13 6.687580090634863580e-13
3.005150000000000091e+03 7.052920725225929577e-13 5.651845428335662950e-13 6.211755655297515959e-13
3.085510000000000218e+03 6.456646600063215314e-13 5.252714260011491122e-13 5.686372687494025629e-13
3.165869999999999891e+03 5.920660663874994419e-13 5.042177306063315563e-13 5.031628760756696190e-13
3.246239999999999782e+03 5.371009439148989832e-13 4.750455556212023196e-13 4.620445141271425179e-13
3.326599999999999909e+03 4.777487310323535879e-13 4.453178510830766249e-13 4.348594777489111350e-13
3.406960000000000036e+03 4.198513550646832499e-13 4.202098327311617897e-13 4.114016958852325690e-13
3.487329999999999927e+03 3.661724382537675631e-13 3.970946159813114477e-13 3.896034084067303398e-13
3.567690000000000055e+03 3.189906198534100562e-13 3.748829027002643374e-13 3.700057157959629514e-13
3.648050000000000182e+03 2.783674949214263562e-13 3.544131535629566965e-13 3.481807543271567377e-13
3.741360000000000127e+03 2.354441241989540465e-13 3.348637875695526561e-13 3.316077260398376076e-13
3.848519999999999982e+03 1.909082756920236274e-13 3.163816295163077350e-13 3.199927136653821033e-13
3.955690000000000055e+03 1.558386428434087309e-13 2.987015664866000144e-13 3.041540305384992897e-13
4.062860000000000127e+03 1.293051462781994438e-13 2.801964896949305202e-13 2.884762769991704023e-13
4.170020000000000437e+03 1.100474591301179286e-13 2.620550142465291027e-13 2.697067919080761121e-13
4.277189999999999600e+03 9.761242085231278052e-14 2.489345646176264322e-13 2.440897740669879231e-13
4.384359999999999673e+03 8.807682014958281411e-14 2.404546002007753544e-13 2.153599053717050879e-13
4.491520000000000437e+03 7.445562058345088960e-14 2.255503551166762651e-13 2.005830027161693209e-13
4.598689999999999600e+03 5.815820730145161068e-14 1.993827557390921576e-13 2.041518891458613916e-13
4.705859999999999673e+03 5.238883341411060106e-14 1.812978042519255816e-13 1.918469644653375387e-13
4.813020000000000437e+03 5.463596453271841509e-14 1.753751637420036525e-13 1.619715475545945063e-13
4.920189999999999600e+03 4.648803638341903935e-14 1.549102071654741521e-13 1.603308130913324559e-13
5.063100000000000364e+03 4.195305605122830465e-14 1.368283453477758529e-13 1.526835601926711623e-13
5.206010000000000218e+03 4.133110784145682572e-14 1.264353165356704311e-13 1.363193737275549516e-13
5.348920000000000073e+03 4.360037186513220064e-14 1.186769340341863179e-13 1.169862163401503236e-13
5.491819999999999709e+03 4.314949186044597565e-14 1.028869845657954432e-13 1.106642742155187991e-13
5.634729999999999563e+03 4.061765667345870899e-14 9.071178469593238994e-14 1.045124407649376857e-13
5.777640000000000327e+03 4.142838539330460964e-14 8.617301688725849215e-14 8.970360229052032519e-14
5.920550000000000182e+03 4.125537094603319825e-14 7.387475750544460146e-14 8.495928780338842311e-14
6.063460000000000036e+03 3.993802867313034650e-14 6.837380892512276688e-14 7.602188813909851971e-14
6.206369999999999891e+03 3.980910152304245396e-14 6.061228585582522998e-14 6.928147907346688235e-14
6.349279999999999745e+03 3.865858678067527904e-14 5.535100123730883740e-14 6.255105858663423607e-14
6.492189999999999600e+03 3.775987490185675323e-14 4.882271351988850344e-14 5.773473291915580244e-14
6.659750000000000000e+03 3.690314509544487517e-14 4.548798337377853549e-14 5.022411982663560069e-14
6.850319999999999709e+03 3.578001127173916649e-14 3.779619353015054888e-14 4.781700515745536312e-14
7.040890000000000327e+03 3.475615425655242834e-14 3.706786371048251912e-14 3.976389494602132642e-14
7.231470000000000255e+03 3.353202076257145224e-14 3.027786391171004158e-14 3.866852857349030472e-14
7.422039999999999964e+03 3.200666795141046699e-14 2.994535143791332277e-14 3.224911292331089676e-14
7.612609999999999673e+03 3.065797120903241759e-14 2.408461199478856352e-14 3.192025360648360015e-14
7.803180000000000291e+03 2.895951620066874180e-14 2.586667230001410236e-14 2.484751922301604682e-14
7.993750000000000000e+03 2.761405217145498405e-14 1.751107589322468007e-14 2.834713763308404835e-14
8.184329999999999927e+03 2.578824461785095386e-14 2.389825054763533783e-14 1.799044878955538903e-14
8.374899999999999636e+03 2.463546466646128724e-14 1.332730094615448932e-14 2.440184518286252496e-14
8.565469999999999345e+03 2.264356633305320599e-14 1.804998862159395491e-14 1.672406364636965498e-14
8.758229999999999563e+03 2.150761189716951549e-14 1.648673339376832284e-14 1.497681961642575756e-14
9.012370000000000800e+03 1.985121412368588102e-14 1.087085218303269995e-14 1.779988919406652428e-14
9.266500000000000000e+03 1.845357026411849504e-14 1.621082896445947504e-14 9.835741622481414497e-15
9.520629999999999200e+03 1.732231727638330459e-14 6.260664508082475002e-15 1.727317960067369081e-14
9.774760000000000218e+03 1.538377855557884596e-14 1.512353194922000538e-14 6.973314146473995820e-15
1.002889999999999964e+04 1.505292920075760859e-14 7.482782112729080960e-15 1.198795368032153379e-14
1.028300000000000000e+04 1.320346921622699987e-14 6.777123136360834163e-15 1.177799344210480680e-14
1.053720000000000073e+04 1.213569980894950903e-14 1.304235639258941131e-14 4.058821819464503488e-15
1.079129999999999927e+04 1.185636644556946258e-14 4.732630633638777549e-15 1.030218051753221866e-14
1.104539999999999964e+04 1.019437641229279706e-14 4.827013594504523231e-15 9.793200733394015400e-15
1.129960000000000036e+04 9.202803763287487581e-15 1.094437939752511839e-14 2.715995895809155837e-15
1.155370000000000073e+04 9.206332946794553753e-15 6.029042532074096941e-15 5.840604773585532376e-15
1.185460000000000036e+04 8.007649762897079753e-15 2.061674076735084462e-15 9.290879247069841004e-15
1.219350000000000000e+04 6.790646073225968505e-15 8.769851369155406128e-15 2.142600976142505247e-15
1.253239999999999964e+04 6.989729300040449841e-15 4.955908804307277494e-15 4.326273677858839926e-15
1.287129999999999927e+04 6.001118037361199073e-15 1.203606292870946187e-15 7.734183522137251324e-15
1.321010000000000036e+04 4.909612900066342402e-15 6.317675105381920532e-15 2.501818791714644709e-15
1.354900000000000000e+04 5.037814896747298129e-15 6.224281991462485677e-15 1.365696121493558431e-15
1.388789999999999964e+04 4.819258489325892734e-15 1.250008876384521470e-15 5.531604754972445213e-15
1.422679999999999927e+04 3.807955786500200079e-15 1.693714566876941318e-15 5.196121859550243748e-15
1.456570000000000073e+04 3.252664661664017507e-15 5.355696835881868802e-15 1.243765389070516489e-15
1.490460000000000036e+04 3.410759404668132467e-15 4.939330212561435006e-15 7.130466573029435620e-16
1.524350000000000000e+04 3.366878982098827331e-15 1.505867239900747352e-15 3.493520798819710920e-15
1.559020000000000073e+04 2.735056096122307901e-15 4.063970412618396161e-16 4.563731017043783517e-15
1.604210000000000036e+04 2.069819953533210358e-15 3.346631819019774237e-15 1.636913813152182384e-15
1.649400000000000000e+04 2.182985279976559847e-15 4.117220473619289286e-15 1.645438519167606241e-16
1.694590000000000146e+04 2.264460028653309234e-15 1.406232028384150180e-15 2.260972281528522646e-15
1.739779999999999927e+04 1.796260436110545805e-15 1.841158255579630285e-16 3.453800380098001142e-15
1.784979999999999927e+04 1.307242505890513778e-15 1.795539699276238302e-15 1.900602038031868746e-15
1.830170000000000073e+04 1.244604558600750590e-15 3.194121334973392983e-15 1.609790622114046804e-16
1.875359999999999854e+04 1.405529709531845601e-15 2.463751681578406880e-15 3.623850438525207702e-16
1.920550000000000000e+04 1.381767337866751349e-15 7.836878257408872339e-16 1.722104617512432916e-15
1.965740000000000146e+04 1.102856413120564129e-15 6.713284427826487037e-17 2.415742830171219072e-15
2.010929999999999927e+04 7.858054998317585154e-16 7.157914253000383950e-16 1.800143634334118010e-15
2.056129999999999927e+04 6.429872923576000714e-16 1.748098365503455610e-15 6.508632272406811074e-16
2.110150000000000000e+04 7.088246287388060671e-16 2.109076419189472834e-15 -3.594111735509828846e-17
2.170420000000000073e+04 8.189483866859842135e-16 1.218535559081556352e-15 5.156043981338719572e-16
2.230679999999999927e+04 7.354671352063559753e-16 2.108626756702534498e-16 1.391906716973969967e-15
2.290950000000000000e+04 5.174498770676696909e-16 1.064972561665376100e-16 1.519881491945272898e-15
2.351209999999999854e+04 3.473984027398334135e-16 7.217048647746314960e-16 8.983941855883602964e-16
2.411470000000000073e+04 3.156023758756485787e-16 1.284767421838943673e-15 2.021457390783494671e-16
2.471740000000000146e+04 3.780025336078311587e-16 1.317186429034622261e-15 -3.487554324532730866e-17
2.532000000000000000e+04 4.330451463932704449e-16 8.778473565143535397e-16 2.147560312760910199e-16
2.592270000000000073e+04 4.197170565128920204e-16 3.444854180807126973e-16 6.385423796101542924e-16
2.652529999999999927e+04 3.400045305419746336e-16 3.939739956584123916e-17 9.081446699555746556e-16
2.712800000000000000e+04 2.387579147425756447e-16 5.665061048602983253e-17 8.913351685575478037e-16
2.775140000000000146e+04 1.568072957173306191e-16 3.000982874741796931e-16 6.338266656379467808e-16
2.855500000000000000e+04 1.228221996583446282e-16 6.493686301305385224e-16 2.245941837533029637e-16
2.935870000000000073e+04 1.500758350065812946e-16 7.694238335964794707e-16 -7.502902394330060183e-18
3.016229999999999927e+04 1.899946519358948677e-16 6.178962165479911549e-16 2.460399272722439263e-17
3.096590000000000146e+04 2.052203130335297564e-16 3.427973026983181638e-16 2.171587318436573178e-16
3.176959999999999854e+04 1.834137309863305149e-16 1.070530440405484324e-16 4.108697576354758193e-16
3.257320000000000073e+04 1.380568475860625994e-16 6.200085899931344557e-18 4.991715324962115980e-16
3.337680000000000291e+04 8.956284354597776751e-17 4.051622404125223381e-17 4.589585176081926062e-16
3.418050000000000000e+04 5.473199464788989711e-17 1.529612061772084313e-16 3.347330173127407574e-16
3.498409999999999854e+04 3.910432493105042081e-17 2.734013947831335687e-16 1.853740372763266309e-16
3.578780000000000291e+04 4.051597475585979628e-17 3.519540404780621253e-16 6.480023383650820771e-17
3.659140000000000146e+04 5.158495007406046881e-17 3.674507365688482602e-16 -3.281331431566126047e-19
3.756140000000000146e+04 6.833881796069157186e-17 3.202247227110210737e-16 -4.291900734110363323e-18
3.863309999999999854e+04 7.948101506545784274e-17 2.160171002607135862e-16 5.520049592522590273e-17
3.970469999999999709e+04 7.793272945436505763e-17 1.077924383291861950e-16 1.346876909438227173e-16
4.077640000000000146e+04 6.565742430044230177e-17 3.220420426452107100e-17 1.951943369309920707e-16
4.184800000000000000e+04 4.805290611275083035e-17 2.027980271078144146e-18 2.181767464538485076e-16
4.291969999999999709e+04 3.055416382013565162e-17 1.110007580097981616e-17 2.031877814470889932e-16
4.399140000000000146e+04 1.726951518030246069e-17 4.384803054347296678e-17 1.638207806722658091e-16
4.506300000000000000e+04 9.478235854949768281e-18 8.330522529766038117e-17 1.132848177513958786e-16
4.613469999999999709e+04 6.987282688047845852e-18 1.166196581963633129e-16 6.526015702514615989e-17
4.720640000000000146e+04 8.391086689959218623e-18 1.361945133829068822e-16 2.802605419483230862e-17
4.827800000000000000e+04 1.200108876336211942e-17 1.412349977957155217e-16 5.306393857152155524e-18
4.939900000000000000e+04 1.640114229780763740e-17 1.324214982397510023e-16 -3.676497828628601763e-18
5.082809999999999854e+04 2.135778017440659767e-17 1.092284510027142902e-16 1.681518362516604693e-18
5.225719999999999709e+04 2.383209625125663886e-17 7.826493529144427941e-17 1.801476252942057484e-17
5.368630000000000291e+04 2.381638322195619044e-17 4.871629777475344380e-17 3.756527181091528237e-17
5.511540000000000146e+04 2.145671393846348771e-17 2.478550112384914900e-17 5.421270363236142310e-17
5.654450000000000000e+04 1.771551839178532332e-17 9.098423811621339230e-18 6.492571096724105214e-17
5.797350000000000000e+04 1.344091394735381593e-17 1.537419843530542874e-18 6.885599745914689498e-17
5.940259999999999854e+04 9.285526980381504918e-18 6.001004287999480000e-19 6.647537052845589192e-17
6.083169999999999709e+04 5.802118949036093514e-18 4.212809738464091677e-18 6.002029296087471142e-17
6.226080000000000291e+04 3.122784173872282621e-18 1.027998303121934425e-17 5.057951184611526840e-17
6.368990000000000146e+04 1.322115079380063313e-18 1.700549810780821996e-17 3.995011100631523886e-17
6.511900000000000000e+04 3.282336894269279960e-19 2.329656985154016377e-17 2.981367274838168355e-17
6.686039999999999418e+04 -1.962520712559265005e-20 2.949923103657881115e-17 1.913448310476358164e-17
6.876610000000000582e+04 3.416661981828560884e-19 3.377776224072581936e-17 1.007403466472214096e-17
7.067180000000000291e+04 1.131444626555410664e-18 3.516768038896280704e-17 3.913236434819152060e-18
7.257750000000000000e+04 2.062014759544494737e-18 3.408221865141278481e-17 4.739865123142387976e-19
7.448319999999999709e+04 2.916289048373966842e-18 3.102742102665371102e-17 -7.368471644452153122e-19
7.638900000000000000e+04 3.610727867427852481e-18 2.711594713380989248e-17 -3.434794730606038835e-19
7.829469999999999709e+04 4.050040135182284418e-18 2.254505488719719302e-17 1.061796162407958393e-18
8.020039999999999418e+04 4.246731651738116122e-18 1.797439063382151469e-17 2.962188047828649783e-18
8.210610000000000582e+04 4.210296198895651291e-18 1.368519255374418134e-17 4.946608195368475457e-18
8.401180000000000291e+04 4.029416914943285877e-18 1.003560819204858018e-17 6.797970700406515442e-18
8.591760000000000582e+04 3.702840866333476190e-18 6.966570710421504469e-18 8.290899014341953509e-18
8.793289999999999418e+04 3.290028178657593239e-18 4.458922433229923983e-18 9.471528333651632859e-18
9.047419999999999709e+04 2.773370870485591299e-18 2.283574594174046975e-18 1.053379627218616835e-17
9.301550000000000000e+04 2.217555295584429422e-18 9.275616546992672737e-19 1.088579348737722285e-17
9.555680000000000291e+04 1.709380043006958468e-18 2.443740195148507575e-19 1.080708924267983718e-17
9.809810000000000582e+04 1.243282839625879108e-18 4.533173678495084679e-20 1.024279800771594724e-17
1.006390000000000000e+05 8.511601784527085721e-19 1.760819464178326378e-19 9.417549626866768461e-18
