1.017789999999999928e+01 9.722437098969040394e-06 9.696965275308584269e-06 9.605338180496234435e-06
1.043200000000000038e+01 9.064251635322789619e-06 9.234873665387088930e-06 9.165939856624023081e-06
1.068609999999999971e+01 8.618524166541303541e-06 8.680070179511414403e-06 8.696494374975081252e-06
1.094030000000000058e+01 8.240003753423620072e-06 8.200267589690603886e-06 8.179008016730716078e-06
1.119439999999999991e+01 7.659769408550691597e-06 7.874658619431991984e-06 7.839042421604612405e-06
1.144849999999999923e+01 7.352527206259896943e-06 7.411945768466540805e-06 7.404265685501614948e-06
1.171439999999999948e+01 7.045146895992461799e-06 6.961575283629234300e-06 6.982769802444580298e-06
1.205320000000000036e+01 6.746113885936388947e-06 6.462125561328783681e-06 6.433593617774427551e-06
1.239209999999999923e+01 6.333014229815528427e-06 6.034119319301620652e-06 6.015261451176487634e-06
1.273099999999999987e+01 6.086338976612718648e-06 5.585768685784402236e-06 5.569124567112879461e-06
1.306990000000000052e+01 5.548821311055500183e-06 5.318365364965975763e-06 5.302511485642529229e-06
1.340879999999999939e+01 4.990512582693947856e-06 5.099065981859353218e-06 5.123258069443705479e-06
1.374770000000000003e+01 4.942909776854696507e-06 4.692349738485177676e-06 4.675377697818094958e-06
1.408660000000000068e+01 4.560617089721940216e-06 4.461184764108584494e-06 4.469540146272582706e-06
1.442549999999999955e+01 4.233701095388778872e-06 4.243766744897917171e-06 4.247298349119161252e-06
1.476440000000000019e+01 4.149253485394446260e-06 3.955721699492354130e-06 3.910400123808859282e-06
1.510330000000000084e+01 3.736882071838610935e-06 3.802715655256257710e-06 3.813489940598134782e-06
1.544209999999999994e+01 3.492242029856402499e-06 3.615134699415009403e-06 3.630789395405326227e-06
1.585510000000000019e+01 3.337924708448857264e-06 3.361450500927878359e-06 3.356570037063257500e-06
1.630699999999999861e+01 2.978873168702606255e-06 3.183336802663884058e-06 3.227616326421263319e-06
1.675890000000000057e+01 2.872327750564270992e-06 2.944748214442817954e-06 2.954902108402623446e-06
1.721079999999999899e+01 2.714298643121255572e-06 2.742064683685513371e-06 2.751093694428808318e-06
1.766280000000000072e+01 2.422178727187622340e-06 2.616692889650610465e-06 2.650324142569888394e-06
1.811469999999999914e+01 2.357058657104701011e-06 2.431131366680156410e-06 2.423249643760916509e-06
1.856660000000000110e+01 2.230772041364893325e-06 2.267804067953302707e-06 2.271201637608978431e-06
1.901849999999999952e+01 2.101370224056984454e-06 2.120981552315837512e-06 2.137037268621783719e-06
1.947040000000000148e+01 1.944830176004161666e-06 2.011063211711801766e-06 2.027623162318277530e-06
1.992229999999999990e+01 1.812479970176406455e-06 1.902439780051569990e-06 1.918994730163650907e-06
2.037430000000000163e+01 1.719661610560561003e-06 1.786970243472239027e-06 1.802386627229731828e-06
2.085219999999999985e+01 1.644920351831703707e-06 1.672624867315928444e-06 1.675968303016586629e-06
2.145479999999999876e+01 1.490016538614418839e-06 1.577402596732808672e-06 1.576843685505051922e-06
2.205750000000000099e+01 1.405521689085245119e-06 1.458848401305277914e-06 1.468178407180250200e-06
2.266009999999999991e+01 1.304495586052422277e-06 1.365635588202858913e-06 1.371587269498673503e-06
2.326269999999999882e+01 1.255547138625751080e-06 1.258930133683103554e-06 1.263582355985467257e-06
2.386540000000000106e+01 1.134462033259795088e-06 1.199575468939046424e-06 1.200155170285221587e-06
2.446799999999999997e+01 1.076380724163807212e-06 1.109769226797624790e-06 1.124003544286864328e-06
2.507069999999999865e+01 1.015929880585342813e-06 1.039741193687019534e-06 1.046750849645886110e-06
2.567330000000000112e+01 9.659197254344658746e-07 9.703310333373830390e-07 9.737497544254991150e-07
2.627590000000000003e+01 9.046273537943782042e-07 9.117800569146970829e-07 9.169370808786134054e-07
2.687859999999999872e+01 8.196965484837929654e-07 8.819369653492139197e-07 8.749201007512642730e-07
2.748120000000000118e+01 7.771386194260906622e-07 8.116365717250843261e-07 8.271489801108296000e-07
2.822250000000000014e+01 7.382322138091081531e-07 7.569908004124029723e-07 7.566127925725681335e-07
2.902609999999999957e+01 6.973960277938884842e-07 7.016549623521602871e-07 6.997246369217965787e-07
2.982979999999999876e+01 6.165941996162041634e-07 6.649474490821030551e-07 6.732018783673846617e-07
3.063340000000000174e+01 5.771625720600774270e-07 6.097265149765722386e-07 6.410982374511386951e-07
3.143700000000000117e+01 5.551346344102225530e-07 5.725960599707128103e-07 5.753790521258091255e-07
3.224069999999999681e+01 5.359441793564749661e-07 5.291786559231893842e-07 5.274590231466277981e-07
3.304429999999999978e+01 4.798842005179716803e-07 5.114049000606129104e-07 4.926624376984351697e-07
3.384790000000000276e+01 4.663231960799336083e-07 4.666999279796506360e-07 4.631054254756352545e-07
3.465160000000000196e+01 4.299362408886876616e-07 4.390859251505607791e-07 4.393202056653876796e-07
3.545519999999999783e+01 3.957715150137153092e-07 4.151944256983353722e-07 4.164053934701191924e-07
3.625880000000000081e+01 3.815575781412398709e-07 3.857822406434491907e-07 3.855051151325335283e-07
3.711789999999999878e+01 3.478839568298597970e-07 3.649237840718294294e-07 3.676987988571744440e-07
3.818959999999999866e+01 3.312809164720674228e-07 3.368050961644886184e-07 3.363865577419785354e-07
3.926129999999999853e+01 2.945115676234581522e-07 3.203929291712397900e-07 3.198155560249405549e-07
4.033290000000000219e+01 2.928148502248623166e-07 2.882926354465353605e-07 2.896386252480552728e-07
4.140460000000000207e+01 2.730210635038977665e-07 2.690129271006497237e-07 2.705892214710937017e-07
4.247630000000000194e+01 2.436556605540509533e-07 2.591924418792254344e-07 2.559005018972306337e-07
4.354789999999999850e+01 2.349725336269377316e-07 2.352421540927457791e-07 2.393583235643486171e-07
4.461959999999999837e+01 2.168280195111782730e-07 2.233591602035633054e-07 2.232558431247042242e-07
4.569129999999999825e+01 2.013795137941361641e-07 2.093806579147870470e-07 2.109369155362212358e-07
4.676290000000000191e+01 1.943188699152322375e-07 1.945376694391331225e-07 1.941288915578303879e-07
4.783460000000000178e+01 1.770507403309294444e-07 1.848158449234015390e-07 1.853619877454092909e-07
4.890630000000000166e+01 1.680020102242861794e-07 1.728054739749529612e-07 1.722597309291943576e-07
5.023669999999999902e+01 1.582221616935845650e-07 1.597876384244114549e-07 1.592917896856810292e-07
5.166579999999999728e+01 1.441025634201114604e-07 1.494694693303622060e-07 1.500549485683049233e-07
5.309490000000000265e+01 1.369526267765671800e-07 1.368888407691262228e-07 1.385283357700462342e-07
5.452400000000000091e+01 1.221194132154252269e-07 1.313135806960257586e-07 1.291986715213131925e-07
5.595309999999999917e+01 1.219973479386146444e-07 1.196303293722453002e-07 1.186513503819875142e-07
5.738219999999999743e+01 1.074081358872249167e-07 1.145046624767290124e-07 1.141536301894808589e-07
5.881130000000000280e+01 1.029101101479187152e-07 1.062829940764204152e-07 1.054609611600775916e-07
6.024040000000000106e+01 9.673079570218372751e-08 9.812826766536918824e-08 9.786856597347936041e-08
6.166949999999999932e+01 8.988981956286052518e-08 9.283349688562557569e-08 9.270664862328051666e-08
6.309859999999999758e+01 8.449113342611828559e-08 8.742154221372680077e-08 8.712808946285635271e-08
6.452760000000000673e+01 7.848081770025323927e-08 8.166974983003031476e-08 8.174968963106904389e-08
6.607179999999999609e+01 7.304017011716773047e-08 7.655181623719397821e-08 7.667922790146754359e-08
6.797750000000000625e+01 6.820190281173364928e-08 7.074053480437116835e-08 7.185733178836837421e-08
6.988320000000000221e+01 6.450546110030094219e-08 6.299206817786493575e-08 6.626223568396757086e-08
7.178889999999999816e+01 5.735133738184543053e-08 6.228693644408977889e-08 6.249415614601433240e-08
7.369469999999999743e+01 5.588615436688677344e-08 5.625001483106272529e-08 5.929812535385753239e-08
7.560039999999999338e+01 5.256698941242274740e-08 5.360091137324059424e-08 5.270874451975222464e-08
7.750610000000000355e+01 4.866896788521843989e-08 4.943709230092374490e-08 4.988344910173215586e-08
7.941179999999999950e+01 4.365390987274764574e-08 4.727073191059763863e-08 4.720503877210065110e-08
8.131749999999999545e+01 4.117503765388698063e-08 4.378126882148033839e-08 4.429841979142697655e-08
8.322329999999999472e+01 3.921234052092246655e-08 4.059466381720263291e-08 4.117031724256329237e-08
8.512900000000000489e+01 3.851633248863563096e-08 3.773839581401354530e-08 3.858726996442994995e-08
8.703470000000000084e+01 3.421544949966429207e-08 3.665435389630222193e-08 3.607109535943021201e-08
8.942260000000000275e+01 3.181021091284112637e-08 3.333052196430844926e-08 3.372307315428563229e-08
9.196389999999999532e+01 3.012103320220957761e-08 3.137995806304193614e-08 3.072096714228746679e-08
9.450520000000000209e+01 2.694498171610925958e-08 2.675390818667735931e-08 2.921081839478791279e-08
9.704659999999999798e+01 2.505586790502982929e-08 2.693531647403793985e-08 2.769083681686196481e-08
9.958790000000000475e+01 2.411170985972062167e-08 2.519550249219218065e-08 2.516069802844331918e-08
1.021290000000000049e+02 2.281960524049840056e-08 2.337308653001022813e-08 2.360165806831664034e-08
1.046710000000000065e+02 2.121303538090284560e-08 2.184875981409569911e-08 2.192658037170883849e-08
1.072120000000000033e+02 1.977774668649303111e-08 2.019107407126634360e-08 2.069719537212163378e-08
1.097530000000000001e+02 1.863100552459791948e-08 1.882543939374587526e-08 1.939043559490314482e-08
1.122939999999999969e+02 1.729530778044566459e-08 1.752429116715937670e-08 1.943842030031312266e-08
1.148359999999999985e+02 1.619032655701499328e-08 1.624290198967842092e-08 1.719708009415757945e-08
1.176110000000000042e+02 1.508210633045777760e-08 1.539816609399129218e-08 1.617189568255876013e-08
1.210000000000000000e+02 1.428928187921714531e-08 1.329689704976636878e-08 1.541498077855906483e-08
1.243889999999999958e+02 1.333710175725696214e-08 1.331743746453982252e-08 1.337002222820322632e-08
1.277780000000000058e+02 1.217264336485115987e-08 1.284112526511824112e-08 1.218881032770105108e-08
1.311670000000000016e+02 1.140407946206438333e-08 1.228759256341552841e-08 1.092558323952009316e-08
1.345550000000000068e+02 1.025386319861173262e-08 1.125684414631382868e-08 1.071800640507444450e-08
1.379439999999999884e+02 9.395271404701472498e-09 1.018814728222490171e-08 1.049064924971313969e-08
1.413329999999999984e+02 8.741316324702490254e-09 9.436138062151117190e-09 9.870384073146398723e-09
1.447220000000000084e+02 8.359587547948231557e-09 8.913263710068074973e-09 8.703101646413590094e-09
1.481109999999999900e+02 7.890273437812216788e-09 8.307469870667294144e-09 8.264567876310087697e-09
1.515000000000000000e+02 7.074861473456102712e-09 7.808648381084274692e-09 7.998966840459625929e-09
1.548890000000000100e+02 6.850844494031816275e-09 7.350390175162907785e-09 7.205941995805277626e-09
1.591740000000000066e+02 6.520528485787417828e-09 6.669069579833710432e-09 6.672913654378875159e-09
1.636930000000000121e+02 5.868706486067336424e-09 6.344335345383847247e-09 6.197483368548818223e-09
1.682129999999999939e+02 5.309428279095781706e-09 5.758819532300392952e-09 6.005834878603827441e-09
1.727319999999999993e+02 4.901488529000193477e-09 5.389515875446703736e-09 5.580776355553107791e-09
1.772510000000000048e+02 4.725532878453235870e-09 4.987886748782424080e-09 5.044365652764341947e-09
1.817700000000000102e+02 4.273474539348695034e-09 4.858442687810669862e-09 4.603851267840637205e-09
1.862889999999999873e+02 4.070582105796902068e-09 4.244369065186537260e-09 4.480689354016562368e-09
1.908079999999999927e+02 3.799485473615642400e-09 4.055173513586195523e-09 4.067805262798164466e-09
1.953280000000000030e+02 3.528576315727993854e-09 3.839684419442542267e-09 3.758959974829464315e-09
1.998470000000000084e+02 3.322335259377392221e-09 3.409969724593104767e-09 3.654102965706763278e-09
2.043660000000000139e+02 3.060140358447948291e-09 3.353841387745206421e-09 3.281811904353494214e-09
2.093530000000000086e+02 2.902694564039552733e-09 3.019116381952166736e-09 3.112048372008281823e-09
2.153789999999999907e+02 2.664618684231861969e-09 2.912148173308358940e-09 2.780060812459780477e-09
2.214060000000000059e+02 2.428508742938363595e-09 2.635573140493702497e-09 2.676106241567934889e-09
2.274319999999999879e+02 2.233659078411335894e-09 2.520857572841989150e-09 2.424245343995134399e-09
2.334590000000000032e+02 2.078761837186340900e-09 2.235366692403761057e-09 2.348501462919651221e-09
2.394850000000000136e+02 1.886492284948896276e-09 2.046381100864212308e-09 2.253396379186892313e-09
2.455109999999999957e+02 1.790684783930741650e-09 1.896459359328491394e-09 2.068947916740767573e-09
2.515380000000000109e+02 1.674881009637931943e-09 1.805659707385210841e-09 1.868657401205655898e-09
2.575640000000000214e+02 1.531753605177351701e-09 1.738620057886724966e-09 1.717134611935923895e-09
2.635910000000000082e+02 1.513714452192101528e-09 1.566898820409011813e-09 1.559243402421509549e-09
2.696170000000000186e+02 1.303469910884214571e-09 1.489090086356927694e-09 1.539158552758858523e-09
2.756440000000000055e+02 1.243981525957110369e-09 1.371963645350765825e-09 1.424037858692124422e-09
2.833330000000000268e+02 1.193388513744461481e-09 1.257800862158145283e-09 1.285924683597394013e-09
2.913700000000000045e+02 1.055265975113311104e-09 1.173178044938592751e-09 1.226450849948096589e-09
2.994060000000000059e+02 1.043821108575621044e-09 1.072960184772647425e-09 1.077855535151732120e-09
3.074420000000000073e+02 8.721425694429367898e-10 9.883653272344749092e-10 1.101035772322588878e-09
3.154789999999999850e+02 8.887683978336031494e-10 9.447958464482800153e-10 9.245978175437112626e-10
3.235149999999999864e+02 8.079168964019610824e-10 8.691561084616295207e-10 8.708228199821364629e-10
3.315509999999999877e+02 7.069267694056272432e-10 8.209396423087749399e-10 8.387195681282211982e-10
3.395880000000000223e+02 7.228654658339921023e-10 7.313541173702052826e-10 7.452252902958031248e-10
3.476240000000000236e+02 6.307292170466097241e-10 7.103128248321789831e-10 6.828991741598923483e-10
3.556610000000000014e+02 5.483758499598530403e-10 6.707326670469684413e-10 6.836414529931785607e-10
3.636970000000000027e+02 5.695967644408210879e-10 5.958101522347666461e-10 6.045015973244125760e-10
3.726580000000000155e+02 5.237849817267230678e-10 5.498442129311174718e-10 5.699909973421597332e-10
3.833740000000000236e+02 4.248992388535228905e-10 5.306995629098139194e-10 5.611116462366633738e-10
3.940910000000000082e+02 4.430313444641783148e-10 4.738313025391627297e-10 4.843535359966591845e-10
4.048079999999999927e+02 4.236013122058757913e-10 4.356493423854036980e-10 4.366298351587205635e-10
4.155240000000000009e+02 3.363560565177534516e-10 4.287128570683996683e-10 4.334049220638471329e-10
4.262409999999999854e+02 3.273597433806002315e-10 3.818915723308443941e-10 4.019174727885555507e-10
4.369569999999999936e+02 3.467217387802602149e-10 3.377512868057550604e-10 3.453806124139848892e-10
4.476739999999999782e+02 2.997365551090619531e-10 3.306670242845524004e-10 3.247677866063857458e-10
4.583910000000000196e+02 2.441966894168084935e-10 3.208083884977667145e-10 3.207919320854249470e-10
4.691070000000000277e+02 2.417058015212279954e-10 2.852431747222664250e-10 2.960602142565057003e-10
4.798240000000000123e+02 2.568562327215259977e-10 2.483158136187905599e-10 2.590919986596835796e-10
4.905409999999999968e+02 2.359661504483864611e-10 2.456329879891005015e-10 2.284962555625131144e-10
5.043389999999999986e+02 1.855661715617967785e-10 2.373314920614191473e-10 2.319143988767841744e-10
5.186299999999999955e+02 1.663198912441764489e-10 2.158846878788492666e-10 2.209008833769743877e-10
5.329199999999999591e+02 1.821105535705927354e-10 1.832616922986793481e-10 1.917723423307280008e-10
5.472110000000000127e+02 1.763968634352884022e-10 1.687663333593741735e-10 1.694296342053375175e-10
5.615019999999999527e+02 1.439568117576104714e-10 1.742388119220568872e-10 1.575218829203327333e-10
5.757930000000000064e+02 1.171607538859437827e-10 1.494866074983641230e-10 1.709363682734373763e-10
5.900839999999999463e+02 1.124969291701656088e-10 1.422089284523911460e-10 1.524149975881016367e-10
6.043750000000000000e+02 1.230866857407463430e-10 1.161370451895700920e-10 1.381513150696836583e-10
6.186660000000000537e+02 1.248589825401661455e-10 1.114466542529344938e-10 1.133674485568994044e-10
6.329569999999999936e+02 1.035933509955498749e-10 1.101575839349609973e-10 1.101613720694891825e-10
6.472480000000000473e+02 8.282572761981241248e-11 1.112842744834454128e-10 1.064725239967422056e-10
6.633460000000000036e+02 7.130762286756781682e-11 1.023292473416111386e-10 1.042202432408210801e-10
6.824039999999999964e+02 7.618794843647689654e-11 8.762468540548853771e-11 9.195311405803459519e-11
7.014610000000000127e+02 8.098360840983295764e-11 7.591510798490528637e-11 7.875000539428437197e-11
7.205180000000000291e+02 7.364514141893123573e-11 7.193620203401099533e-11 7.182120559705779789e-11
7.395750000000000455e+02 5.862914882802023450e-11 7.155232794145775342e-11 7.030428095052202522e-11
7.586319999999999482e+02 4.701511884041564024e-11 6.874150223203389514e-11 6.960371198255047758e-11
7.776900000000000546e+02 4.372282735584847459e-11 6.355878843692025982e-11 6.402588268223129666e-11
7.967469999999999573e+02 4.544344474299423257e-11 5.468589115118342606e-11 5.828311417082235342e-11
8.158039999999999736e+02 4.892952776843811408e-11 4.806456659065834510e-11 4.991214733754605838e-11
8.348609999999999900e+02 4.777637499599666230e-11 4.320781186465418360e-11 4.463042010934917538e-11
8.539180000000000064e+02 4.297097351709718775e-11 4.133644998747015447e-11 4.120544881543267193e-11
8.729759999999999991e+02 3.588269310058493647e-11 4.076213088530581075e-11 3.956803993410926576e-11
8.977309999999999945e+02 2.777997190074549643e-11 4.003023782198099800e-11 3.894466488727353363e-11
9.231449999999999818e+02 2.306632975355078282e-11 3.790310939422037728e-11 3.736897680722886056e-11
9.485579999999999927e+02 2.290097879540039691e-11 3.332477220382383912e-11 3.424055666458026609e-11
9.739710000000000036e+02 2.473596864135752739e-11 2.848662266402553912e-11 3.021411921711694338e-11
9.993840000000000146e+02 2.620518094583217714e-11 2.446843524322533947e-11 2.627386406994249376e-11
1.024799999999999955e+03 2.564047951677813444e-11 2.227564403705823637e-11 2.302097222966363770e-11
1.050210000000000036e+03 2.305915716418730955e-11 2.114407819683883506e-11 2.135381879547386812e-11
1.075619999999999891e+03 1.919170599551870676e-11 2.096131350660521498e-11 2.038155496737609134e-11
1.101039999999999964e+03 1.522722263081656657e-11 2.106349157793239369e-11 1.962834878575104915e-11
1.126450000000000045e+03 1.215175754840865931e-11 2.031683728636695254e-11 1.915721712372439398e-11
1.151859999999999900e+03 1.043720656085495198e-11 1.855181497419422747e-11 1.875332171645082391e-11
1.180779999999999973e+03 9.976858151729374251e-12 1.683506649377256316e-11 1.717760370854807026e-11
1.214670000000000073e+03 1.087565174039916122e-11 1.432356708148995615e-11 1.520744781371088876e-11
1.248559999999999945e+03 1.172393774811810689e-11 1.212954601360390996e-11 1.329931584692798969e-11
1.282450000000000045e+03 1.192989708033630593e-11 1.068275438139850053e-11 1.153599361406520189e-11
1.316339999999999918e+03 1.128224050929970535e-11 9.936149900087723724e-12 1.026358105566257754e-11
1.350230000000000018e+03 9.886345350066177192e-12 9.426923954429107734e-12 9.687248265404720807e-12
1.384119999999999891e+03 8.326056946837949055e-12 9.429849323838696042e-12 8.975816656676712413e-12
1.418009999999999991e+03 6.482874880138735366e-12 9.266222924990497665e-12 8.877535296994946406e-12
1.451900000000000091e+03 5.430136651424067971e-12 9.084306281474083719e-12 8.227322911816851192e-12
1.485789999999999964e+03 4.262101332959864262e-12 7.942935363428880034e-12 8.771208514751257757e-12
1.519670000000000073e+03 3.724453350938391838e-12 7.468127382506336201e-12 8.160758963580275929e-12
1.553559999999999945e+03 3.645065410025318061e-12 6.898073195281152042e-12 7.290328003383532367e-12
1.597980000000000018e+03 3.821265693128072535e-12 5.903978219431609379e-12 6.662331581635319400e-12
1.643170000000000073e+03 4.186708139751078105e-12 5.294477601345008703e-12 5.562021139693916046e-12
1.688359999999999900e+03 4.317481361224735362e-12 4.612831311056231967e-12 4.891732263195035169e-12
1.733549999999999955e+03 4.339622699349654270e-12 3.919070863580111152e-12 4.452046364302235631e-12
1.778740000000000009e+03 4.179399383009255633e-12 3.628765248187987945e-12 3.888646881855257518e-12
1.823930000000000064e+03 3.844369743022649505e-12 3.461398081477893990e-12 3.450883880426458853e-12
1.869130000000000109e+03 3.417732067379329414e-12 3.447944404557884793e-12 3.051892222189788272e-12
1.914319999999999936e+03 2.917326209350777889e-12 3.462033133844194236e-12 2.756626517035529188e-12
1.959509999999999991e+03 2.420196945166499725e-12 2.948248794542676512e-12 3.050009123328483003e-12
2.004700000000000045e+03 2.089336449331749169e-12 2.538638974437177495e-12 3.122196929777175243e-12
2.049889999999999873e+03 1.683638001475818995e-12 3.278413474906390810e-12 2.185001536918440491e-12
2.101840000000000146e+03 1.291044527560505382e-12 2.780063888025763745e-12 2.497418301998831365e-12
2.162110000000000127e+03 1.045324012346506426e-12 2.456507935693351534e-12 2.521728103083193467e-12
2.222369999999999891e+03 9.475854060142304811e-13 1.911787389565185224e-12 2.669689554364964894e-12
2.282630000000000109e+03 9.785346587836664681e-13 1.863504142076814009e-12 2.229292995548725646e-12
2.342900000000000091e+03 8.695467613355003588e-13 2.162428395014463693e-12 1.634904550910541306e-12
2.403159999999999854e+03 8.505826675727592405e-13 1.439256838222370064e-12 2.001205287310466808e-12
2.463429999999999836e+03 9.046036797622645827e-13 1.632674742947388289e-12 1.410304257857502728e-12
2.523690000000000055e+03 8.957682515590019301e-13 1.171336540734035428e-12 1.561482440144311151e-12
2.583960000000000036e+03 8.849230694254028496e-13 1.213798734398926961e-12 1.244955220709583242e-12
2.644219999999999800e+03 9.143994710525866008e-13 1.054069137264758677e-12 1.108736646848157386e-12
2.704480000000000018e+03 8.908768833632414406e-13 8.950266360040817797e-13 1.043415859613532700e-12
2.764750000000000000e+03 8.621521862539470880e-13 8.186499893890294399e-13 9.264662443284977702e-13
2.844420000000000073e+03 8.342671606717840462e-13 7.290859304227801592e-13 8.243541972461272396e-13
2.924780000000000200e+03 7.959727031254778457e-13 6.858729581156505123e-13 7.066594549672310142e-13
3.005150000000000091e+03 7.448942228627139161e-13 6.018658511553583275e-13 6.609858725785439031e-13
3.085510000000000218e+03 6.763183876251845447e-13 5.558735303606852715e-13 6.111784993151077504e-13
3.165869999999999891e+03 6.170034309154707301e-13 5.395883193026704116e-13 5.343666171001532716e-13
3.246239999999999782e+03 5.602533159937787218e-13 5.119197460429013979e-13 4.841712715066075340e-13
3.326599999999999909e+03 4.988234758814208968e-13 4.785883640263069083e-13 4.529573768025558722e-13
3.406960000000000036e+03 4.385591975269805298e-13 4.491640993524029243e-13 4.273506290361220274e-13
3.487329999999999927e+03 3.823474030625231219e-13 4.223960662023862527e-13 4.030532561005859032e-13
3.567690000000000055e+03 3.330389838383184957e-13 3.974027610660615391e-13 3.814879507672746933e-13
3.648050000000000182e+03 2.899357124060778655e-13 3.730656063034862666e-13 3.590510050594347591e-13
3.741360000000000127e+03 2.463827830530006903e-13 3.504359245576742950e-13 3.406486250491122650e-13
3.848519999999999982e+03 2.024307763664666976e-13 3.295734785370030088e-13 3.265710498098834022e-13
3.955690000000000055e+03 1.670892931716217691e-13 3.091518359564403863e-13 3.092737629596670078e-13
4.062860000000000127e+03 1.401929935706213029e-13 2.888077126054502815e-13 2.927209042258549692e-13
4.170020000000000437e+03 1.201756336630986512e-13 2.686550979856414187e-13 2.733559184227902155e-13
4.277189999999999600e+03 1.067329770438698333e-13 2.531004570059395942e-13 2.481431907113411315e-13
4.384359999999999673e+03 9.630430572478773405e-14 2.421328236008539471e-13 2.200264530014023788e-13
4.491520000000000437e+03 8.243990332774211932e-14 2.260176942288650871e-13 2.038666115318553529e-13
4.598689999999999600e+03 6.640839856362652843e-14 2.004318308709921766e-13 2.044714569238350581e-13
4.705859999999999673e+03 5.998596148295040914e-14 1.817559880912628919e-13 1.912176614219074780e-13
4.813020000000000437e+03 6.095248767966644611e-14 1.740621446894667891e-13 1.622180723552771106e-13
4.920189999999999600e+03 5.257897559422254355e-14 1.538593535198945229e-13 1.589106711306713006e-13
5.063100000000000364e+03 4.756606057605551756e-14 1.360175039364074158e-13 1.505839970502255562e-13
5.206010000000000218e+03 4.620538954385383764e-14 1.252997469022338882e-13 1.344509511145515491e-13
5.348920000000000073e+03 4.757390150161485581e-14 1.171559494449657846e-13 1.156533344389551606e-13
5.491819999999999709e+03 4.647919375052072032e-14 1.017328106147986563e-13 1.089250722666676006e-13
5.634729999999999563e+03 4.346280400809096628e-14 8.964319276506848478e-14 1.023876420641914939e-13
5.777640000000000327e+03 4.363730991760129082e-14 8.484334403595375443e-14 8.802312765071173260e-14
5.920550000000000182e+03 4.290178662815062046e-14 7.283754136603262407e-14 8.299841820896243230e-14
6.063460000000000036e+03 4.114569953361953019e-14 6.719132712080999262e-14 7.414943055699376456e-14
6.206369999999999891e+03 4.049045201621140744e-14 5.948497077504530406e-14 6.734108412802866711e-14
6.349279999999999745e+03 3.896961070824777511e-14 5.418604285299282300e-14 6.067635227446292254e-14
6.492189999999999600e+03 3.768297261938267667e-14 4.773673713150898919e-14 5.578412445359892597e-14
6.659750000000000000e+03 3.649961374609080688e-14 4.433591574229338627e-14 4.851441145857226030e-14
6.850319999999999709e+03 3.509860464881430456e-14 3.695176751893841427e-14 4.600958553507780443e-14
7.040890000000000327e+03 3.388907827505012181e-14 3.607271902128464809e-14 3.839544213552800056e-14
7.231470000000000255e+03 3.247539932806702971e-14 2.961284990550232453e-14 3.715716805674077839e-14
7.422039999999999964e+03 3.083012602415544062e-14 2.907038143418110025e-14 3.107059525864250657e-14
7.612609999999999673e+03 2.935062112098919159e-14 2.353224390562278443e-14 3.055707256250130881e-14
7.803180000000000291e+03 2.757751452343387394e-14 2.493198316132934770e-14 2.390444029383430095e-14
7.993750000000000000e+03 2.615508824009634821e-14 1.716052149577472566e-14 2.694612672729719500e-14
8.184329999999999927e+03 2.431755197064707867e-14 2.282465323440257043e-14 1.732410495857211908e-14
8.374899999999999636e+03 2.308851367304489608e-14 1.301916708754420444e-14 2.305126217191063549e-14
8.565469999999999345e+03 2.110734358729424938e-14 1.721596009389087161e-14 1.587030367098871731e-14
8.758229999999999563e+03 1.995405504087364607e-14 1.559921774492211014e-14 1.423204003829952987e-14
9.012370000000000800e+03 1.834813111273137962e-14 1.050184721683032982e-14 1.664246879529114671e-14
9.266500000000000000e+03 1.702430336501694823e-14 1.516584116223049565e-14 9.422790069236269254e-15
9.520629999999999200e+03 1.591071817376294250e-14 6.164887008755577860e-15 1.602343516943642119e-14
9.774760000000000218e+03 1.410314136556070457e-14 1.403996593064295396e-14 6.676069890445134144e-15
1.002889999999999964e+04 1.374769420459559123e-14 7.080675798158151466e-15 1.116285955006960534e-14
1.028300000000000000e+04 1.202073879035310359e-14 6.456589675267719987e-15 1.084339632666589212e-14
1.053720000000000073e+04 1.102812513922213550e-14 1.192330100640601136e-14 3.936908802082404773e-15
1.079129999999999927e+04 1.070502329782477675e-14 4.461946117250102440e-15 9.446449160294980779e-15
1.104539999999999964e+04 9.181199226851758991e-15 4.558477928362952939e-15 8.886947324507634305e-15
1.129960000000000036e+04 8.270178783536591270e-15 9.856943585618514806e-15 2.617515097311047773e-15
1.155370000000000073e+04 8.218807674830859894e-15 5.452273499836241061e-15 5.353776109336797445e-15
1.185460000000000036e+04 7.123952127009875331e-15 2.001339595537263156e-15 8.284494660335714543e-15
1.219350000000000000e+04 6.046626648924244598e-15 7.793016265599702759e-15 2.020093761459148294e-15
1.253239999999999964e+04 6.198421086976357732e-15 4.414678019435289722e-15 3.932394582113535810e-15
1.287129999999999927e+04 5.307256003976332389e-15 1.180317177605395301e-15 6.821636876995911885e-15
1.321010000000000036e+04 4.352022632214941940e-15 5.575156476724261696e-15 2.261326120519813893e-15
1.354900000000000000e+04 4.445086646247333875e-15 5.426018415049431653e-15 1.297984644492930261e-15
1.388789999999999964e+04 4.222858465264726369e-15 1.144643155019058310e-15 4.844453661340797883e-15
1.422679999999999927e+04 3.339538221782937815e-15 1.538176892727690350e-15 4.504411649204626910e-15
1.456570000000000073e+04 2.855980922966238633e-15 4.621642727386622344e-15 1.121957553206289493e-15
1.490460000000000036e+04 2.970591683565898709e-15 4.213173004887357799e-15 6.823757320055402451e-16
1.524350000000000000e+04 2.909749243852218957e-15 1.304386119347625629e-15 3.012958445966839204e-15
1.559020000000000073e+04 2.357985744048054981e-15 3.928320965527615442e-16 3.867487282954777675e-15
1.604210000000000036e+04 1.798404068658902789e-15 2.841040137567653192e-15 1.401637665503836053e-15
1.649400000000000000e+04 1.886704543671630062e-15 3.448550928196522990e-15 1.849861177331663130e-16
1.694590000000000146e+04 1.940302003981875238e-15 1.184224437407656073e-15 1.924275396954527358e-15
1.739779999999999927e+04 1.538859799374514514e-15 1.822356066142111204e-16 2.883908638449227853e-15
1.784979999999999927e+04 1.131432049575147474e-15 1.510928851400530724e-15 1.584924663995123808e-15
1.830170000000000073e+04 1.075720972136966879e-15 2.639123531689512407e-15 1.554092214260721390e-16
1.875359999999999854e+04 1.198971572902587618e-15 2.019989001958322837e-15 3.262267230926806904e-16
1.920550000000000000e+04 1.167411467238331390e-15 6.446533021409719781e-16 1.427460107322126960e-15
1.965740000000000146e+04 9.325362783007478980e-16 6.907707284828749076e-17 1.973578716111195239e-15
2.010929999999999927e+04 6.708155282752959873e-16 5.942904181959792024e-16 1.459726886781405623e-15
2.056129999999999927e+04 5.523810959422285944e-16 1.413835410366149545e-15 5.301671720169623346e-16
2.110150000000000000e+04 6.006465240920890806e-16 1.685863477982549282e-15 -1.542318723560739935e-17
2.170420000000000073e+04 6.836138244772676130e-16 9.700671895019399635e-16 4.264041526563861804e-16
2.230679999999999927e+04 6.112595895200176529e-16 1.710203252453503915e-16 1.116352566466509795e-15
2.290950000000000000e+04 4.346735619870152119e-16 9.233899113826545477e-17 1.207665488409457013e-15
2.351209999999999854e+04 2.985374087500825234e-16 5.768715941544303031e-16 7.107674450204924144e-16
2.411470000000000073e+04 2.716246050503720457e-16 1.012044344242445020e-15 1.625637021680269901e-16
2.471740000000000146e+04 3.181689876826483042e-16 1.030139779215220318e-15 -2.059798060624214928e-17
2.532000000000000000e+04 3.573556776272807271e-16 6.819341323528842105e-16 1.750815297203960892e-16
2.592270000000000073e+04 3.430287434627419753e-16 2.665490374553803885e-16 5.015525058085629800e-16
2.652529999999999927e+04 2.778223269613050525e-16 3.216789514866101381e-17 7.039221041438425773e-16
2.712800000000000000e+04 1.977714365330388996e-16 4.686679638872537022e-17 6.853789758293183205e-16
2.775140000000000146e+04 1.335246477568648447e-16 2.324980498766926957e-16 4.839417080940882082e-16
2.855500000000000000e+04 1.068935212939680052e-16 4.959375648002714363e-16 1.715758893391289859e-16
2.935870000000000073e+04 1.264923717507926202e-16 5.833595250780023334e-16 -3.565260645237930675e-18
3.016229999999999927e+04 1.549013219001076393e-16 4.652065959753804022e-16 2.173226793478022798e-17
3.096590000000000146e+04 1.647121327919860457e-16 2.569356608380561768e-16 1.667236664626888128e-16
3.176959999999999854e+04 1.465622986791224643e-16 8.001147036490358523e-17 3.105227858520671591e-16
3.257320000000000073e+04 1.112448145819910422e-16 5.377483564717513541e-18 3.740713449020462408e-16
3.337680000000000291e+04 7.405870869304741059e-17 3.146773285779166424e-17 3.413193579444353197e-16
3.418050000000000000e+04 4.762958137988105917e-17 1.146550480066099273e-16 2.476407184755626231e-16
3.498409999999999854e+04 3.552880690880010167e-17 2.023787466469335831e-16 1.363830541088563774e-16
3.578780000000000291e+04 3.599279553265834219e-17 2.582616635947320343e-16 4.764776684896246544e-17
3.659140000000000146e+04 4.334474099653212759e-17 2.672751885220896584e-16 3.430509568421842957e-19
3.756140000000000146e+04 5.486715803327234954e-17 2.317585945786297992e-16 -2.131929134388528715e-18
3.863309999999999854e+04 6.217578671138764837e-17 1.555191361964200925e-16 4.106574606593440356e-17
3.970469999999999709e+04 6.031481736314076387e-17 7.719434870622849614e-17 9.807683961086929758e-17
4.077640000000000146e+04 5.084367836832967536e-17 2.298718613907479204e-17 1.408626684506144654e-16
4.184800000000000000e+04 3.771971626727095841e-17 1.640418968315959413e-18 1.564235524170151233e-16
4.291969999999999709e+04 2.481108509356448552e-17 8.299671777357288039e-18 1.446821952449284826e-16
4.399140000000000146e+04 1.511060424752034841e-17 3.157035284335970127e-17 1.160870458672626534e-16
4.506300000000000000e+04 9.367197672566454767e-18 5.923077094240384267e-17 7.981485924797403949e-17
4.613469999999999709e+04 7.406799005092072733e-18 8.222481226468755394e-17 4.572459587710475217e-17
4.720640000000000146e+04 8.167618927913058036e-18 9.524905983018779609e-17 1.953871863945842702e-17
4.827800000000000000e+04 1.046389603379138753e-17 9.814136636549223545e-17 3.761990432265422598e-18
4.939900000000000000e+04 1.326521351331446029e-17 9.139475662931226477e-17 -2.365154252599831256e-18
5.082809999999999854e+04 1.645344870279071726e-17 7.504359644276083786e-17 1.426498378418091067e-18
5.225719999999999709e+04 1.788951954197368865e-17 5.345313930531147306e-17 1.265736719946648519e-17
5.368630000000000291e+04 1.767654572327921374e-17 3.314483486230101264e-17 2.599099344586067860e-17
5.511540000000000146e+04 1.585090828765706144e-17 1.676876724303668232e-17 3.718104568098695360e-17
5.654450000000000000e+04 1.312275503590100242e-17 6.126207271840756354e-18 4.423121511025733500e-17
5.797350000000000000e+04 1.007498475052482829e-17 1.055529137817656506e-18 4.662920277493296553e-17
5.940259999999999854e+04 7.138687050415344518e-18 4.682447824026052159e-19 4.471526534163567592e-17
6.083169999999999709e+04 4.708530924006028696e-18 2.914538090222948594e-18 4.017111295263948618e-17
6.226080000000000291e+04 2.836087685156675214e-18 6.950653580069270845e-18 3.364278002496776346e-17
6.368990000000000146e+04 1.568154303716708979e-18 1.135331205916424724e-17 2.638203416726069772e-17
6.511900000000000000e+04 8.562228661997513539e-19 1.542609420359769781e-17 1.957495983452771118e-17
6.686039999999999418e+04 5.771228893385270565e-19 1.940126117282494203e-17 1.249598236013619300e-17
6.876610000000000582e+04 7.668516221472587008e-19 2.210143954419010830e-17 6.550821753780121702e-18
7.067180000000000291e+04 1.234951511133283283e-18 2.290097370730939023e-17 2.537371529711215060e-18
7.257750000000000000e+04 1.791776360335266967e-18 2.209060631125669229e-17 3.168766239090659147e-19
7.448319999999999709e+04 2.291791614749477894e-18 1.999354660397212961e-17 -4.501676495295439835e-19
7.638900000000000000e+04 2.694232218655264370e-18 1.740445353876609522e-17 -1.840721244377546801e-19
7.829469999999999709e+04 2.926509281643194134e-18 1.439261593190852482e-17 7.233739117594987567e-19
8.020039999999999418e+04 3.004191771186047860e-18 1.141085892132573545e-17 1.933379306262503247e-18
8.210610000000000582e+04 2.931760884320378216e-18 8.629493411886083749e-18 3.177706999540968561e-18
8.401180000000000291e+04 2.777332840768863386e-18 6.293554821305145993e-18 4.326643992545248894e-18
8.591760000000000582e+04 2.530951209277203728e-18 4.338718576565482927e-18 5.230571479526168852e-18
8.793289999999999418e+04 2.237011904539216973e-18 2.758400553003273445e-18 5.929447014906053338e-18
9.047419999999999709e+04 1.888991308232685270e-18 1.406477601893873056e-18 6.561026249257928290e-18
9.301550000000000000e+04 1.518415000595337437e-18 5.689230630661749863e-19 6.737991917655057881e-18
9.555680000000000291e+04 1.186776052728726586e-18 1.521772264472349271e-19 6.661943042222656523e-18
9.809810000000000582e+04 8.825159881115131470e-19 3.368503334140065764e-20 6.278469080506671845e-18
1.006390000000000000e+05 6.281947727153375096e-19 1.160618559810156684e-19 5.741584277263351744e-18
