1.017789999999999928e+01 1.038261976234862926e-05 1.023776374779368548e-05 1.020530578671245716e-05
1.043200000000000038e+01 9.724191883068337235e-06 9.676960358569734093e-06 9.742852299378587519e-06
1.068609999999999971e+01 9.355761590143818642e-06 9.140656223235836542e-06 9.125599552963682505e-06
1.094030000000000058e+01 8.549083437599844143e-06 8.799803979076811639e-06 8.755371791020252466e-06
1.119439999999999991e+01 8.331554733087638263e-06 8.250801684938208869e-06 8.195973081785805212e-06
1.144849999999999923e+01 8.123416954377981147e-06 7.722784094991136221e-06 7.664863277388511741e-06
1.171439999999999948e+01 7.543345122833186757e-06 7.342498340856207920e-06 7.367567946911560728e-06
1.205320000000000036e+01 7.044468280234248003e-06 6.889284073597466102e-06 6.858430664243577570e-06
1.239209999999999923e+01 6.596860516094611699e-06 6.442123443633914514e-06 6.435371134315828878e-06
1.273099999999999987e+01 6.057296423726450030e-06 6.113226066906913603e-06 6.088895206401308992e-06
1.306990000000000052e+01 5.769873172053042158e-06 5.670514747959942002e-06 5.699347741707805370e-06
1.340879999999999939e+01 5.316145512546439317e-06 5.384350023304643168e-06 5.400596220427722692e-06
1.374770000000000003e+01 5.135543045198600825e-06 5.011192824458204797e-06 5.002683640109921506e-06
1.408660000000000068e+01 4.950172615923519948e-06 4.665615396897065707e-06 4.659569238511321433e-06
1.442549999999999955e+01 4.549379935037331885e-06 4.464410707313213265e-06 4.439430393430860923e-06
1.476440000000000019e+01 4.179628883627586646e-06 4.247219423985004889e-06 4.270998111287973294e-06
1.510330000000000084e+01 4.217909952931326688e-06 3.917991616473124320e-06 3.859259691711771996e-06
1.544209999999999994e+01 3.873085837213178289e-06 3.744776016918718987e-06 3.725763481455672339e-06
1.585510000000000019e+01 3.501374066701026276e-06 3.556362255619514747e-06 3.572679021207320773e-06
1.630699999999999861e+01 3.359540404855317150e-06 3.296724058670342668e-06 3.255128313761204025e-06
1.675890000000000057e+01 3.033002813603758257e-06 3.108627645556322337e-06 3.119682477227223185e-06
1.721079999999999899e+01 2.946022398648767498e-06 2.871672475802189504e-06 2.845126996466974950e-06
1.766280000000000072e+01 2.756036525650338975e-06 2.686863294553104571e-06 2.673186597021697240e-06
1.811469999999999914e+01 2.508577986092786934e-06 2.540297784661761071e-06 2.557469955977551870e-06
1.856660000000000110e+01 2.351699116913994334e-06 2.386528431327921019e-06 2.401309924229097626e-06
1.901849999999999952e+01 2.236929366895184371e-06 2.238887642015989575e-06 2.232448745170498954e-06
1.947040000000000148e+01 2.169512186808277052e-06 2.076737606299778722e-06 2.061787455187982678e-06
1.992229999999999990e+01 1.934485810721775251e-06 1.997344077372495056e-06 2.004129686303825966e-06
2.037430000000000163e+01 1.838667018435099300e-06 1.879439529848020467e-06 1.875980881867791303e-06
2.085219999999999985e+01 1.738130642071134581e-06 1.760574338167565783e-06 1.762197103010775334e-06
2.145479999999999876e+01 1.633024516476444033e-06 1.631023095244785911e-06 1.631940795159450418e-06
2.205750000000000099e+01 1.478593050889287722e-06 1.537803102488523654e-06 1.546978478421879408e-06
2.266009999999999991e+01 1.419393598044855035e-06 1.411396426394690359e-06 1.428095344059166503e-06
2.326269999999999882e+01 1.302440595269786766e-06 1.339097332116534452e-06 1.337269833286193414e-06
2.386540000000000106e+01 1.187761211706536534e-06 1.263866893835340034e-06 1.270143390353435064e-06
2.446799999999999997e+01 1.131819122186351084e-06 1.179988360909402154e-06 1.173485117650274370e-06
2.507069999999999865e+01 1.100087680382966307e-06 1.088816754522886841e-06 1.077956700092488950e-06
2.567330000000000112e+01 1.026936531768859349e-06 1.019286062485738640e-06 1.017674084638582610e-06
2.627590000000000003e+01 9.596783257927262108e-07 9.678229463876442970e-07 9.503496409137025938e-07
2.687859999999999872e+01 8.690673699184564307e-07 9.155938555436089269e-07 9.173905574085930700e-07
2.748120000000000118e+01 8.662557208364745374e-07 8.418409132112700310e-07 8.347244375501633056e-07
2.822250000000000014e+01 7.788478916159671656e-07 7.890704629515944986e-07 8.005802226982921062e-07
2.902609999999999957e+01 7.384967275152809404e-07 7.350611769339026843e-07 7.356573579035398972e-07
2.982979999999999876e+01 6.786514701508335831e-07 6.884951851357985006e-07 6.896844597135923240e-07
3.063340000000000174e+01 6.491420233523080360e-07 6.346826378602884302e-07 6.597797240793998632e-07
3.143700000000000117e+01 5.982626074089587753e-07 5.970298224279064694e-07 5.963278594693867580e-07
3.224069999999999681e+01 5.475895148952342364e-07 5.641154721835966520e-07 5.644996681782001868e-07
3.304429999999999978e+01 5.161230420139300546e-07 5.288070297953859646e-07 5.186217252035907532e-07
3.384790000000000276e+01 5.048805731760040952e-07 4.868967589442189049e-07 4.783008430268786075e-07
3.465160000000000196e+01 4.385573333278729455e-07 4.710436260497595716e-07 4.679090409425838463e-07
3.545519999999999783e+01 4.320653516416884976e-07 4.314374524010341272e-07 4.274097459246767138e-07
3.625880000000000081e+01 4.105157734830943543e-07 4.012252848890312155e-07 4.009550353099788016e-07
3.711789999999999878e+01 3.800853022310853205e-07 3.783380383587050743e-07 3.778144854890326026e-07
3.818959999999999866e+01 3.426929339223444518e-07 3.539306797424720453e-07 3.586966454579616591e-07
3.926129999999999853e+01 3.290163962545644431e-07 3.265844891673503988e-07 3.264853915478006291e-07
4.033290000000000219e+01 3.132298653231450212e-07 3.012789551716464387e-07 3.004597540360718902e-07
4.140460000000000207e+01 2.728613362006961968e-07 2.903127135563543262e-07 2.892918666799314630e-07
4.247630000000000194e+01 2.694888152165877036e-07 2.614205519988002952e-07 2.663781360992634686e-07
4.354789999999999850e+01 2.422901952405208820e-07 2.495487424307470617e-07 2.535407417152267530e-07
4.461959999999999837e+01 2.270223239487628086e-07 2.357501781668468167e-07 2.332764208797757656e-07
4.569129999999999825e+01 2.164894958457535796e-07 2.172384031947971255e-07 2.181613310124977595e-07
4.676290000000000191e+01 2.005970309514543575e-07 2.046160883341499571e-07 2.048769650065972427e-07
4.783460000000000178e+01 1.874254121143521591e-07 1.922007293120301936e-07 1.924804252679535460e-07
4.890630000000000166e+01 1.801856055909176260e-07 1.782814936091820674e-07 1.776656641579504916e-07
5.023669999999999902e+01 1.671415625792896192e-07 1.658213279337452798e-07 1.664396646596858283e-07
5.166579999999999728e+01 1.524278451093170534e-07 1.558721527894624504e-07 1.558660641888581136e-07
5.309490000000000265e+01 1.447494869961369088e-07 1.438919017904677832e-07 1.434833577312935842e-07
5.452400000000000091e+01 1.331928822964704939e-07 1.349957172183711611e-07 1.346648844009377495e-07
5.595309999999999917e+01 1.242919657235763245e-07 1.255863089184503740e-07 1.250968085288997503e-07
5.738219999999999743e+01 1.144686734121884626e-07 1.167626691948249382e-07 1.175105870861076323e-07
5.881130000000000280e+01 1.073801651896010351e-07 1.109610314353225413e-07 1.088924122368527316e-07
6.024040000000000106e+01 1.027138638925624324e-07 1.007376704784048232e-07 1.024701175841586192e-07
6.166949999999999932e+01 9.203997374091335450e-08 9.706417428037900700e-08 9.624635703575144589e-08
6.309859999999999758e+01 8.859264730519034626e-08 8.909621225294388439e-08 8.972917526244817761e-08
6.452760000000000673e+01 8.420249922166661526e-08 8.316833344509454294e-08 8.228816530177518599e-08
6.607179999999999609e+01 7.812552700731796664e-08 7.832323389954142371e-08 7.766798086834799995e-08
6.797750000000000625e+01 7.183082980085969060e-08 7.287427226672482721e-08 7.223491127154079592e-08
6.988320000000000221e+01 6.688629270879123570e-08 6.756994494611148718e-08 6.767274540144573448e-08
7.178889999999999816e+01 6.075122490275203625e-08 6.352746490617004737e-08 6.353838352445213164e-08
7.369469999999999743e+01 5.871043604462386054e-08 5.772508078454231213e-08 5.843183900995386964e-08
7.560039999999999338e+01 5.470013663825222692e-08 5.537218047359932050e-08 5.442062571446330879e-08
7.750610000000000355e+01 5.082102556895036336e-08 5.036107640041372396e-08 5.114409257087577562e-08
7.941179999999999950e+01 4.711643037238985073e-08 4.755521843440817384e-08 4.754400380294626843e-08
8.131749999999999545e+01 4.353111285487872605e-08 4.493573238166757351e-08 4.407006556567400764e-08
8.322329999999999472e+01 4.091487080597168611e-08 4.188470062959826406e-08 4.132868265128877183e-08
8.512900000000000489e+01 4.045306001000753969e-08 3.823898636747826077e-08 3.908837205491943765e-08
8.703470000000000084e+01 3.626720030151905343e-08 3.578936807618489802e-08 3.722745579365186142e-08
8.942260000000000275e+01 3.260645473051609434e-08 3.417920817092431168e-08 3.438781225567774505e-08
9.196389999999999532e+01 3.062476642327861234e-08 3.198543938060409296e-08 3.113665682194140840e-08
9.450520000000000209e+01 2.906241889595170724e-08 3.035239807002959428e-08 2.907829756089249176e-08
9.704659999999999798e+01 2.704107835696742641e-08 2.735935094635838256e-08 2.706843001039121756e-08
9.958790000000000475e+01 2.498357625486513093e-08 2.523568676289332743e-08 2.514815331002791602e-08
1.021290000000000049e+02 2.326786310017902307e-08 2.375886333571458071e-08 2.380121698315236797e-08
1.046710000000000065e+02 2.180236923196233250e-08 2.207082932936479239e-08 2.197103551907707959e-08
1.072120000000000033e+02 2.050142437033844378e-08 2.093987237785015122e-08 2.016173226128062630e-08
1.097530000000000001e+02 1.914073394413499452e-08 1.943356701419947980e-08 1.882523810182502475e-08
1.122939999999999969e+02 1.782156025264604356e-08 1.782267582341966961e-08 1.874104999462481321e-08
1.148359999999999985e+02 1.684637958528954176e-08 1.663875482676310336e-08 1.649107660385347366e-08
1.176110000000000042e+02 1.564681948856113582e-08 1.585608008803238123e-08 1.552126167133880011e-08
1.210000000000000000e+02 1.449487108301544791e-08 1.361192261533379927e-08 1.524868053165075803e-08
1.243889999999999958e+02 1.349545536647255890e-08 1.338090731088110873e-08 1.331505108532111774e-08
1.277780000000000058e+02 1.237564048380012000e-08 1.234895060381362132e-08 1.258194695119458304e-08
1.311670000000000016e+02 1.159252458792984070e-08 1.201507137201389575e-08 1.106866988101281553e-08
1.345550000000000068e+02 1.061718286896482410e-08 1.120424403228458696e-08 1.041140549875059491e-08
1.379439999999999884e+02 9.707386059316363495e-09 1.052749717575315438e-08 9.783084814930490499e-09
1.413329999999999984e+02 9.112857651786169539e-09 9.417412606222868222e-09 8.992069069558022244e-09
1.447220000000000084e+02 8.686183741210329842e-09 8.776608286047080026e-09 8.549177665393666298e-09
1.481109999999999900e+02 8.073663232737140367e-09 7.784231445960927277e-09 8.459962440202401093e-09
1.515000000000000000e+02 7.549170248417968250e-09 7.671981104574955385e-09 7.497600897007080753e-09
1.548890000000000100e+02 7.101108723639028679e-09 6.909393600511731741e-09 7.213178130849243016e-09
1.591740000000000066e+02 6.526331329464629757e-09 6.580838757131069682e-09 6.555982868404303358e-09
1.636930000000000121e+02 5.957342781414531376e-09 6.110958930999273625e-09 6.130794472586197494e-09
1.682129999999999939e+02 5.453746803576670160e-09 5.740887306939838939e-09 5.663075534483493861e-09
1.727319999999999993e+02 5.038738727404303352e-09 5.183320661041983999e-09 5.421744856553714181e-09
1.772510000000000048e+02 4.798742207964464888e-09 4.853071749658095867e-09 4.873159902377440043e-09
1.817700000000000102e+02 4.427929680161466743e-09 4.596830701296285856e-09 4.474558218542250337e-09
1.862889999999999873e+02 4.159806663985315598e-09 4.148904735922260178e-09 4.248065775092427601e-09
1.908079999999999927e+02 3.876800807954258870e-09 3.917557880157332990e-09 3.890832654351139916e-09
1.953280000000000030e+02 3.616572119376156084e-09 3.657753370889097592e-09 3.613235354734746662e-09
1.998470000000000084e+02 3.382204061291350590e-09 3.319310206140099079e-09 3.445849937568552001e-09
2.043660000000000139e+02 3.125070354685040098e-09 3.200890749041413401e-09 3.134024121273547174e-09
2.093530000000000086e+02 2.954082906776706422e-09 2.883069079354941902e-09 2.962383138868352597e-09
2.153789999999999907e+02 2.695672289115492177e-09 2.832210900141660844e-09 2.601263574242848160e-09
2.214060000000000059e+02 2.483630823204288796e-09 2.467092677475481946e-09 2.568368881320230579e-09
2.274319999999999879e+02 2.288149540299052490e-09 2.332051340767526208e-09 2.342560762202227655e-09
2.334590000000000032e+02 2.110996808544973076e-09 2.154112666330647298e-09 2.188984667124380574e-09
2.394850000000000136e+02 1.929879554465553789e-09 1.973395881289929104e-09 2.082680992744518016e-09
2.455109999999999957e+02 1.806936352116835467e-09 1.815422095986026844e-09 1.937862181397138617e-09
2.515380000000000109e+02 1.650369956338718270e-09 1.717182560729743791e-09 1.799006922931538746e-09
2.575640000000000214e+02 1.546015766012304727e-09 1.675821910206009888e-09 1.582298598281686106e-09
2.635910000000000082e+02 1.432447196338821358e-09 1.561358719056374028e-09 1.474552255104805082e-09
2.696170000000000186e+02 1.383322435849325403e-09 1.393089531441564432e-09 1.384011483709110579e-09
2.756440000000000055e+02 1.300875617404465942e-09 1.288748747927599204e-09 1.284942606717935467e-09
2.833330000000000268e+02 1.164212529288937921e-09 1.218553344097535619e-09 1.196776727663526605e-09
2.913700000000000045e+02 1.075379126871160913e-09 1.113414652090589002e-09 1.116506847538250457e-09
2.994060000000000059e+02 1.012101401583792050e-09 1.020807398762036648e-09 1.021119209604171828e-09
3.074420000000000073e+02 8.993813306743600080e-10 9.268517965180274806e-10 1.000784292657612829e-09
3.154789999999999850e+02 8.608384759927626568e-10 8.899461856955122532e-10 8.709804545878117498e-10
3.235149999999999864e+02 7.997707588955767711e-10 8.103303219564806838e-10 8.167547776979429042e-10
3.315509999999999877e+02 7.169915929516283447e-10 7.571424740303019544e-10 7.763088380180700645e-10
3.395880000000000223e+02 6.948876049243683411e-10 7.008801250713693519e-10 6.939910843542625650e-10
3.476240000000000236e+02 6.377128158714016788e-10 6.536109239343336684e-10 6.404106799708407396e-10
3.556610000000000014e+02 5.745246842303204151e-10 6.144198952301556452e-10 6.145126886895244011e-10
3.636970000000000027e+02 5.515414672180148658e-10 5.593647427329928957e-10 5.650115906866425708e-10
3.726580000000000155e+02 5.157639543955402746e-10 5.193063679045920688e-10 5.188418539498678781e-10
3.833740000000000236e+02 4.554111782168911274e-10 4.886020119812371619e-10 4.885384689368719687e-10
3.940910000000000082e+02 4.334910762206856818e-10 4.430287288944463291e-10 4.456590796848682017e-10
4.048079999999999927e+02 4.062633086471995251e-10 4.081897202893437017e-10 4.071231509634569718e-10
4.155240000000000009e+02 3.543898812257198366e-10 3.875694468137555124e-10 3.871420013305248601e-10
4.262409999999999854e+02 3.316484871232864095e-10 3.518787035755666021e-10 3.618893104561471003e-10
4.369569999999999936e+02 3.240031715057053663e-10 3.207849160053840899e-10 3.232895062739106638e-10
4.476739999999999782e+02 2.884518342364039106e-10 3.051224157642236185e-10 3.034886049243726792e-10
4.583910000000000196e+02 2.499321130599075299e-10 2.961032628176530685e-10 2.907835689059539993e-10
4.691070000000000277e+02 2.397740028671164914e-10 2.630379240967445830e-10 2.687023048311390326e-10
4.798240000000000123e+02 2.401679309113729069e-10 2.350184145247253387e-10 2.406454261444019278e-10
4.905409999999999968e+02 2.212272907667992140e-10 2.264278551745576463e-10 2.168259463861432790e-10
5.043389999999999986e+02 1.836870657695229895e-10 2.148461589744767469e-10 2.137569373035003503e-10
5.186299999999999955e+02 1.648593298599102174e-10 1.974414745464731525e-10 2.015653288421167021e-10
5.329199999999999591e+02 1.709278391761048115e-10 1.722306258707415220e-10 1.771897834886537626e-10
5.472110000000000127e+02 1.641823686469427317e-10 1.569976138333222857e-10 1.591749846397350358e-10
5.615019999999999527e+02 1.405920085987244928e-10 1.589940756438388394e-10 1.442293442629367399e-10
5.757930000000000064e+02 1.193392852427258555e-10 1.372306761451920176e-10 1.538071855885822068e-10
5.900839999999999463e+02 1.119428309529273381e-10 1.308868117274398988e-10 1.367070486672778251e-10
6.043750000000000000e+02 1.150838452169437753e-10 1.107093617155588421e-10 1.256918604580974267e-10
6.186660000000000537e+02 1.137093543475854061e-10 1.051689693460339517e-10 1.066397067573807128e-10
6.329569999999999936e+02 9.838605138378769701e-11 1.014407971383133117e-10 1.016443588042990578e-10
6.472480000000000473e+02 8.403052898238475712e-11 9.908669474291588675e-11 9.638341368089940171e-11
6.633460000000000036e+02 7.490058830648998301e-11 9.118029364706491308e-11 9.217057200114513852e-11
6.824039999999999964e+02 7.456107581141436180e-11 8.038584601054746979e-11 8.268028926498821186e-11
7.014610000000000127e+02 7.423726544524765693e-11 7.163322968738039276e-11 7.289885122741622690e-11
7.205180000000000291e+02 6.781929830955918698e-11 6.703258456895781088e-11 6.784176894937155945e-11
7.395750000000000455e+02 5.771007935909080140e-11 6.454867959616826649e-11 6.388461849251595780e-11
7.586319999999999482e+02 4.939982684564316272e-11 6.114727615512805101e-11 6.142870432906881322e-11
7.776900000000000546e+02 4.548542347524850139e-11 5.635620949118039266e-11 5.705887713751094366e-11
7.967469999999999573e+02 4.465700601876662246e-11 5.048019027771028692e-11 5.176653864164310706e-11
8.158039999999999736e+02 4.533285384825002635e-11 4.443780922995130444e-11 4.641154554969963644e-11
8.348609999999999900e+02 4.355570601179223402e-11 4.034386791195361271e-11 4.181369808427916867e-11
8.539180000000000064e+02 3.995286101277372251e-11 3.818465995323275205e-11 3.819678148857855627e-11
8.729759999999999991e+02 3.464117930340319716e-11 3.684539060023721577e-11 3.621032656499460638e-11
8.977309999999999945e+02 2.836024675597974821e-11 3.545658706031326081e-11 3.514998358281550341e-11
9.231449999999999818e+02 2.389297683697516443e-11 3.410414596485619725e-11 3.310567050484564435e-11
9.485579999999999927e+02 2.287013451927788784e-11 3.046346290531595011e-11 3.050870637850204390e-11
9.739710000000000036e+02 2.344181082076239202e-11 2.648048365428497809e-11 2.737607099258064254e-11
9.993840000000000146e+02 2.412768359451953313e-11 2.294881024290255323e-11 2.421128283634092996e-11
1.024799999999999955e+03 2.346406233078927617e-11 2.084854773580976301e-11 2.144043143186177839e-11
1.050210000000000036e+03 2.126220715762084296e-11 1.961319351871708016e-11 1.987208711966499560e-11
1.075619999999999891e+03 1.802887666203147519e-11 1.926282257069151182e-11 1.881760561855222338e-11
1.101039999999999964e+03 1.461623929830882351e-11 1.914802723717894282e-11 1.802140922514505186e-11
1.126450000000000045e+03 1.201639816183624140e-11 1.835170584609198600e-11 1.753135361579658018e-11
1.151859999999999900e+03 1.045709438084066649e-11 1.680506720142032768e-11 1.703661284022796418e-11
1.180779999999999973e+03 9.918612326271020375e-12 1.517402801496802360e-11 1.573855302372262265e-11
1.214670000000000073e+03 1.045767727864738462e-11 1.328591933523595539e-11 1.376871855396457963e-11
1.248559999999999945e+03 1.106168705785469849e-11 1.129138133080548863e-11 1.214627735309473259e-11
1.282450000000000045e+03 1.106246651266286110e-11 9.975241462605754566e-12 1.069817688573265004e-11
1.316339999999999918e+03 1.034851220323954539e-11 9.325020942333055083e-12 9.580736601032299881e-12
1.350230000000000018e+03 9.041936022423168278e-12 8.790879534135517513e-12 9.130929612829563546e-12
1.384119999999999891e+03 7.684339754361150450e-12 8.819116253973275178e-12 8.365763868313470074e-12
1.418009999999999991e+03 5.995593276155926921e-12 8.626780799333109642e-12 8.313265251803721713e-12
1.451900000000000091e+03 5.145745752569517353e-12 8.444460694979483966e-12 7.595975902499982318e-12
1.485789999999999964e+03 4.063163639716009899e-12 7.276660455027296067e-12 8.220205901061529023e-12
1.519670000000000073e+03 3.577056586692216688e-12 6.875154913890265085e-12 7.611815340901116169e-12
1.553559999999999945e+03 3.519289135737654899e-12 6.383431328893145698e-12 6.769879015952952844e-12
1.597980000000000018e+03 3.668030504874225533e-12 5.459723474441473020e-12 6.190402703391949321e-12
1.643170000000000073e+03 3.987820073477725855e-12 4.926158646927366642e-12 5.155659955066281966e-12
1.688359999999999900e+03 4.074146744723525242e-12 4.312029379688527766e-12 4.549565256475811278e-12
1.733549999999999955e+03 4.073082715542450061e-12 3.670728662811903320e-12 4.160049175184378234e-12
1.778740000000000009e+03 3.912623709433902049e-12 3.407992628689002381e-12 3.641950963304442432e-12
1.823930000000000064e+03 3.598851735094018316e-12 3.256952434418791764e-12 3.239273870751359656e-12
1.869130000000000109e+03 3.201996023843198026e-12 3.244081475011708654e-12 2.866835915485965293e-12
1.914319999999999936e+03 2.740150451670421019e-12 3.255608162076285867e-12 2.593179228124002700e-12
1.959509999999999991e+03 2.280881135846019368e-12 2.774101215526828705e-12 2.869234919870619800e-12
2.004700000000000045e+03 1.975028399319684944e-12 2.395893778960138452e-12 2.937238671709176393e-12
2.049889999999999873e+03 1.595692924206393218e-12 3.082633888880511921e-12 2.069229412989764152e-12
2.101840000000000146e+03 1.226388624885366622e-12 2.625322207346477002e-12 2.357382364819006854e-12
2.162110000000000127e+03 9.916113295663211328e-13 2.328819535051968976e-12 2.377963526113552027e-12
2.222369999999999891e+03 8.926021225854362328e-13 1.832801450222703087e-12 2.509778678232319595e-12
2.282630000000000109e+03 9.133271892622397325e-13 1.782312344700128657e-12 2.113875292536062151e-12
2.342900000000000091e+03 8.123976183710508004e-13 2.041316014249328820e-12 1.575207803614468733e-12
2.403159999999999854e+03 7.920374338598672746e-13 1.394192419682920106e-12 1.891541405930585943e-12
2.463429999999999836e+03 8.427776621252281461e-13 1.547887653116795381e-12 1.366164517982497854e-12
2.523690000000000055e+03 8.366077094658598096e-13 1.137201816122058181e-12 1.486529715884647133e-12
2.583960000000000036e+03 8.329551559549550636e-13 1.160231118636211608e-12 1.199655930008637608e-12
2.644219999999999800e+03 8.621889249813648790e-13 1.008263115228316882e-12 1.073838461588834219e-12
2.704480000000000018e+03 8.456099215010867204e-13 8.630689213401976038e-13 1.005304314923753935e-12
2.764750000000000000e+03 8.240809424645875794e-13 7.877859613271502933e-13 8.936733693548458272e-13
2.844420000000000073e+03 8.026254863135944002e-13 7.008459700871399672e-13 7.939966397659733669e-13
2.924780000000000200e+03 7.699095435062999266e-13 6.538168010045697630e-13 6.849075938289220182e-13
3.005150000000000091e+03 7.226730826757442870e-13 5.785160551646070510e-13 6.360999647171519769e-13
3.085510000000000218e+03 6.615827556097450099e-13 5.376962330818323271e-13 5.821913883727663821e-13
3.165869999999999891e+03 6.066333611059196904e-13 5.161571867891300349e-13 5.151082886738423281e-13
3.246239999999999782e+03 5.502349057085187802e-13 4.863026643770190003e-13 4.730273052324484091e-13
3.326599999999999909e+03 4.893206524716822635e-13 4.559034843440663513e-13 4.452174390966718703e-13
3.406960000000000036e+03 4.299026210833799898e-13 4.302431182634807025e-13 4.212194898653817321e-13
3.487329999999999927e+03 3.748195462879002836e-13 4.066144786156551568e-13 3.989188295391406956e-13
3.567690000000000055e+03 3.264096884784507025e-13 3.838986914670683605e-13 3.788681701304138225e-13
3.648050000000000182e+03 2.847388016263644838e-13 3.629618527224868253e-13 3.565257049276144071e-13
3.741360000000000127e+03 2.407155460753677354e-13 3.429807333380477558e-13 3.395919442288611182e-13
3.848519999999999982e+03 1.950474568574573369e-13 3.241072931429764278e-13 3.277574881839619660e-13
3.955690000000000055e+03 1.591008916923415354e-13 3.060418368333093163e-13 3.115791799052777652e-13
4.062860000000000127e+03 1.319166561215719004e-13 2.871144705370995101e-13 2.955559324530354267e-13
4.170020000000000437e+03 1.122025075264492667e-13 2.685478833111126909e-13 2.763559530617757466e-13
4.277189999999999600e+03 9.949022754681682548e-14 2.551176421011817335e-13 2.501274220146013611e-13
4.384359999999999673e+03 8.975312353534493679e-14 2.464408823500778282e-13 2.207023844269507409e-13
4.491520000000000437e+03 7.582442486695102648e-14 2.311799559262386663e-13 2.055753562167314649e-13
4.598689999999999600e+03 5.914888062964849650e-14 2.043722263576929677e-13 2.092509456990141841e-13
4.705859999999999673e+03 5.327606383476536187e-14 1.858372088815109061e-13 1.966526405451864209e-13
4.813020000000000437e+03 5.562747031425044073e-14 1.797620496555794972e-13 1.660393933858027067e-13
4.920189999999999600e+03 4.730860191618462856e-14 1.587926199930410409e-13 1.643650240395237465e-13
5.063100000000000364e+03 4.269978996557227717e-14 1.402664993335252891e-13 1.565384809299549294e-13
5.206010000000000218e+03 4.210360846393481503e-14 1.296177627867346093e-13 1.397729298269736313e-13
5.348920000000000073e+03 4.447262775911153340e-14 1.216644231857369606e-13 1.199620163454971873e-13
5.491819999999999709e+03 4.404674574787894833e-14 1.054785200753531395e-13 1.134892364659220163e-13
5.634729999999999563e+03 4.148093494980394049e-14 9.300482704901302929e-14 1.071867590595630926e-13
5.777640000000000327e+03 4.234387151204912422e-14 8.835461882097165751e-14 9.200728077328871645e-14
5.920550000000000182e+03 4.219476618967122468e-14 7.574599609105372778e-14 8.714975968967189422e-14
6.063460000000000036e+03 4.086736150394389317e-14 7.011335984034071679e-14 7.798756923126923440e-14
6.206369999999999891e+03 4.075916108569150605e-14 6.215596930126928377e-14 7.108124760839826479e-14
6.349279999999999745e+03 3.959880682275790823e-14 5.676716693692237235e-14 6.418185817000565055e-14
6.492189999999999600e+03 3.869576946257589252e-14 5.007490571305451695e-14 5.924764001252054358e-14
6.659750000000000000e+03 3.783467044232858471e-14 4.666088786756652779e-14 5.154515942994312716e-14
6.850319999999999709e+03 3.669911535420695172e-14 3.877088751943460725e-14 4.908251659272405710e-14
7.040890000000000327e+03 3.566267772455854350e-14 3.803343895100700066e-14 4.081816968302887054e-14
7.231470000000000255e+03 3.442017195018702532e-14 3.106439220830751972e-14 3.970344788251908046e-14
7.422039999999999964e+03 3.286493178870461016e-14 3.073508091461137862e-14 3.311277960520674240e-14
7.612609999999999673e+03 3.149172918004950378e-14 2.471617560168146494e-14 3.278606920121073035e-14
7.803180000000000291e+03 2.975586084868121049e-14 2.656120676813041360e-14 2.551989280827864250e-14
7.993750000000000000e+03 2.838380351997345444e-14 1.797317436210172833e-14 2.912944242636024531e-14
8.184329999999999927e+03 2.651461808097365677e-14 2.455399198552815824e-14 1.848250637032199301e-14
8.374899999999999636e+03 2.533863676710156734e-14 1.368503972540157167e-14 2.508651330044623975e-14
8.565469999999999345e+03 2.329757680436984765e-14 1.855059441660865931e-14 1.719481393357085455e-14
8.758229999999999563e+03 2.213594045987697206e-14 1.695358422041796503e-14 1.539875319960488148e-14
9.012370000000000800e+03 2.043834633632486463e-14 1.117118889120391395e-14 1.831613710635813921e-14
9.266500000000000000e+03 1.900404478917116612e-14 1.668310669837113203e-14 1.011380950411379233e-14
9.520629999999999200e+03 1.784584115545610309e-14 6.431697430691977383e-15 1.778577336992374680e-14
9.774760000000000218e+03 1.585267406567893210e-14 1.557424778448023671e-14 7.173805341133181888e-15
1.002889999999999964e+04 1.551759457957517685e-14 7.702933719596235782e-15 1.234692175144411357e-14
1.028300000000000000e+04 1.361595964848646597e-14 6.975138715050880949e-15 1.213961556199414319e-14
1.053720000000000073e+04 1.251831727259845098e-14 1.344910585318327512e-14 4.175804502079739194e-15
1.079129999999999927e+04 1.223597391960861218e-14 4.875847805027243448e-15 1.062433195319191824e-14
1.104539999999999964e+04 1.052482979790727539e-14 4.973335957693319051e-15 1.010700194134729002e-14
1.129960000000000036e+04 9.504211410378553458e-15 1.130109597633278257e-14 2.796994276147984839e-15
1.155370000000000073e+04 9.512919940374936103e-15 6.226709353607934119e-15 6.028173328126549705e-15
1.185460000000000036e+04 8.277970450020353999e-15 2.123375729557442112e-15 9.603187969182118604e-15
1.219350000000000000e+04 7.021307222111994626e-15 9.068206961559886102e-15 2.210173047499523156e-15
1.253239999999999964e+04 7.230727915107462021e-15 5.126018650847854157e-15 4.470600074032633772e-15
1.287129999999999927e+04 6.210692802773525527e-15 1.239979587004999012e-15 8.005035448802155381e-15
1.321010000000000036e+04 5.082150343022501523e-15 6.540875698844483530e-15 2.587674393549717187e-15
1.354900000000000000e+04 5.217590911637328416e-15 6.449888245550241420e-15 1.409705691600826335e-15
1.388789999999999964e+04 4.994346235132995912e-15 1.292987600993454516e-15 5.732662086991600811e-15
1.422679999999999927e+04 3.947678263631805761e-15 1.753108285845739863e-15 5.389563502509686145e-15
1.456570000000000073e+04 3.373062732993320802e-15 5.558265910301091088e-15 1.288262640987062278e-15
1.490460000000000036e+04 3.539582212530259734e-15 5.130706381560388133e-15 7.366814112577364712e-16
1.524350000000000000e+04 3.496817780295271718e-15 1.563827485162862574e-15 3.628687745044683265e-15
1.559020000000000073e+04 2.842137001856544519e-15 4.199525880816563114e-16 4.746099707812211428e-15
1.604210000000000036e+04 2.150942838171913147e-15 3.481508496776440132e-15 1.702185112664337721e-15
1.649400000000000000e+04 2.270064149014883611e-15 4.287607718190091857e-15 1.686489063822169224e-16
1.694590000000000146e+04 2.356773001905874622e-15 1.464655302924200956e-15 2.353864978938733831e-15
1.739779999999999927e+04 1.870265876609049716e-15 1.902053025059570546e-16 3.600405068553159448e-15
1.784979999999999927e+04 1.361123780946527406e-15 1.872020629252507238e-15 1.982374031717673988e-15
1.830170000000000073e+04 1.296627959821875110e-15 3.334735452027909996e-15 1.666467780319384187e-16
1.875359999999999854e+04 1.465974871999843594e-15 2.574456478127139559e-15 3.768748590422163264e-16
1.920550000000000000e+04 1.442602163470239372e-15 8.191097896656910532e-16 1.799530881399900054e-15
1.965740000000000146e+04 1.152049847619356314e-15 6.925921008869432806e-17 2.527658344004670963e-15
2.010929999999999927e+04 8.209550214628724798e-16 7.487570225306430123e-16 1.885315436300009314e-15
2.056129999999999927e+04 6.719665277268850593e-16 1.832258394094432459e-15 6.818733376869919489e-16
2.110150000000000000e+04 7.416983358239796185e-16 2.213111996922710227e-15 -3.865714728346779313e-17
2.170420000000000073e+04 8.581055904322986947e-16 1.279638957406975169e-15 5.404318903586637383e-16
2.230679999999999927e+04 7.712456517415719217e-16 2.212603358344047877e-16 1.462151397061717016e-15
2.290950000000000000e+04 5.426557317774771748e-16 1.113953653354638809e-16 1.598326448465697024e-15
2.351209999999999854e+04 3.641179409465931151e-16 7.592002433477988200e-16 9.455455788758380649e-16
2.411470000000000073e+04 3.309765027796216527e-16 1.353460625248755447e-15 2.126382263458670255e-16
2.471740000000000146e+04 3.971903940629336558e-16 1.389185820981623368e-15 -3.732333405712951433e-17
2.532000000000000000e+04 4.558438600730078175e-16 9.268193924407437781e-16 2.261332945584145848e-16
2.592270000000000073e+04 4.423865681931698122e-16 3.640078366153386109e-16 6.743611120117012858e-16
2.652529999999999927e+04 3.586592800079461720e-16 4.146366078788093680e-17 9.605590748502881450e-16
2.712800000000000000e+04 2.519012047479314697e-16 5.969352319545193126e-17 9.440546913109901599e-16
2.775140000000000146e+04 1.653333774168274856e-16 3.179836704546021216e-16 6.721673210958977218e-16
2.855500000000000000e+04 1.294316692009871550e-16 6.891906628791617954e-16 2.383039582518621695e-16
2.935870000000000073e+04 1.585683504145143408e-16 8.175799101700057188e-16 -8.198107119839285932e-18
3.016229999999999927e+04 2.012749577946572822e-16 6.573090916576524434e-16 2.588465746551076145e-17
3.096590000000000146e+04 2.177883827813680779e-16 3.650556947521255520e-16 2.309675987214616478e-16
3.176959999999999854e+04 1.948657424926149076e-16 1.140812815999360726e-16 4.378105969052336854e-16
3.257320000000000073e+04 1.467436573527848746e-16 6.501883359530407871e-18 5.326697905723084046e-16
3.337680000000000291e+04 9.514373490595278863e-17 4.314772696425824186e-17 4.904377738065539751e-16
3.418050000000000000e+04 5.802245291986612009e-17 1.635436836386432541e-16 3.581860556181862423e-16
3.498409999999999854e+04 4.138315038887358698e-17 2.928882087682662118e-16 1.986282957329747905e-16
3.578780000000000291e+04 4.299063663507184391e-17 3.776948009592332691e-16 6.949206736167895322e-17
3.659140000000000146e+04 5.499733471987467206e-17 3.950130461186299848e-16 -4.407221440460683538e-19
3.756140000000000146e+04 7.314656641928219647e-17 3.447446515815896032e-16 -4.734613264594514834e-18
3.863309999999999854e+04 8.528805079782539237e-17 2.328514976261362493e-16 5.937599475079444881e-17
3.970469999999999709e+04 8.376610666889602633e-17 1.163345168905609068e-16 1.452505976554212123e-16
4.077640000000000146e+04 7.064724226297466426e-17 3.477983235276946655e-17 2.108626430593453069e-16
4.184800000000000000e+04 5.172232113416463247e-17 2.149195967286298525e-18 2.360655810615640214e-16
4.291969999999999709e+04 3.285538698519774027e-17 1.197203683225592028e-17 2.201994675855303759e-16
4.399140000000000146e+04 1.850144867213725592e-17 4.753977651271280184e-17 1.778300623394338324e-16
4.506300000000000000e+04 1.007470398396932989e-17 9.053496185841168041e-17 1.231821206063508102e-16
4.613469999999999709e+04 7.393332520827440237e-18 1.270048548745504641e-16 7.108420871754248555e-17
4.720640000000000146e+04 8.955347125925786760e-18 1.486321185183967732e-16 3.057350774752010363e-17
4.827800000000000000e+04 1.293740880170154638e-17 1.544655562038676951e-16 5.778566123518029251e-18
4.939900000000000000e+04 1.780359043724905375e-17 1.451403810174794105e-16 -4.062248581487992654e-18
5.082809999999999854e+04 2.328741895692726376e-17 1.199061291789307092e-16 1.807394562821486015e-18
5.225719999999999709e+04 2.606134923068610851e-17 8.605495516033781141e-17 1.976710007250648625e-17
5.368630000000000291e+04 2.610137890179782579e-17 5.365426994594741910e-17 4.133390663862767546e-17
5.511540000000000146e+04 2.355738692073417706e-17 2.734274141703626809e-17 5.977940896047029838e-17
5.654450000000000000e+04 1.947763545411694302e-17 1.004932351343183239e-17 7.174061689728277705e-17
5.797350000000000000e+04 1.479169524466001029e-17 1.690508050494922528e-18 7.624424687447711532e-17
5.940259999999999854e+04 1.021954061352101593e-17 6.505318995450114472e-19 7.377088283544619122e-17
6.083169999999999709e+04 6.374275387555460414e-18 4.669277840760363784e-18 6.676268001512963460e-17
6.226080000000000291e+04 3.408132008706643337e-18 1.144651188559977231e-17 5.640072261729260459e-17
6.368990000000000146e+04 1.409712106118287934e-18 1.899737978830575338e-17 4.466543253493496705e-17
6.511900000000000000e+04 3.043447801824884611e-19 2.610667663219901747e-17 3.342660259626391674e-17
6.686039999999999418e+04 -8.100325652086889894e-20 3.313814416273679800e-17 2.150038682638429205e-17
6.876610000000000582e+04 3.301753403132753058e-19 3.802298856190966098e-17 1.133959305378840193e-17
7.067180000000000291e+04 1.226344947193217634e-18 3.967257790556929541e-17 4.410644479612965433e-18
7.257750000000000000e+04 2.285557773222380837e-18 3.853446618613320873e-17 5.301263557319967044e-19
7.448319999999999709e+04 3.263518322763687452e-18 3.516407735889942676e-17 -8.419493077380454060e-19
7.638900000000000000e+04 4.064406587951572599e-18 3.080866217348908680e-17 -3.977781446821812780e-19
7.829469999999999709e+04 4.579501314479059813e-18 2.568413080077188630e-17 1.201849798076261980e-18
8.020039999999999418e+04 4.820801478989030904e-18 2.053581134337005057e-17 3.376546971335397671e-18
8.210610000000000582e+04 4.797208513462355728e-18 1.568336938653806776e-17 5.661435932665020141e-18
8.401180000000000291e+04 4.607960789713940362e-18 1.153883372195123920e-17 7.809398358110221516e-18
8.591760000000000582e+04 4.250372185844080551e-18 8.038442789397700247e-18 9.560779572134236962e-18
8.793289999999999418e+04 3.790060711798087030e-18 5.162950383359904475e-18 1.096315795664087591e-17
9.047419999999999709e+04 3.201452490063082359e-18 2.649567781676257530e-18 1.222304020143641879e-17
9.301550000000000000e+04 2.564740207902779752e-18 1.077828564550671441e-18 1.266438042876237325e-17
9.555680000000000291e+04 1.980256655327576424e-18 2.832290318712826547e-19 1.260748833318975055e-17
9.809810000000000582e+04 1.442045314003682554e-18 5.091842619833409622e-20 1.198429294802997664e-17
1.006390000000000000e+05 9.875324459872289074e-19 2.044606534238944401e-19 1.105348541181484401e-17
