1.017789999999999928e+01 8.715775950761117392e-06 8.697777140707621120e-06 8.617134076279962592e-06
1.043200000000000038e+01 8.126134692936405154e-06 8.284289483050019518e-06 8.221848340754528704e-06
1.068609999999999971e+01 7.727574512672379206e-06 7.786967464592638326e-06 7.802437749152763734e-06
1.094030000000000058e+01 7.397724160602081919e-06 7.356799258916102636e-06 7.338376012592633937e-06
1.119439999999999991e+01 6.868691685855055404e-06 7.059005608350428225e-06 7.034144280671427587e-06
1.144849999999999923e+01 6.594477238170035875e-06 6.649208184652089848e-06 6.644201612482730193e-06
1.171439999999999948e+01 6.319485091005639159e-06 6.247266373656056010e-06 6.269360143316318955e-06
1.205320000000000036e+01 6.041808309254370640e-06 5.799144176836163226e-06 5.773391754785835678e-06
1.239209999999999923e+01 5.682473012146370842e-06 5.415747336316179887e-06 5.398676686848029060e-06
1.273099999999999987e+01 5.462057960144975347e-06 5.013395536185230905e-06 4.998401305772470589e-06
1.306990000000000052e+01 4.980176196770562630e-06 4.775223815724082861e-06 4.759560536981793477e-06
1.340879999999999939e+01 4.479243021800898795e-06 4.577216030234816915e-06 4.599153927780237832e-06
1.374770000000000003e+01 4.437401653019275112e-06 4.212528735311740794e-06 4.197341322455409171e-06
1.408660000000000068e+01 4.094157883404461109e-06 4.005458712158337736e-06 4.012999156013454546e-06
1.442549999999999955e+01 3.801033613360809745e-06 3.810614056176071200e-06 3.813853848419633573e-06
1.476440000000000019e+01 3.725798396530252448e-06 3.552277551280707407e-06 3.511604701907742741e-06
1.510330000000000084e+01 3.355483833668279781e-06 3.415515353909700950e-06 3.425042094331245623e-06
1.544209999999999994e+01 3.135990853686985102e-06 3.246615384571260065e-06 3.261381442930517403e-06
1.585510000000000019e+01 2.997486371430369288e-06 3.019655872271288648e-06 3.015359621060574633e-06
1.630699999999999861e+01 2.675061388267579540e-06 2.859935765482358967e-06 2.899827435483725964e-06
1.675890000000000057e+01 2.579889557343332295e-06 2.645799888544291678e-06 2.655104587853825743e-06
1.721079999999999899e+01 2.437759684318836388e-06 2.463896472884575294e-06 2.472156011771657615e-06
1.766280000000000072e+01 2.175176186229961565e-06 2.351626397290631828e-06 2.381973075747756528e-06
1.811469999999999914e+01 2.117084779121097310e-06 2.184927978370714652e-06 2.178009023472399548e-06
1.856660000000000110e+01 2.003689726811769883e-06 2.038179910374409310e-06 2.041513606079968671e-06
1.901849999999999952e+01 1.887649033286901949e-06 1.906521583318165824e-06 1.921152132978186178e-06
1.947040000000000148e+01 1.746705725321308455e-06 1.808067925541291012e-06 1.823123839070095297e-06
1.992229999999999990e+01 1.627842676364876081e-06 1.710593170609469618e-06 1.725646385707685929e-06
2.037430000000000163e+01 1.544575349089464938e-06 1.606998069404347602e-06 1.621023156855756281e-06
2.085219999999999985e+01 1.477889378586375579e-06 1.504131867416175457e-06 1.507361053089886528e-06
2.145479999999999876e+01 1.338830427541412176e-06 1.418692044795626527e-06 1.418176649018508866e-06
2.205750000000000099e+01 1.262870025844893147e-06 1.312037695471228931e-06 1.320627319813569643e-06
2.266009999999999991e+01 1.172183576586503513e-06 1.223570737581472730e-06 1.233885066486248993e-06
2.326269999999999882e+01 1.128039225391234277e-06 1.132464208141984251e-06 1.136722500352748294e-06
2.386540000000000106e+01 1.019206212665183235e-06 1.079153718789676547e-06 1.079339958224387798e-06
2.446799999999999997e+01 9.673385138667301534e-07 9.982409329861990475e-07 1.011191928704079087e-06
2.507069999999999865e+01 9.127143380706881666e-07 9.355225813685906694e-07 9.416490911202937161e-07
2.567330000000000112e+01 8.680908779899846246e-07 8.729458687232853360e-07 8.761711686155977034e-07
2.627590000000000003e+01 8.129806598436590293e-07 8.211262243038273388e-07 8.250886186609267340e-07
2.687859999999999872e+01 7.359530117542373506e-07 7.872198329658291099e-07 7.883514122684361513e-07
2.748120000000000118e+01 6.984000499317382795e-07 7.303738999400700968e-07 7.444245786107577934e-07
2.822250000000000014e+01 6.633150702528583897e-07 6.812821615244510642e-07 6.797186018381567386e-07
2.902609999999999957e+01 6.268761305539249280e-07 6.313521010844826395e-07 6.304251451611550910e-07
2.982979999999999876e+01 5.538236198975098815e-07 5.984600611267809630e-07 6.059283899491954500e-07
3.063340000000000174e+01 5.207750566295896314e-07 5.488316461686334207e-07 5.676543477750397758e-07
3.143700000000000117e+01 4.986803361111159167e-07 5.152762868714873374e-07 5.178096419958249490e-07
3.224069999999999681e+01 4.818306084124413616e-07 4.768606084708478062e-07 4.746643913267559661e-07
3.304429999999999978e+01 4.311998081346547747e-07 4.585514101561368318e-07 4.459641370644217025e-07
3.384790000000000276e+01 4.189838831622249286e-07 4.197780038261486348e-07 4.167460738839908130e-07
3.465160000000000196e+01 3.861935536571949340e-07 3.951632694259987029e-07 3.955786934447457360e-07
3.545519999999999783e+01 3.553757837384113999e-07 3.683499272840598437e-07 3.747992669304978587e-07
3.625880000000000081e+01 3.427594623229797382e-07 3.470979745701501461e-07 3.468307489559454524e-07
3.711789999999999878e+01 3.125101620553095467e-07 3.283646748801260724e-07 3.308644367364925377e-07
3.818959999999999866e+01 2.975614801438754225e-07 3.031086979064477067e-07 3.026788972464657066e-07
3.926129999999999853e+01 2.644854387033640656e-07 2.881645758362618977e-07 2.877151567620080341e-07
4.033290000000000219e+01 2.629684644451311845e-07 2.593709051828443169e-07 2.608566182168828210e-07
4.140460000000000207e+01 2.450998897081663545e-07 2.419360000656379099e-07 2.434310303179779493e-07
4.247630000000000194e+01 2.186730657628428085e-07 2.330873835722783432e-07 2.301837165555423813e-07
4.354789999999999850e+01 2.109847022654991527e-07 2.115446419048159210e-07 2.145285404688302221e-07
4.461959999999999837e+01 1.946505339541822582e-07 2.008435143156124491e-07 2.011390475606501520e-07
4.569129999999999825e+01 1.807839527944120286e-07 1.881948261467617752e-07 1.896177634789026460e-07
4.676290000000000191e+01 1.743772908597966156e-07 1.749034153638725538e-07 1.745424109369128115e-07
4.783460000000000178e+01 1.587247607739362172e-07 1.661275044207139239e-07 1.665762446759931001e-07
4.890630000000000166e+01 1.509227484521110287e-07 1.552931909735498256e-07 1.551946190065838567e-07
5.023669999999999902e+01 1.419043333246869870e-07 1.437992966159013641e-07 1.430903769870873373e-07
5.166579999999999728e+01 1.290581121664004688e-07 1.343243886030432905e-07 1.348255736543140311e-07
5.309490000000000265e+01 1.232286691128596905e-07 1.233117146543867458e-07 1.243392828573818930e-07
5.452400000000000091e+01 1.094678303071567684e-07 1.186992569525644366e-07 1.183719198952323580e-07
5.595309999999999917e+01 1.094029805559842976e-07 1.072279051692991869e-07 1.066347275205056808e-07
5.738219999999999743e+01 9.619407434411181806e-08 1.028723453544754836e-07 1.024620855942344936e-07
5.881130000000000280e+01 9.231423713252823217e-08 9.535621652482808570e-08 9.462603813107136913e-08
6.024040000000000106e+01 8.686877858883411465e-08 8.814250691110615094e-08 8.789614305348692543e-08
6.166949999999999932e+01 8.052826145641638341e-08 8.326286382668879266e-08 8.316465045050630979e-08
6.309859999999999758e+01 7.540039870203550610e-08 7.803809838507700529e-08 7.814581644765487247e-08
6.452760000000000673e+01 7.017622492707649979e-08 7.321077373807408654e-08 7.365068520093272997e-08
6.607179999999999609e+01 6.538846497612376474e-08 6.888721896541743184e-08 6.871837949090278063e-08
6.797750000000000625e+01 6.077212106510173341e-08 6.350816363955238332e-08 6.432145445308754840e-08
6.988320000000000221e+01 5.675255670357653178e-08 5.661700160541388771e-08 5.931219546506402991e-08
7.178889999999999816e+01 5.113798017530286318e-08 5.576090023747469977e-08 5.592539258049645982e-08
7.369469999999999743e+01 4.991127617223265997e-08 5.194705615613014197e-08 5.308544385655060731e-08
7.560039999999999338e+01 4.701841822617095120e-08 4.795874147445349441e-08 4.716395306563245338e-08
7.750610000000000355e+01 4.342719157563416807e-08 4.418357887626828771e-08 4.459354890418090727e-08
7.941179999999999950e+01 3.888352250460754255e-08 4.238146337957816760e-08 4.220608763188664365e-08
8.131749999999999545e+01 3.667983116061629721e-08 3.908770725280280142e-08 3.964337313665053115e-08
8.322329999999999472e+01 3.492132942763920911e-08 3.621772089598101312e-08 3.676344524765004956e-08
8.512900000000000489e+01 3.428289818357385465e-08 3.368108621288020136e-08 3.439043167099527499e-08
8.703470000000000084e+01 3.043171929811111883e-08 3.230659404705803604e-08 3.220204496341434799e-08
8.942260000000000275e+01 2.827939849725044597e-08 2.971490794731664065e-08 3.007915103400178785e-08
9.196389999999999532e+01 2.676867443861866575e-08 2.791145164366588775e-08 2.738206182685977190e-08
9.450520000000000209e+01 2.392628027968404081e-08 2.413453933842154793e-08 2.601613046514993093e-08
9.704659999999999798e+01 2.221976829205228692e-08 2.393645941498123112e-08 2.480337900388213616e-08
9.958790000000000475e+01 2.138408637779860721e-08 2.240666128847687408e-08 2.218013331731544644e-08
1.021290000000000049e+02 2.023988730375762350e-08 2.077608623350093846e-08 2.086968580772659487e-08
1.046710000000000065e+02 1.881010112335718348e-08 1.940674257178654055e-08 1.944896912976669924e-08
1.072120000000000033e+02 1.752837800251464023e-08 1.787237666277890942e-08 1.843725619604886314e-08
1.097530000000000001e+02 1.650531019189922588e-08 1.755111120804978937e-08 1.620365774537391960e-08
1.122939999999999969e+02 1.530795283998850684e-08 1.578459968761532466e-08 1.601054577239617335e-08
1.148359999999999985e+02 1.431368745584113966e-08 1.450182191071735988e-08 1.533049480641702684e-08
1.176110000000000042e+02 1.332008860937186993e-08 1.406206712775038456e-08 1.412004412417957047e-08
1.210000000000000000e+02 1.262339314031604638e-08 1.175531373673982987e-08 1.374407658794412724e-08
1.243889999999999958e+02 1.177621902982293425e-08 1.176784437554357959e-08 1.182475067963349143e-08
1.277780000000000058e+02 1.073883249970480632e-08 1.134298380954434163e-08 1.077042106474520832e-08
1.311670000000000016e+02 1.004901731046673657e-08 1.084749352522891730e-08 9.650759414304350883e-09
1.345550000000000068e+02 9.016797200239899400e-09 9.937976957750501501e-09 9.463541192009601283e-09
1.379439999999999884e+02 8.245842910352528733e-09 8.991269522917832094e-09 9.260777948809720716e-09
1.413329999999999984e+02 7.667703357464853527e-09 8.318544480747477419e-09 8.706243841787670954e-09
1.447220000000000084e+02 7.341464051701793465e-09 7.847018799912381813e-09 7.660202822720666752e-09
1.481109999999999900e+02 6.923049981748816884e-09 7.306250483460256295e-09 7.269557850174611630e-09
1.515000000000000000e+02 6.188119058220338572e-09 6.866104820819841933e-09 7.037785525959822098e-09
1.548890000000000100e+02 5.996632580915940936e-09 6.454974404795600125e-09 6.327043844288459409e-09
1.591740000000000066e+02 5.707948728968915489e-09 5.847583796082808616e-09 5.853871894948277673e-09
1.636930000000000121e+02 5.128277381300078847e-09 5.560179588785210160e-09 5.435321679914711724e-09
1.682129999999999939e+02 4.629198217093995012e-09 5.046027941199045573e-09 5.265640902706962930e-09
1.727319999999999993e+02 4.271922912201432225e-09 4.717876020557309112e-09 4.886925662241261069e-09
1.772510000000000048e+02 4.119493102640646270e-09 4.360312202063320239e-09 4.411327710296034541e-09
1.817700000000000102e+02 3.717855880299992012e-09 4.246333802244816114e-09 4.022937897455191997e-09
1.862889999999999873e+02 3.539773460688007656e-09 3.703612366219997397e-09 3.912368328091997085e-09
1.908079999999999927e+02 3.301133569035831800e-09 3.535556593590371295e-09 3.547179187373799222e-09
1.953280000000000030e+02 3.061468579351601716e-09 3.344099445759996145e-09 3.275347784888402813e-09
1.998470000000000084e+02 2.879605893847765283e-09 2.966580696549994400e-09 3.179810959602242075e-09
2.043660000000000139e+02 2.649345911904937327e-09 2.914219945291467797e-09 2.852758439863271242e-09
2.093530000000000086e+02 2.510041463631112412e-09 2.620989982074764581e-09 2.701991592794123820e-09
2.153789999999999907e+02 2.302909656022013985e-09 2.524606265429637031e-09 2.411864248548351061e-09
2.214060000000000059e+02 2.095760118590351397e-09 2.283330324468582275e-09 2.319739036941067440e-09
2.274319999999999879e+02 1.925962540285570436e-09 2.182399697061469555e-09 2.098441631147415383e-09
2.334590000000000032e+02 1.790485177576530503e-09 1.932348406876244235e-09 2.031785277546239578e-09
2.394850000000000136e+02 1.622831336730065126e-09 1.767559493609105074e-09 1.947055284660830804e-09
2.455109999999999957e+02 1.538745645680051055e-09 1.635826923386498579e-09 1.786138701933451546e-09
2.515380000000000109e+02 1.438684278706356398e-09 1.555497805478049905e-09 1.610416485896403081e-09
2.575640000000000214e+02 1.312029486028806454e-09 1.497260652671666466e-09 1.478731371299527856e-09
2.635910000000000082e+02 1.298195544542899819e-09 1.346523614123048233e-09 1.339159172182407251e-09
2.696170000000000186e+02 1.113066885459499909e-09 1.278445399617221186e-09 1.322889024923279276e-09
2.756440000000000055e+02 1.062304472097616917e-09 1.175478133103049266e-09 1.221550446799334143e-09
2.833330000000000268e+02 1.018453983099674761e-09 1.077047121702740651e-09 1.101066973697584967e-09
2.913700000000000045e+02 8.984953374411783716e-10 1.003718633956893342e-09 1.049912083601928517e-09
2.994060000000000059e+02 8.901132285733428371e-10 9.160166025178317592e-10 9.206847104088257059e-10
3.074420000000000073e+02 7.400843271671332017e-10 8.440357012235690646e-10 9.408970441092980133e-10
3.154789999999999850e+02 7.561166112570776117e-10 8.047775808628990574e-10 7.879812290593945223e-10
3.235149999999999864e+02 6.855919247046464777e-10 7.401408258939793187e-10 7.413965326460406550e-10
3.315509999999999877e+02 5.978994024363704228e-10 6.984722012918725308e-10 7.139701476656672698e-10
3.395880000000000223e+02 6.129210940708983351e-10 6.204147121590385129e-10 6.324897117700634289e-10
3.476240000000000236e+02 5.335915960231693610e-10 6.025001488143897072e-10 5.788271832683700017e-10
3.556610000000000014e+02 4.613696702280316799e-10 5.685007081485049985e-10 5.795759271234635417e-10
3.636970000000000027e+02 4.803954723613328481e-10 5.032760076781318894e-10 5.110681759605355809e-10
3.726580000000000155e+02 4.413788211188069075e-10 4.639572672309409418e-10 4.809147776264787899e-10
3.833740000000000236e+02 3.558452378570428420e-10 4.479715780721798561e-10 4.738848290707774880e-10
3.940910000000000082e+02 3.721721877323647456e-10 3.989052986204032780e-10 4.080087791472322243e-10
4.048079999999999927e+02 3.558900565109785498e-10 3.662435114080887128e-10 3.670376898309329206e-10
4.155240000000000009e+02 2.808289010973297480e-10 3.606583744539827538e-10 3.645836460486876900e-10
4.262409999999999854e+02 2.734003050368085766e-10 3.204970839039500895e-10 3.376832995592414982e-10
4.369569999999999936e+02 2.903769212088089853e-10 2.826388906277351513e-10 2.892250336634560443e-10
4.476739999999999782e+02 2.502056986099856206e-10 2.767351872787073011e-10 2.716367956113072005e-10
4.583910000000000196e+02 2.027272247020016976e-10 2.683802278793431552e-10 2.683634159186553159e-10
4.691070000000000277e+02 2.007022392654650277e-10 2.379979717650707777e-10 2.472705699694642874e-10
4.798240000000000123e+02 2.137366611713440613e-10 2.064651640585371282e-10 2.157453932701189580e-10
4.905409999999999968e+02 1.960460044797812516e-10 2.040517117022164936e-10 1.897355373180023853e-10
5.043389999999999986e+02 1.533010887069061583e-10 1.972480534103322724e-10 1.927238408827616192e-10
5.186299999999999955e+02 1.371578518106723120e-10 1.792004818516606080e-10 1.834569537876671748e-10
5.329199999999999591e+02 1.506797483438095308e-10 1.516456704075542231e-10 1.588561372986363646e-10
5.472110000000000127e+02 1.458938935910583312e-10 1.395141279618632481e-10 1.400260352470785635e-10
5.615019999999999527e+02 1.185444785107037903e-10 1.440802263541266148e-10 1.301605557851696699e-10
5.757930000000000064e+02 9.609720235467455785e-11 1.234703198941375465e-10 1.412285609557236354e-10
5.900839999999999463e+02 9.231066861821339960e-11 1.171605518668436392e-10 1.257369965540509974e-10
6.043750000000000000e+02 1.011866799018842022e-10 9.539437628716729040e-11 1.136639670609485488e-10
6.186660000000000537e+02 1.025586864982748053e-10 9.144027389670633757e-11 9.301163435501891075e-11
6.329569999999999936e+02 8.479153959770855034e-11 9.032204536808122244e-11 9.030324718421023500e-11
6.472480000000000473e+02 6.747669576434982891e-11 9.118041929799179464e-11 8.719996043765841499e-11
6.633460000000000036e+02 5.793805974226771139e-11 8.370408893312118818e-11 8.527035042461113252e-11
6.824039999999999964e+02 6.202994281855380062e-11 7.151161863861826236e-11 7.510276554282796255e-11
7.014610000000000127e+02 6.602056947281492019e-11 6.182176891307371519e-11 6.400955672615378353e-11
7.205180000000000291e+02 5.995946034109806244e-11 5.853495653035312643e-11 5.843944616854883937e-11
7.395750000000000455e+02 4.756887337703464799e-11 5.821650332625153445e-11 5.717532981671383250e-11
7.586319999999999482e+02 3.799643465792729161e-11 5.588940527878385405e-11 5.657904696328887705e-11
7.776900000000000546e+02 3.528678786781023308e-11 5.158461640353646239e-11 5.199095971365333440e-11
7.967469999999999573e+02 3.669829809296202076e-11 4.429591140084188571e-11 4.722452638119611194e-11
8.158039999999999736e+02 3.953573067254649020e-11 3.882752025504622651e-11 4.035545416164051658e-11
8.348609999999999900e+02 3.857148192899293395e-11 3.483536368064859589e-11 3.600351774035848130e-11
8.539180000000000064e+02 3.461951630362322655e-11 3.328387296740457975e-11 3.317756054897221290e-11
8.729759999999999991e+02 2.881719419803923896e-11 3.278388131673079760e-11 3.181310770022998067e-11
8.977309999999999945e+02 2.223400784184434375e-11 3.218208918836371084e-11 3.129917511979195367e-11
9.231449999999999818e+02 1.841782075869796247e-11 3.044063529758039527e-11 3.001321365072164439e-11
9.485579999999999927e+02 1.828983668449915722e-11 2.671835220659526734e-11 2.746700703515609449e-11
9.739710000000000036e+02 1.977215379270523563e-11 2.279489516851615020e-11 2.419622531127862047e-11
9.993840000000000146e+02 2.094677040971897097e-11 1.954448512059792701e-11 2.100132491818311737e-11
1.024799999999999955e+03 2.047415510695346044e-11 1.777044594171965162e-11 1.836891043532689493e-11
1.050210000000000036e+03 1.837909772419550931e-11 1.685133464118445036e-11 1.701477175512004888e-11
1.075619999999999891e+03 1.525906581191022904e-11 1.668760941869529550e-11 1.622324314439448421e-11
1.101039999999999964e+03 1.207198855137890615e-11 1.674610943315720858e-11 1.560787361096389640e-11
1.126450000000000045e+03 9.606242212913281462e-12 1.612637481415210832e-11 1.521263269843461837e-11
1.151859999999999900e+03 8.225629990720294856e-12 1.469893185539630065e-11 1.486411762101472350e-11
1.180779999999999973e+03 7.863320085925805937e-12 1.331285765513931570e-11 1.359584751128488324e-11
1.214670000000000073e+03 8.576066441307000816e-12 1.131712734467284573e-11 1.201442291492015688e-11
1.248559999999999945e+03 9.246406975396734733e-12 9.566812135293260777e-12 1.049369092306001228e-11
1.282450000000000045e+03 9.402822210663508568e-12 8.413902978697679925e-12 9.090272334138813312e-12
1.316339999999999918e+03 8.882118859091158678e-12 7.817572971018219790e-12 8.076561876240626669e-12
1.350230000000000018e+03 7.771196958970693471e-12 7.408697568770511228e-12 7.614795323838798316e-12
1.384119999999999891e+03 6.533270991805373966e-12 7.404171485693996126e-12 7.045953712608608657e-12
1.418009999999999991e+03 5.075556370447328530e-12 7.267115965232659744e-12 6.961027820929192813e-12
1.451900000000000091e+03 4.242889833170185501e-12 7.114908285862198789e-12 6.441542236392619744e-12
1.485789999999999964e+03 3.322092100591052087e-12 6.210063883097730763e-12 6.858998959656218043e-12
1.519670000000000073e+03 2.897414091221825058e-12 5.829016105457483132e-12 6.370650480260693801e-12
1.553559999999999945e+03 2.831586137042180013e-12 5.374064468290025964e-12 5.680312942027796979e-12
1.597980000000000018e+03 2.967760716562179657e-12 4.594099338800434152e-12 5.185470872692388049e-12
1.643170000000000073e+03 3.250913466752650951e-12 4.115244820400173115e-12 4.323956834122678384e-12
1.688359999999999900e+03 3.350601568812710810e-12 3.581022289320629103e-12 3.798401977665161373e-12
1.733549999999999955e+03 3.365132035912665633e-12 3.038541307562936210e-12 3.452850651779899763e-12
1.778740000000000009e+03 3.237626338525108731e-12 2.810121643061896888e-12 3.011997457553496529e-12
1.823930000000000064e+03 2.974590497373750867e-12 2.677306972242712476e-12 2.669433826806038253e-12
1.869130000000000109e+03 2.640949719794234754e-12 2.663617879169545139e-12 2.357591713203221492e-12
1.914319999999999936e+03 2.250955667138831958e-12 2.671022087408222590e-12 2.126519517777046208e-12
1.959509999999999991e+03 1.864361086602316141e-12 2.271345254511158409e-12 2.349555071203826963e-12
2.004700000000000045e+03 1.606722309418754809e-12 1.952718782559818777e-12 2.401549873668027500e-12
2.049889999999999873e+03 1.292310173494212079e-12 2.517583031222252084e-12 1.677834670207886846e-12
2.101840000000000146e+03 9.893457274097612771e-13 2.132115817260339216e-12 1.915111797747750098e-12
2.162110000000000127e+03 8.001714272127616822e-13 1.882359746366277485e-12 1.932061280361061430e-12
2.222369999999999891e+03 7.246293646602499725e-13 1.463690264238226703e-12 2.043448104616324004e-12
2.282630000000000109e+03 7.476374116860588754e-13 1.425162439340719758e-12 1.704790519778272082e-12
2.342900000000000091e+03 6.637576994769780770e-13 1.651743985113018747e-12 1.249062794860278864e-12
2.403159999999999854e+03 6.486354918316689772e-13 1.098352710689550652e-12 1.526843863235410813e-12
2.463429999999999836e+03 6.891187108361568535e-13 1.244152059356781006e-12 1.074932928409687172e-12
2.523690000000000055e+03 6.815887014600966501e-13 8.916297997885729525e-13 1.188403438731789699e-12
2.583960000000000036e+03 6.724974969916954552e-13 9.225414641166571181e-13 9.462887708328083655e-13
2.644219999999999800e+03 6.939019273146625943e-13 7.999705166936657213e-13 8.415403611419362173e-13
2.704480000000000018e+03 6.750276225346506314e-13 6.782529217954549855e-13 7.906760848418040921e-13
2.764750000000000000e+03 6.521893385428733009e-13 6.193193491654016806e-13 7.008767443323017053e-13
2.844420000000000073e+03 6.305827560461855049e-13 5.511029521106404234e-13 6.230972080962519239e-13
2.924780000000000200e+03 6.011311396531223918e-13 5.179672216245390355e-13 5.337140843554464377e-13
3.005150000000000091e+03 5.620455367164265702e-13 4.541531860560327098e-13 4.987404112353234294e-13
3.085510000000000218e+03 5.098361885634302384e-13 4.190656158873998697e-13 4.606877091265779513e-13
3.165869999999999891e+03 4.646593836058174603e-13 4.063337775295087756e-13 4.024226223257312557e-13
3.246239999999999782e+03 4.214617906149913642e-13 3.850561154350856689e-13 3.642617475375811658e-13
3.326599999999999909e+03 3.748227938862376763e-13 3.595686620356406627e-13 3.403940260239609709e-13
3.406960000000000036e+03 3.291452146590472490e-13 3.370476881470921655e-13 3.207529027623017801e-13
3.487329999999999927e+03 2.865960648804859128e-13 3.165422475552922046e-13 3.021172124906853682e-13
3.567690000000000055e+03 2.493003746800298100e-13 2.973870960664482666e-13 2.855455922930860005e-13
3.648050000000000182e+03 2.167246370271593591e-13 2.787542793383585395e-13 2.683344454827396872e-13
3.741360000000000127e+03 1.839673406487436806e-13 2.615347692492739026e-13 2.542760528526852625e-13
3.848519999999999982e+03 1.510530019717625659e-13 2.457734702155462491e-13 2.435815982774058385e-13
3.955690000000000055e+03 1.246016769729808339e-13 2.303580632681348734e-13 2.304897048931162204e-13
4.062860000000000127e+03 1.044748816061078410e-13 2.150131720567012712e-13 2.179613867725887142e-13
4.170020000000000437e+03 8.949353821292490481e-14 1.998301323535664674e-13 2.033516933684743073e-13
4.277189999999999600e+03 7.941940772410517228e-14 1.880852055896138337e-13 1.844080597986525963e-13
4.384359999999999673e+03 7.159526864833588584e-14 1.797584476169425338e-13 1.633353393385500463e-13
4.491520000000000437e+03 6.123102594974932019e-14 1.676127294753761510e-13 1.511747066747788193e-13
4.598689999999999600e+03 4.927786664508712258e-14 1.484579612401805169e-13 1.514566101090270998e-13
4.705859999999999673e+03 4.445841722675896501e-14 1.344587803692473944e-13 1.414632762643362841e-13
4.813020000000000437e+03 4.510595048141842864e-14 1.286052033871512792e-13 1.198424870729785297e-13
4.920189999999999600e+03 3.885421060647419941e-14 1.135125833207457284e-13 1.172365400001554550e-13
5.063100000000000364e+03 3.512716099715971346e-14 1.002825397001558379e-13 1.110226953450894913e-13
5.206010000000000218e+03 3.409481183241668130e-14 9.231889872805187249e-14 9.905808197156628588e-14
5.348920000000000073e+03 3.507157598142263113e-14 8.625972723199746214e-14 8.514352014583951868e-14
5.491819999999999709e+03 3.423342005661321426e-14 7.484661617338062837e-14 8.012932977472630630e-14
5.634729999999999563e+03 3.198302388616836658e-14 6.589746954991837969e-14 7.526060837135005213e-14
5.777640000000000327e+03 3.207810800829901915e-14 6.231692001585945421e-14 6.464388514673357216e-14
5.920550000000000182e+03 3.150380543258464544e-14 5.344979995861080344e-14 6.089802342986288537e-14
6.063460000000000036e+03 3.018121810398450066e-14 4.925787754847099989e-14 5.435188134183646397e-14
6.206369999999999891e+03 2.966537318362786215e-14 4.356335760121129984e-14 4.930913263346089701e-14
6.349279999999999745e+03 2.851579079524049461e-14 3.963748248319686284e-14 4.437874188583203156e-14
6.492189999999999600e+03 2.753788415860129059e-14 3.487751946965223746e-14 4.075090435290372086e-14
6.659750000000000000e+03 2.664640768407523203e-14 3.236332559959778946e-14 3.540800731967054304e-14
6.850319999999999709e+03 2.560678397699049803e-14 2.695829148175930282e-14 3.356057809030307354e-14
7.040890000000000327e+03 2.470752114892397734e-14 2.630027666939680666e-14 2.798975431273441051e-14
7.231470000000000255e+03 2.365982252068939570e-14 2.157750799586714373e-14 2.706896477383779598e-14
7.422039999999999964e+03 2.244467767273989903e-14 2.116643222765381395e-14 2.262004070450807947e-14
7.612609999999999673e+03 2.135059929092124084e-14 1.712280472505944503e-14 2.222891842631358771e-14
7.803180000000000291e+03 2.004445680140165565e-14 1.812512596138295312e-14 1.737676827838190632e-14
7.993750000000000000e+03 1.899364777349268887e-14 1.246673141608121146e-14 1.956999055422886462e-14
8.184329999999999927e+03 1.764302848054272224e-14 1.656360489283368017e-14 1.257160017083518378e-14
8.374899999999999636e+03 1.673454316288577091e-14 9.440187509859257476e-15 1.671009978251180564e-14
8.565469999999999345e+03 1.528246213410764513e-14 1.246889044406521213e-14 1.149271565848794958e-14
8.758229999999999563e+03 1.443141528215071781e-14 1.128438935396319977e-14 1.029564618702095896e-14
9.012370000000000800e+03 1.326287697622467384e-14 7.594742983990519434e-15 1.203180832200330879e-14
9.266500000000000000e+03 1.229951151569597636e-14 1.095888898993735287e-14 6.810074482898491727e-15
9.520629999999999200e+03 1.148818127369489295e-14 4.454128731444406578e-15 1.157140480799535866e-14
9.774760000000000218e+03 1.017710346716485265e-14 1.013347717587497578e-14 4.819370259360267735e-15
1.002889999999999964e+04 9.914136201723271877e-15 5.107853287693818550e-15 8.052026526604664412e-15
1.028300000000000000e+04 8.662783783178656675e-15 4.655169804628660596e-15 7.815439154032200197e-15
1.053720000000000073e+04 7.941896523266289394e-15 8.587430381709150695e-15 2.836732167453094974e-15
1.079129999999999927e+04 7.703116166426050213e-15 3.211857214123646335e-15 6.798778198267442086e-15
1.104539999999999964e+04 6.601109564050856533e-15 3.278951873377486491e-15 6.390164048489253020e-15
1.129960000000000036e+04 5.940975545966742497e-15 7.081222801367591952e-15 1.881323279408657807e-15
1.155370000000000073e+04 5.898336597191058931e-15 3.913251652716358843e-15 3.843160847990691362e-15
1.185460000000000036e+04 5.108998808520801599e-15 1.436228504952215877e-15 5.941551292905569803e-15
1.219350000000000000e+04 4.334598568474727313e-15 5.586540321681965240e-15 1.448704457344831493e-15
1.253239999999999964e+04 4.441201371424502358e-15 3.163172983837752235e-15 2.818203157762876600e-15
1.287129999999999927e+04 3.800710774216975920e-15 8.459077945299398512e-16 4.885172681760676769e-15
1.321010000000000036e+04 3.115097143898909323e-15 3.990486283270464830e-15 1.618805956192058865e-15
1.354900000000000000e+04 3.179857512361721379e-15 3.881125967030672287e-15 9.290640987504539948e-16
1.388789999999999964e+04 3.018953022063894940e-15 8.185214637910537700e-16 3.463350764444035705e-15
1.422679999999999927e+04 2.385955443193483928e-15 1.099247892610252629e-15 3.217884151530157621e-15
1.456570000000000073e+04 2.039138250722547441e-15 3.299323031011256161e-15 8.011782812466588273e-16
1.490460000000000036e+04 2.119322445950132715e-15 3.005267227709301490e-15 4.871476538087767107e-16
1.524350000000000000e+04 2.074154154557023867e-15 9.297608097863234134e-16 2.147687697932283172e-15
1.559020000000000073e+04 1.679455176510973489e-15 2.799750354622452967e-16 2.754231308979848183e-15
1.604210000000000036e+04 1.280495310101755816e-15 2.022511617194888232e-15 9.978478378101856578e-16
1.649400000000000000e+04 1.342789985619601210e-15 2.453766293696029006e-15 1.318539873965830812e-16
1.694590000000000146e+04 1.380265751009144810e-15 8.422697282398241550e-16 1.368785746553137433e-15
1.739779999999999927e+04 1.094214353058846707e-15 1.296810782098822441e-16 2.050216571743773323e-15
1.784979999999999927e+04 8.041851307668115007e-16 1.073683625676062338e-15 1.126182110111577576e-15
1.830170000000000073e+04 7.641959328334452093e-16 1.874206164412873744e-15 1.104641778812069365e-16
1.875359999999999854e+04 8.512134815324594818e-16 1.433661056765665078e-15 2.316787258648711369e-16
1.920550000000000000e+04 8.282764153839392688e-16 4.572730496215090503e-16 1.012636078621022168e-15
1.965740000000000146e+04 6.612212195992542241e-16 4.902342097034685531e-17 1.399042233656624450e-15
2.010929999999999927e+04 4.753562294904106323e-16 4.210441117237932948e-16 1.034041055009221333e-15
2.056129999999999927e+04 3.911597513697014335e-16 1.000807836551156507e-15 3.752965980482722582e-16
2.110150000000000000e+04 4.250863307229878061e-16 1.192683296380880587e-15 -1.086162372373312087e-17
2.170420000000000073e+04 4.835860494046274031e-16 6.860157405643162147e-16 3.016147194677490119e-16
2.230679999999999927e+04 4.322299183073521398e-16 1.209049223144127348e-16 7.892156867562087109e-16
2.290950000000000000e+04 3.072599454729228003e-16 6.527798940155842217e-17 8.533832996419737744e-16
2.351209999999999854e+04 2.109660997546050610e-16 4.074808971522020273e-16 5.020287263362904646e-16
2.411470000000000073e+04 1.918633251914783523e-16 7.144966226470770916e-16 1.147784026223467108e-16
2.471740000000000146e+04 2.246020383995683816e-16 7.268897947218979364e-16 -1.451085221614794724e-17
2.532000000000000000e+04 2.521062781381852657e-16 4.809231579081178367e-16 1.235049834021357849e-16
2.592270000000000073e+04 2.418515137385742363e-16 1.878706280998480025e-16 3.535414359713246396e-16
2.652529999999999927e+04 1.957601114041117477e-16 2.266298051106701417e-17 4.958657146938934630e-16
2.712800000000000000e+04 1.392712561996641303e-16 3.300117815358268373e-17 4.824755575012723477e-16
2.775140000000000146e+04 9.397535423955349360e-17 1.635660389602819052e-16 3.404399772724317925e-16
2.855500000000000000e+04 7.521343538538299821e-17 3.487626228785394337e-16 1.206574680999948198e-16
2.935870000000000073e+04 8.896018834116622718e-17 4.100815292835845011e-16 -2.501357201005830676e-18
3.016229999999999927e+04 1.088840076728895905e-16 3.268921345517844024e-16 1.527958595332677400e-17
3.096590000000000146e+04 1.157248570662150005e-16 1.804658211235480275e-16 1.171151941848381718e-16
3.176959999999999854e+04 1.029264250617085762e-16 5.617257031544991017e-17 2.180199706920090955e-16
3.257320000000000073e+04 7.809002339021247116e-17 3.774548362278373270e-18 2.625081042290507692e-16
3.337680000000000291e+04 5.196575172644905817e-17 2.207422374195611280e-17 2.394010251645889430e-16
3.418050000000000000e+04 3.340815090263322034e-17 8.037793576029505731e-17 1.735986015795203703e-16
3.498409999999999854e+04 2.490863691859632052e-17 1.417900090120193667e-16 9.554973837935293183e-17
3.578780000000000291e+04 2.521548971383952166e-17 1.808260623341818724e-16 3.336080686568228083e-17
3.659140000000000146e+04 3.033983945611547459e-17 1.870088806721664472e-16 2.404442824071937442e-19
3.756140000000000146e+04 3.838102505738346276e-17 1.620765053891010572e-16 -1.489717494214722714e-18
3.863309999999999854e+04 4.347437635943714033e-17 1.087174713654797148e-16 2.870964441328470610e-17
3.970469999999999709e+04 4.215500847083821354e-17 5.394099422971180242e-17 6.853647391095012622e-17
4.077640000000000146e+04 3.552022619287808094e-17 1.605534681993417044e-17 9.839155094931831884e-17
4.184800000000000000e+04 2.634024339620595362e-17 1.145029237209701489e-18 1.092093772217235642e-16
4.291969999999999709e+04 1.731862383689705776e-17 5.791828888901919153e-18 1.009617087200523558e-16
4.399140000000000146e+04 1.054320489678949761e-17 2.201899601269080147e-17 8.096415585048332160e-17
4.506300000000000000e+04 6.533119654787645254e-18 4.128713846947500890e-17 5.563442850491120408e-17
4.613469999999999709e+04 5.162813310876104919e-18 5.728001778591231848e-17 3.185237495895005120e-17
4.720640000000000146e+04 5.688383358429890339e-18 6.630900109982313846e-17 1.360174125160490448e-17
4.827800000000000000e+04 7.281036637521520624e-18 6.827355381054270706e-17 2.616768135213474750e-18
4.939900000000000000e+04 9.222475800730878230e-18 6.353411379998973868e-17 -1.644434721857779588e-18
5.082809999999999854e+04 1.143368349714253841e-17 5.214455844309461427e-17 9.910402271744856976e-19
5.225719999999999709e+04 1.242563167053303424e-17 3.712494138475617560e-17 8.790916280932741518e-18
5.368630000000000291e+04 1.227145127624568973e-17 2.300859489525450699e-17 1.804269342145558140e-17
5.511540000000000146e+04 1.099810925224356872e-17 1.163428837121740029e-17 2.579708411151967126e-17
5.654450000000000000e+04 9.099954837211872822e-18 4.247831475217805115e-18 3.067132294143954608e-17
5.797350000000000000e+04 6.982136782145330941e-18 7.312325866010312791e-19 3.231448601101722140e-17
5.940259999999999854e+04 4.943876630478415182e-18 3.240457041111061036e-19 3.096783072528124018e-17
6.083169999999999709e+04 3.258398706116549692e-18 2.016826513339197344e-18 2.780101432699541568e-17
6.226080000000000291e+04 1.960889925455215544e-18 4.806383644215572937e-18 2.326498499596412314e-17
6.368990000000000146e+04 1.083029711055790676e-18 7.844470320705975425e-18 1.822883573978378780e-17
6.511900000000000000e+04 5.904068257336079526e-19 1.064892484172676492e-17 1.351314192007498011e-17
6.686039999999999418e+04 3.974134407173606679e-19 1.338399655729444829e-17 8.620389881710950765e-18
6.876610000000000582e+04 5.280119208628415129e-19 1.523823987953840529e-17 4.516498506108822296e-18
7.067180000000000291e+04 8.502519820662693606e-19 1.578003399436900259e-17 1.748251611720155376e-18
7.257750000000000000e+04 1.233150236801245539e-18 1.521190027044069895e-17 2.180379791030371139e-19
7.448319999999999709e+04 1.576396986679157885e-18 1.375841726398405442e-17 -3.099647573190932305e-19
7.638900000000000000e+04 1.851948750419677688e-18 1.196781757949843331e-17 -1.267710073822375552e-19
7.829469999999999709e+04 2.010054156346035618e-18 9.888821806324408905e-18 4.968096679663211320e-19
8.020039999999999418e+04 2.061628824031802680e-18 7.833292816972045819e-18 1.327015421179255211e-18
8.210610000000000582e+04 2.010005393190613598e-18 5.918342840261114888e-18 2.179157538429566490e-18
8.401180000000000291e+04 1.902100347344122554e-18 4.311791913774425136e-18 2.964044485054894971e-18
8.591760000000000582e+04 1.731320493269487861e-18 2.969121003275510342e-18 3.579272916501516014e-18
8.793289999999999418e+04 1.528406890312125672e-18 1.885474471775069714e-18 4.052891832402100587e-18
9.047419999999999709e+04 1.289650130246189687e-18 9.606657200222681165e-19 4.481461804294989794e-18
9.301550000000000000e+04 1.035780754913955429e-18 3.882472206500477037e-19 4.598884332301224831e-18
9.555680000000000291e+04 8.087851561692721986e-19 1.036957260461437413e-19 4.543262781623545135e-18
9.809810000000000582e+04 6.007780648443929537e-19 2.285303824390484609e-20 4.277956977129887826e-18
1.006390000000000000e+05 4.270974823360390802e-19 7.889818576094627743e-20 3.908369213981701845e-18
