1.017789999999999928e+01 9.798339792441535607e-06 9.850620709278259452e-06 9.829051664171505160e-06
1.043200000000000038e+01 9.128003021502325635e-06 9.385069891527975420e-06 9.332062680135280605e-06
1.068609999999999971e+01 8.686255769091806637e-06 8.817004642642353507e-06 8.861026013323695943e-06
1.094030000000000058e+01 8.310931513740556442e-06 8.328195982925906305e-06 8.309855197429370159e-06
1.119439999999999991e+01 7.718136212855649305e-06 7.995961618828226777e-06 7.949594755104776083e-06
1.144849999999999923e+01 7.417857687164837785e-06 7.514493560627032386e-06 7.525824439580464309e-06
1.171439999999999948e+01 7.112062194769403997e-06 7.071639958082703111e-06 7.101097054037472930e-06
1.205320000000000036e+01 6.807969762412174787e-06 6.560241484373874012e-06 6.532723135651006552e-06
1.239209999999999923e+01 6.407789863618350198e-06 6.119269248789739904e-06 6.106604696296090739e-06
1.273099999999999987e+01 6.164182380073132218e-06 5.667044546353341205e-06 5.649937053437967224e-06
1.306990000000000052e+01 5.622344120350574550e-06 5.393745128236815095e-06 5.379607692662998602e-06
1.340879999999999939e+01 5.053875919164412068e-06 5.176232627194513039e-06 5.199621663820589075e-06
1.374770000000000003e+01 5.018645608510771839e-06 4.760093368091692208e-06 4.743324183382780250e-06
1.408660000000000068e+01 4.620921496547857663e-06 4.526965690001111175e-06 4.536056471445506122e-06
1.442549999999999955e+01 4.288280391307604043e-06 4.306843276459812540e-06 4.311493297102633148e-06
1.476440000000000019e+01 4.204941149153137890e-06 4.013821440565853016e-06 3.967888047501546101e-06
1.510330000000000084e+01 3.783414310208692916e-06 3.861552244260649395e-06 3.872672572974069494e-06
1.544209999999999994e+01 3.531764135894306947e-06 3.670379970336740084e-06 3.689288634643127597e-06
1.585510000000000019e+01 3.375728581829844056e-06 3.414907044648572117e-06 3.411341725463346831e-06
1.630699999999999861e+01 3.010112965531838972e-06 3.235110366592814080e-06 3.281771380873498506e-06
1.675890000000000057e+01 2.902486165771383009e-06 2.992867966001557077e-06 3.005932879645558364e-06
1.721079999999999899e+01 2.740675908775718842e-06 2.787125355644292788e-06 2.797815795398673356e-06
1.766280000000000072e+01 2.427864633392197438e-06 2.661713766054444345e-06 2.700049989996236478e-06
1.811469999999999914e+01 2.377669210715740751e-06 2.472154809227337812e-06 2.466569295721411530e-06
1.856660000000000110e+01 2.250147286614559743e-06 2.306442176441664317e-06 2.311983919843048778e-06
1.901849999999999952e+01 2.119009651471735014e-06 2.157171724514273294e-06 2.178520644056347923e-06
1.947040000000000148e+01 1.955528686139936870e-06 2.048361568541339686e-06 2.067339223790499608e-06
1.992229999999999990e+01 1.821378976440620834e-06 1.937991296746461014e-06 1.955990513588555115e-06
2.037430000000000163e+01 1.725879892756010971e-06 1.821293837403062343e-06 1.839293896337810291e-06
2.085219999999999985e+01 1.656324665673586996e-06 1.702261090550246454e-06 1.708867379981055156e-06
2.145479999999999876e+01 1.493799004851065865e-06 1.607755382388623397e-06 1.606464223195481989e-06
2.205750000000000099e+01 1.413373198020173641e-06 1.484928178328036066e-06 1.496911712475718629e-06
2.266009999999999991e+01 1.308095736462851848e-06 1.390724248118123144e-06 1.399881166669218716e-06
2.326269999999999882e+01 1.260566478076623447e-06 1.282912776186928104e-06 1.288650576319617202e-06
2.386540000000000106e+01 1.138749079716863515e-06 1.222678420109010414e-06 1.223564543738356339e-06
2.446799999999999997e+01 1.083161213479131888e-06 1.128717394087589859e-06 1.145130803477741920e-06
2.507069999999999865e+01 1.016616355932377095e-06 1.060449429296314667e-06 1.068621326758260601e-06
2.567330000000000112e+01 9.708617130520821696e-07 9.872399058711158583e-07 9.930202412148690793e-07
2.627590000000000003e+01 9.085549747390093632e-07 9.284549268620714424e-07 9.346398474316926024e-07
2.687859999999999872e+01 8.212533951164126138e-07 8.885262468500752420e-07 8.923876395453580048e-07
2.748120000000000118e+01 7.792506682392087557e-07 8.267052887416464605e-07 8.432569300178670773e-07
2.822250000000000014e+01 7.387319732913764305e-07 7.719829183324465138e-07 7.722884879389586335e-07
2.902609999999999957e+01 6.989456566032565609e-07 7.136206801947950111e-07 7.117916770644709516e-07
2.982979999999999876e+01 6.156612005380983863e-07 6.794308785358876746e-07 6.868613294443459148e-07
3.063340000000000174e+01 5.782032408860168212e-07 6.214485864614159590e-07 6.307916224438012782e-07
3.143700000000000117e+01 5.560528072211200396e-07 5.829029532643834178e-07 5.860842387910357964e-07
3.224069999999999681e+01 5.378780732856908135e-07 5.380569127439949463e-07 5.370289093235503316e-07
3.304429999999999978e+01 4.809170763305501893e-07 5.167527218209640149e-07 5.134407013544727788e-07
3.384790000000000276e+01 4.672556042051145916e-07 4.745650293470242244e-07 4.713786852150325724e-07
3.465160000000000196e+01 4.295889235724581464e-07 4.471199355594258997e-07 4.470541821053142525e-07
3.545519999999999783e+01 3.943698372132357746e-07 4.230671124364424562e-07 4.246799554537747774e-07
3.625880000000000081e+01 3.815630463263080824e-07 3.922572459215328353e-07 3.923127856313056611e-07
3.711789999999999878e+01 3.477830451847709094e-07 3.709994326494885365e-07 3.739261352672942392e-07
3.818959999999999866e+01 3.311804894336848447e-07 3.419874711159963892e-07 3.424457265119446024e-07
3.926129999999999853e+01 2.946660975645682720e-07 3.252162311981498943e-07 3.250394844464596168e-07
4.033290000000000219e+01 2.930968851048673644e-07 2.926850006467787711e-07 2.943328486656370536e-07
4.140460000000000207e+01 2.728403849548324117e-07 2.729673990250473762e-07 2.750783354325228633e-07
4.247630000000000194e+01 2.424446923431237486e-07 2.633818080849858470e-07 2.603241457074798145e-07
4.354789999999999850e+01 2.353577991168044879e-07 2.427420775107093889e-07 2.428856156534365278e-07
4.461959999999999837e+01 2.163203122133897688e-07 2.268132381028223855e-07 2.274731390314879364e-07
4.569129999999999825e+01 2.016185899542308348e-07 2.119496028599741822e-07 2.136528817513219623e-07
4.676290000000000191e+01 1.932906810457747865e-07 1.967836359550411589e-07 1.972358092194648358e-07
4.783460000000000178e+01 1.756709247629895449e-07 1.876687362870194234e-07 1.884829070611987272e-07
4.890630000000000166e+01 1.672302326748121078e-07 1.750840131968083986e-07 1.751979830943248175e-07
5.023669999999999902e+01 1.577474518051629286e-07 1.617295038050888849e-07 1.615040619776572839e-07
5.166579999999999728e+01 1.431456254464601011e-07 1.512833046081539957e-07 1.522207682288726988e-07
5.309490000000000265e+01 1.365698936180565890e-07 1.384370774985290485e-07 1.404906404693026823e-07
5.452400000000000091e+01 1.219792703838665801e-07 1.324394590348858821e-07 1.338270726375399356e-07
5.595309999999999917e+01 1.211653280766696492e-07 1.209031717558452107e-07 1.200730037498047387e-07
5.738219999999999743e+01 1.060632002484758436e-07 1.158841372638081347e-07 1.156845997721838431e-07
5.881130000000000280e+01 1.024187825376330293e-07 1.073239306862507410e-07 1.065610988621826562e-07
6.024040000000000106e+01 9.594222010581870486e-08 9.888462157942342585e-08 9.876399339701380325e-08
6.166949999999999932e+01 8.909116399048850772e-08 9.365269539343868139e-08 9.377956327934607906e-08
6.309859999999999758e+01 8.317084870324709469e-08 8.838384155490296829e-08 8.844908673837662724e-08
6.452760000000000673e+01 7.812143321387442713e-08 8.192850875670791532e-08 8.238164957736849419e-08
6.607179999999999609e+01 7.221082879353111235e-08 7.737301559703631020e-08 7.767613201286227727e-08
6.797750000000000625e+01 6.691384915300625250e-08 7.123905982510494091e-08 7.269123106299683442e-08
6.988320000000000221e+01 6.351299779959459910e-08 6.480084220561237251e-08 6.707583416759210385e-08
7.178889999999999816e+01 5.656158697741279895e-08 6.279818221265289156e-08 6.293794764480985014e-08
7.369469999999999743e+01 5.547053509627701548e-08 5.717534266839838774e-08 5.967031146283343437e-08
7.560039999999999338e+01 5.157033443703989575e-08 5.381852177487910396e-08 5.316898686907987154e-08
7.750610000000000355e+01 4.830904213080228813e-08 4.954666448963853794e-08 5.009899383099693793e-08
7.941179999999999950e+01 4.282998617916858052e-08 4.757538496390505529e-08 4.753791527039111601e-08
8.131749999999999545e+01 4.053865788384121041e-08 4.390362781119376314e-08 4.454133128545577891e-08
8.322329999999999472e+01 3.865188178930723440e-08 3.993690130155044634e-08 4.127055409662772154e-08
8.512900000000000489e+01 3.790647679194724640e-08 3.785176157387544969e-08 3.871677807030541933e-08
8.703470000000000084e+01 3.360552131794946648e-08 3.674897671747901247e-08 3.658801867278988793e-08
8.942260000000000275e+01 3.122221540058228132e-08 3.333303253953998456e-08 3.379953941384820815e-08
9.196389999999999532e+01 2.958065869331907135e-08 3.135895812943716561e-08 3.081148005288427498e-08
9.450520000000000209e+01 2.639187895773962060e-08 2.668495277804430902e-08 2.934375823461193701e-08
9.704659999999999798e+01 2.440109615336444594e-08 2.697253510311774805e-08 2.776371006978196881e-08
9.958790000000000475e+01 2.356468800648119110e-08 2.505555309116344556e-08 2.517098196186826260e-08
1.021290000000000049e+02 2.239189320784966142e-08 2.319361090183614490e-08 2.354897273922136849e-08
1.046710000000000065e+02 2.084678157123620159e-08 2.170580721657465207e-08 2.182352132375055107e-08
1.072120000000000033e+02 1.943557327073217355e-08 2.002162816232334203e-08 2.058614636443604142e-08
1.097530000000000001e+02 1.832191637536433462e-08 1.864647032064417125e-08 1.925012153044166368e-08
1.122939999999999969e+02 1.696829742042489818e-08 1.734321193681860802e-08 1.875247546516032964e-08
1.148359999999999985e+02 1.582757310730836811e-08 1.604721777050999006e-08 1.718454900435393781e-08
1.176110000000000042e+02 1.470310460636548035e-08 1.522578643339174432e-08 1.628540538202330405e-08
1.210000000000000000e+02 1.399612497976602753e-08 1.308464848118157141e-08 1.526056883851721689e-08
1.243889999999999958e+02 1.291509413939162991e-08 1.310689626768028946e-08 1.322933788748668869e-08
1.277780000000000058e+02 1.190275638751964041e-08 1.265273083410571653e-08 1.203507827448063443e-08
1.311670000000000016e+02 1.111068721920410030e-08 1.210365061446529931e-08 1.080200843633060538e-08
1.345550000000000068e+02 9.902080934947251852e-09 1.112985619715802899e-08 1.060688416789472468e-08
1.379439999999999884e+02 9.002323566457471197e-09 1.007557094784281395e-08 1.040467133569971794e-08
1.413329999999999984e+02 8.381473129893328953e-09 9.318184043931387184e-09 9.778554326175288035e-09
1.447220000000000084e+02 8.167387139696065655e-09 8.765912537346267407e-09 8.547922542065409741e-09
1.481109999999999900e+02 7.639486630649080907e-09 8.154212958200884300e-09 8.118584863601984900e-09
1.515000000000000000e+02 6.753915084445430928e-09 7.686347895095497449e-09 7.901448440459076064e-09
1.548890000000000100e+02 6.597851643979210845e-09 7.213163655999566484e-09 7.064484890021225101e-09
1.591740000000000066e+02 6.305923268614606026e-09 6.510471639957179365e-09 6.532828361428218530e-09
1.636930000000000121e+02 5.638845739457676267e-09 6.198390089690478035e-09 6.079512020851847275e-09
1.682129999999999939e+02 5.055478405075985461e-09 5.640783348492259297e-09 5.902576721431757378e-09
1.727319999999999993e+02 4.675696447880089945e-09 5.270385229455816160e-09 5.467175382664095874e-09
1.772510000000000048e+02 4.531828647538747701e-09 4.859099027626893603e-09 4.924344724834361459e-09
1.817700000000000102e+02 4.068434430525690926e-09 4.746784316184376134e-09 4.493032338289934597e-09
1.862889999999999873e+02 3.882349870090572946e-09 4.127350758082629559e-09 4.372505496826799557e-09
1.908079999999999927e+02 3.622267749738816739e-09 3.942002906276064906e-09 3.958229043985120603e-09
1.953280000000000030e+02 3.353370037232010628e-09 3.727359820697793294e-09 3.658830962070197332e-09
1.998470000000000084e+02 3.156564095709099182e-09 3.306195663659218025e-09 3.547442875631683496e-09
2.043660000000000139e+02 2.901727537162404337e-09 3.245597048421033321e-09 3.183032234416563093e-09
2.093530000000000086e+02 2.748297708742185072e-09 2.921120128187232344e-09 3.012750911070584385e-09
2.153789999999999907e+02 2.525245966376273295e-09 2.806694666315923122e-09 2.690534762307805289e-09
2.214060000000000059e+02 2.292147421668703993e-09 2.541366948606372042e-09 2.588306384724924866e-09
2.274319999999999879e+02 2.107277823037696716e-09 2.431363770148281027e-09 2.336499389275744560e-09
2.334590000000000032e+02 1.958504795594752960e-09 2.148033319706332249e-09 2.266494372438885296e-09
2.394850000000000136e+02 1.773015298422590866e-09 1.966815009173037700e-09 2.169432557404372019e-09
2.455109999999999957e+02 1.680970854511415039e-09 1.817792978195203392e-09 1.991969697793382398e-09
2.515380000000000109e+02 1.576965206575514603e-09 1.727019827451058003e-09 1.790998325622548539e-09
2.575640000000000214e+02 1.427363975566571101e-09 1.668393216080294381e-09 1.647758503353135269e-09
2.635910000000000082e+02 1.428081838255913069e-09 1.494501844686137078e-09 1.482531409064485737e-09
2.696170000000000186e+02 1.207885087308504729e-09 1.421024044533825251e-09 1.477519963157670905e-09
2.756440000000000055e+02 1.160071519274618081e-09 1.302501006096060458e-09 1.360596074629322196e-09
2.833330000000000268e+02 1.113898710816108482e-09 1.195896779558939753e-09 1.222116240624952236e-09
2.913700000000000045e+02 9.768136380149199128e-10 1.115052532954758932e-09 1.169207294030321587e-09
2.994060000000000059e+02 9.788247312118397756e-10 1.012515034415506366e-09 1.020124370372654602e-09
3.074420000000000073e+02 8.000276053780200497e-10 9.387382271573958734e-10 1.049298026166444477e-09
3.154789999999999850e+02 8.308669754247172436e-10 8.892097170397551626e-10 8.727469163505991207e-10
3.235149999999999864e+02 7.486737979152321268e-10 8.211177604476220708e-10 8.216811882135234796e-10
3.315509999999999877e+02 6.466425367264475070e-10 7.760927392649643710e-10 7.951388286807657947e-10
3.395880000000000223e+02 6.744904023183665421e-10 6.842118520862521045e-10 6.990537080953817575e-10
3.476240000000000236e+02 5.821293079721062016e-10 6.693760526482410656e-10 6.398572315209296170e-10
3.556610000000000014e+02 4.961885034126661287e-10 6.323452687890401688e-10 6.453148532982937841e-10
3.636970000000000027e+02 5.260724336324956174e-10 5.549646953629135431e-10 5.658078965045909360e-10
3.726580000000000155e+02 4.844942792608988079e-10 5.113713502893035028e-10 5.307901069497980212e-10
3.833740000000000236e+02 3.813786757959091237e-10 4.978264148304423272e-10 5.277378278736488251e-10
3.940910000000000082e+02 4.065666286364835993e-10 4.401015202135404065e-10 4.513689356499761658e-10
4.048079999999999927e+02 3.910198341988172080e-10 4.035167798768038509e-10 4.078475405134898337e-10
4.155240000000000009e+02 3.012613873710954610e-10 4.008159145293826401e-10 4.049089622495220910e-10
4.262409999999999854e+02 2.953383203818450248e-10 3.543002247639705532e-10 3.750923293541845607e-10
4.369569999999999936e+02 3.197632188207620779e-10 3.100634239613456164e-10 3.183499617178924903e-10
4.476739999999999782e+02 2.730522807046661951e-10 3.056627145368169633e-10 2.991775642585169575e-10
4.583910000000000196e+02 2.169028632235917537e-10 2.978891952032675628e-10 2.978538565731407937e-10
4.691070000000000277e+02 2.165128644742224476e-10 2.627703647020547504e-10 2.743041303237229407e-10
4.798240000000000123e+02 2.347467864585073345e-10 2.278836611077144570e-10 2.377327995753880066e-10
4.905409999999999968e+02 2.154256958102614627e-10 2.241175801480603887e-10 2.079350500416782515e-10
5.043389999999999986e+02 1.647394900356213642e-10 2.183145228110529750e-10 2.131579221533257521e-10
5.186299999999999955e+02 1.468373495036501593e-10 1.981749940929097275e-10 2.033715956034401616e-10
5.329199999999999591e+02 1.649302072168177284e-10 1.660556086558722225e-10 1.748765658273101397e-10
5.472110000000000127e+02 1.603064716294575355e-10 1.529371701091599222e-10 1.532797349113826111e-10
5.615019999999999527e+02 1.281642914872834412e-10 1.591538004539625208e-10 1.432785552087540667e-10
5.757930000000000064e+02 1.024317300249730922e-10 1.389224366679763727e-10 1.563660840570505822e-10
5.900839999999999463e+02 9.933541669844892986e-11 1.287594383079038969e-10 1.391522120785316642e-10
6.043750000000000000e+02 1.108031708963155304e-10 1.040087250900544606e-10 1.249699514636300934e-10
6.186660000000000537e+02 1.127039514929983482e-10 9.991982002829155629e-11 1.015986664287101684e-10
6.329569999999999936e+02 9.222928019887656502e-11 9.920060566858399180e-11 9.904089768253949608e-11
6.472480000000000473e+02 7.220725660069988678e-11 1.006744935272910398e-10 9.607342232200911657e-11
6.633460000000000036e+02 6.160179491565769999e-11 9.235198964089608851e-11 9.418900959344623197e-11
6.824039999999999964e+02 6.709339194928461746e-11 7.835740903348657024e-11 8.265909871722885577e-11
7.014610000000000127e+02 7.236163659821534883e-11 6.735638214530504667e-11 6.998156462594824744e-11
7.205180000000000291e+02 6.564211844681028060e-11 6.390602165637917619e-11 6.379083793181056416e-11
7.395750000000000455e+02 5.139591184432372055e-11 6.395935969524189560e-11 6.267555370418038903e-11
7.586319999999999482e+02 4.039812690777434612e-11 6.159781298748419849e-11 6.232364836974149771e-11
7.776900000000000546e+02 3.751177404015931309e-11 5.675277317092329218e-11 5.733572368891741082e-11
7.967469999999999573e+02 3.950125654605802806e-11 4.853873958358669192e-11 5.189305156535530287e-11
8.158039999999999736e+02 4.293268351408951155e-11 4.227587428783167694e-11 4.414321243590410593e-11
8.348609999999999900e+02 4.224443035669316521e-11 3.783828871541410962e-11 3.923512653789274264e-11
8.539180000000000064e+02 3.782097814335550614e-11 3.624587162175990270e-11 3.612262131488460920e-11
8.729759999999999991e+02 3.121281549541197297e-11 3.585499105423464278e-11 3.471965554535339749e-11
8.977309999999999945e+02 2.371527778577399055e-11 3.535173195819403739e-11 3.430844873603198924e-11
9.231449999999999818e+02 1.945988458461877150e-11 3.345066061248210850e-11 3.298875434989912966e-11
9.485579999999999927e+02 1.948984354079505065e-11 2.925259629989256857e-11 3.017050229108596573e-11
9.739710000000000036e+02 2.135979313235835679e-11 2.482632821317765265e-11 2.648810668296400811e-11
9.993840000000000146e+02 2.283163980155939714e-11 2.119635287916617663e-11 2.288999122927443824e-11
1.024799999999999955e+03 2.236863988229479619e-11 1.926892064798481094e-11 1.995263917972039868e-11
1.050210000000000036e+03 2.002203174477413528e-11 1.831846181928179183e-11 1.847910169344408197e-11
1.075619999999999891e+03 1.650304352650173301e-11 1.819946988811188316e-11 1.766726005288639062e-11
1.101039999999999964e+03 1.291812933896901827e-11 1.831059511279576711e-11 1.705324964173522376e-11
1.126450000000000045e+03 1.017088802611948573e-11 1.765118098820367270e-11 1.666009386517685275e-11
1.151859999999999900e+03 8.676345639748551744e-12 1.607954861042190590e-11 1.628819492362954621e-11
1.180779999999999973e+03 8.320027909480105400e-12 1.453282137756638586e-11 1.489444684550351688e-11
1.214670000000000073e+03 9.189517479698710169e-12 1.232838074418461823e-11 1.311276449386668046e-11
1.248559999999999945e+03 1.000470339184628715e-11 1.036928856910483011e-11 1.142709444009889129e-11
1.282450000000000045e+03 1.022494408198851273e-11 9.096708051934743954e-12 9.868668530776748438e-12
1.316339999999999918e+03 9.670506761969111916e-12 8.452812991191948922e-12 8.748799505638942495e-12
1.350230000000000018e+03 8.443673437049509757e-12 8.022721512716144994e-12 8.250163531984348447e-12
1.384119999999999891e+03 7.066289945798392771e-12 8.040979962136352654e-12 7.639002736760446036e-12
1.418009999999999991e+03 5.446751198187304648e-12 7.911126211279285254e-12 7.561584639893739552e-12
1.451900000000000091e+03 4.518015730346986078e-12 7.757965649256881036e-12 7.007094283861135787e-12
1.485789999999999964e+03 3.503301150772271737e-12 6.771942219534818090e-12 7.476372438362910708e-12
1.519670000000000073e+03 3.042657201610497915e-12 6.354739631554423499e-12 6.946883553005082552e-12
1.553559999999999945e+03 2.981347558650152210e-12 5.853732615109256659e-12 6.192328734590594758e-12
1.597980000000000018e+03 3.147809296126909841e-12 4.994974293358819831e-12 5.649908826909272837e-12
1.643170000000000073e+03 3.477899588304600478e-12 4.465513482695741885e-12 4.703253014969659093e-12
1.688359999999999900e+03 3.606863542061957486e-12 3.875053116429731437e-12 4.124026403313813660e-12
1.733549999999999955e+03 3.637898251929055747e-12 3.278909962033094701e-12 3.742312235275351576e-12
1.778740000000000009e+03 3.508327399532915150e-12 3.029481070508113567e-12 3.257683377056473025e-12
1.823930000000000064e+03 3.226173826926150198e-12 2.886226904233780319e-12 2.882832617075070980e-12
1.869130000000000109e+03 2.863157501206364427e-12 2.874309779790910927e-12 2.543300252044726275e-12
1.914319999999999936e+03 2.436253790008412292e-12 2.886752598253988415e-12 2.292707538698600484e-12
1.959509999999999991e+03 2.011740278158361195e-12 2.456257656157129122e-12 2.537319663465664040e-12
2.004700000000000045e+03 1.727947133726742416e-12 2.111347378450285026e-12 2.597930988253424397e-12
2.049889999999999873e+03 1.383427359937604474e-12 2.728196872954365625e-12 1.812736089230780487e-12
2.101840000000000146e+03 1.051222411752956566e-12 2.313048026467008648e-12 2.071867629950635150e-12
2.162110000000000127e+03 8.439046329661865302e-13 2.043626780707301065e-12 2.092680963455212738e-12
2.222369999999999891e+03 7.614655622524106141e-13 1.589446850981926452e-12 2.215690448469713928e-12
2.282630000000000109e+03 7.877847336681524655e-13 1.545868153614976477e-12 1.850317038411286102e-12
2.342900000000000091e+03 6.993456731590356046e-13 1.791138985852387689e-12 1.355277267229197036e-12
2.403159999999999854e+03 6.850910042106444995e-13 1.190890524878308007e-12 1.655686311159053064e-12
2.463429999999999836e+03 7.322359601189773784e-13 1.346670291646695912e-12 1.165794337706068243e-12
2.523690000000000055e+03 7.265160263444943852e-13 9.642931292024183101e-13 1.287520426118588702e-12
2.583960000000000036e+03 7.194134958114436016e-13 9.966743032718584792e-13 1.024246323291842249e-12
2.644219999999999800e+03 7.446087574129945183e-13 8.629146013153029368e-13 9.103692049664322118e-13
2.704480000000000018e+03 7.257820299680011398e-13 7.308660630628906955e-13 8.544369703840767303e-13
2.764750000000000000e+03 7.023410297053201814e-13 6.667954228269877770e-13 7.565989930568907557e-13
2.844420000000000073e+03 6.801868699746416668e-13 5.928485612114322604e-13 6.720465644322227078e-13
2.924780000000000200e+03 6.491170884344021826e-13 5.570111843483138767e-13 5.751617648590210131e-13
3.005150000000000091e+03 6.071601931324127583e-13 4.882658911959158272e-13 5.372651017903219605e-13
3.085510000000000218e+03 5.508690733790558069e-13 4.507646638426064805e-13 4.959527477990999801e-13
3.165869999999999891e+03 5.020225488746085318e-13 4.372275978307031662e-13 4.331278388190333492e-13
3.246239999999999782e+03 4.551129027465614631e-13 4.144609700399482167e-13 3.921753197171676277e-13
3.326599999999999909e+03 4.044158086084351177e-13 3.872343118793235555e-13 3.666338275092486123e-13
3.406960000000000036e+03 3.547762655231409106e-13 3.632148706903678659e-13 3.456165729516790008e-13
3.487329999999999927e+03 3.085704353095350803e-13 3.413239124273021034e-13 3.256688714022654416e-13
3.567690000000000055e+03 2.681001234971926217e-13 3.208298951559926695e-13 3.079221063089208351e-13
3.648050000000000182e+03 2.327993103248453610e-13 3.008664008504897496e-13 2.894397692966608107e-13
3.741360000000000127e+03 1.972851714769175129e-13 2.824316044161465975e-13 2.744171725922621115e-13
3.848519999999999982e+03 1.615954291254997394e-13 2.655822410793314215e-13 2.630550437571711454e-13
3.955690000000000055e+03 1.329727626624078480e-13 2.490596558489757854e-13 2.490460118405368749e-13
4.062860000000000127e+03 1.112418409257697328e-13 2.325573929252366901e-13 2.356111381294937288e-13
4.170020000000000437e+03 9.512366724708371089e-14 2.161923287438308523e-13 2.198981247785134347e-13
4.277189999999999600e+03 8.434511794165804064e-14 2.035204790522475790e-13 1.994678525025147114e-13
4.384359999999999673e+03 7.601081355700506237e-14 1.945361769952982855e-13 1.767149422275493314e-13
4.491520000000000437e+03 6.491589959989878211e-14 1.814228061875262328e-13 1.635977674370328381e-13
4.598689999999999600e+03 5.209103701266035120e-14 1.607202683946752878e-13 1.639376260880138216e-13
4.705859999999999673e+03 4.701569686558565873e-14 1.455637405274348457e-13 1.531486852215012490e-13
4.813020000000000437e+03 4.787111250120839658e-14 1.392041069542836819e-13 1.297675227510766547e-13
4.920189999999999600e+03 4.121873437154898749e-14 1.228828062405049741e-13 1.269530076497838182e-13
5.063100000000000364e+03 3.729196211743923586e-14 1.085756718604694128e-13 1.202438427089439217e-13
5.206010000000000218e+03 3.628272029791876126e-14 9.995747265841693432e-14 1.073057964030622052e-13
5.348920000000000073e+03 3.744807598358434732e-14 9.338811956535195847e-14 9.225658947306566478e-14
5.491819999999999709e+03 3.663214766953181173e-14 8.103193299175390003e-14 8.683838620598214610e-14
5.634729999999999563e+03 3.427051464708088250e-14 7.135935196268580775e-14 8.156861265659674705e-14
5.777640000000000327e+03 3.444964010662201971e-14 6.748429070892116544e-14 7.007872400077942515e-14
5.920550000000000182e+03 3.389434665520285917e-14 5.788374692742399134e-14 6.603145679615928248e-14
6.063460000000000036e+03 3.251642371216547216e-14 5.335906894174858248e-14 5.894327777937934869e-14
6.206369999999999891e+03 3.201136913249477449e-14 4.719412579706308419e-14 5.349035458252534286e-14
6.349279999999999745e+03 3.080913084262138677e-14 4.295508605568119355e-14 4.815314538297967946e-14
6.492189999999999600e+03 2.978956605845913785e-14 3.780508308577582538e-14 4.423170331911497445e-14
6.659750000000000000e+03 2.885830124839325850e-14 3.509212882732914609e-14 3.844255631482373959e-14
6.850319999999999709e+03 2.776154935388702708e-14 2.923283475327902469e-14 3.644914740640185939e-14
7.040890000000000327e+03 2.681167258060934773e-14 2.853625282011551456e-14 3.040335870804785770e-14
7.231470000000000255e+03 2.569904636362951276e-14 2.340982288821663488e-14 2.941944839446795268e-14
7.422039999999999964e+03 2.439816175291610965e-14 2.298501342849106855e-14 2.458661025140461627e-14
7.612609999999999673e+03 2.322963286310732216e-14 1.859005144563134643e-14 2.418046455994760626e-14
7.803180000000000291e+03 2.182401177351261843e-14 1.970562697107573061e-14 1.890184904456567315e-14
7.993750000000000000e+03 2.069837707949289322e-14 1.354435297726279341e-14 2.131225218408282964e-14
8.184329999999999927e+03 1.924007154584614876e-14 1.803387954239013689e-14 1.368774402125275243e-14
8.374899999999999636e+03 1.826561302864101675e-14 1.027055984405861700e-14 1.821920956911060248e-14
8.565469999999999345e+03 1.669457627750238342e-14 1.358915090798800886e-14 1.253704683946828985e-14
8.758229999999999563e+03 1.577776932069683646e-14 1.231576725636891097e-14 1.123409152280190931e-14
9.012370000000000800e+03 1.451173152103535801e-14 8.280276650958493938e-15 1.314962160798655539e-14
9.266500000000000000e+03 1.346525164526150161e-14 1.198108312631445334e-14 7.435180186842206580e-15
9.520629999999999200e+03 1.258796311796854805e-14 4.856927989602189461e-15 1.266490217672664294e-14
9.774760000000000218e+03 1.115812912265754528e-14 1.109518521734934099e-14 5.269060640465783271e-15
1.002889999999999964e+04 1.087917184412903139e-14 5.591758650505525947e-15 8.820652941844679960e-15
1.028300000000000000e+04 9.514310445797891486e-15 5.095351276645145774e-15 8.575098742109450622e-15
1.053720000000000073e+04 8.728791821675309479e-15 9.431746732215388127e-15 3.105182018542830466e-15
1.079129999999999927e+04 8.475493811405378675e-15 3.524782510403793441e-15 7.470434438389389962e-15
1.104539999999999964e+04 7.270313637063454764e-15 3.599610700300402180e-15 7.033247094659348739e-15
1.129960000000000036e+04 6.549109546862785098e-15 7.803248809321356527e-15 2.065775424406264085e-15
1.155370000000000073e+04 6.510394878225957116e-15 4.316376965282072890e-15 4.234266028154687892e-15
1.185460000000000036e+04 5.645276421503661925e-15 1.579146323397982559e-15 6.563177682482931721e-15
1.219350000000000000e+04 4.792422245582801238e-15 6.176491905497272631e-15 1.596979577236140074e-15
1.253239999999999964e+04 4.915475406653898156e-15 3.500656741025315025e-15 3.114161179213792711e-15
1.287129999999999927e+04 4.210943652930722275e-15 9.320443074409563925e-16 5.412801924712373785e-15
1.321010000000000036e+04 3.453787501850430352e-15 4.425224925152570877e-15 1.793266617284188035e-15
1.354900000000000000e+04 3.529726995261807568e-15 4.311756023474332362e-15 1.027050253480106967e-15
1.388789999999999964e+04 3.355782480871482468e-15 9.081722679417223775e-16 3.849652590007458754e-15
1.422679999999999927e+04 2.655020718555221139e-15 1.220919520651926105e-15 3.583338383763856401e-15
1.456570000000000073e+04 2.271436657851302142e-15 3.679021285686851861e-15 8.915361366613665005e-16
1.490460000000000036e+04 2.364631144367296201e-15 3.357651577136430725e-15 5.409520280500096733e-16
1.524350000000000000e+04 2.318488805236945171e-15 1.039661680702966091e-15 2.400993030639736058e-15
1.559020000000000073e+04 1.880223416967837380e-15 3.118813370553166496e-16 3.086513609111421433e-15
1.604210000000000036e+04 1.434371985328556733e-15 2.268630213313510745e-15 1.118994415400916526e-15
1.649400000000000000e+04 1.506159697123120577e-15 2.757510104221746212e-15 1.462246141439489222e-16
1.694590000000000146e+04 1.550724292875046659e-15 9.475693763302832092e-16 1.538508064525977210e-15
1.739779999999999927e+04 1.230792903935455773e-15 1.450135958574742096e-16 2.309568875693473010e-15
1.784979999999999927e+04 9.052392819988144055e-16 1.210632229165240509e-15 1.270550833439146752e-15
1.830170000000000073e+04 8.614372701751160276e-16 2.118202899186730019e-15 1.240099265660302817e-16
1.875359999999999854e+04 9.616120216304682961e-16 1.623417487210014651e-15 2.611016923229079090e-16
1.920550000000000000e+04 9.376224641164933273e-16 5.186063694157605642e-16 1.147601485301446708e-15
1.965740000000000146e+04 7.497749861339563352e-16 5.521171058813913212e-17 1.589440776696849970e-15
2.010929999999999927e+04 5.397275148597901798e-16 4.788495570724881345e-16 1.177362313698987169e-15
2.056129999999999927e+04 4.448662771937602016e-16 1.141823381087404394e-15 4.281062134377460360e-16
2.110150000000000000e+04 4.845457066029831472e-16 1.363684693941824197e-15 -1.288959533839096075e-17
2.170420000000000073e+04 5.524479912365921261e-16 7.857382307636865268e-16 3.447893548450747642e-16
2.230679999999999927e+04 4.946196442784754763e-16 1.386249609971343262e-16 9.048365037299408104e-16
2.290950000000000000e+04 3.519753836955136682e-16 7.472977743457651018e-17 9.804139352321169685e-16
2.351209999999999854e+04 2.417999806702746089e-16 4.687895828902434228e-16 5.778766820481981003e-16
2.411470000000000073e+04 2.202680993947094430e-16 8.239896184440806028e-16 1.322793604305315071e-16
2.471740000000000146e+04 2.586376961352642427e-16 8.402150211798736013e-16 -1.700853817844924842e-17
2.532000000000000000e+04 2.911830510081313743e-16 5.572202076701836969e-16 1.427699374465816301e-16
2.592270000000000073e+04 2.800823437928466640e-16 2.182130379777548178e-16 4.102607495199949495e-16
2.652529999999999927e+04 2.272334432645063709e-16 2.634916120787771118e-17 5.770897248352275915e-16
2.712800000000000000e+04 1.619819816968628416e-16 3.841678589458838555e-17 5.631443345934890541e-16
2.775140000000000146e+04 1.094610353505258381e-16 1.913510646500127863e-16 3.985221231440916443e-16
2.855500000000000000e+04 8.767722337280182807e-17 4.089609572143328260e-16 1.415031768720153958e-16
2.935870000000000073e+04 1.040343257461468695e-16 4.819110302159450396e-16 -2.998493029621352417e-18
3.016229999999999927e+04 1.277627689542017964e-16 3.850098675203652752e-16 1.788682290795889793e-17
3.096590000000000146e+04 1.361758151345975580e-16 2.130568297237122988e-16 1.381079264193564245e-16
3.176959999999999854e+04 1.214080210684897578e-16 6.648468992211216729e-17 2.578381731664289025e-16
3.257320000000000073e+04 9.229697891237885029e-17 4.465248573105277120e-18 3.112987625937350913e-16
3.337680000000000291e+04 6.150631488459831267e-17 2.621198068521915403e-17 2.846955888600641187e-16
3.418050000000000000e+04 3.957180899974978419e-17 9.581948489876018335e-17 2.070606897550218394e-16
3.498409999999999854e+04 2.954574483025741194e-17 1.695990454515056821e-16 1.143275653593508639e-16
3.578780000000000291e+04 3.003444009606286491e-17 2.170416070095718106e-16 4.004933756149980664e-17
3.659140000000000146e+04 3.634078391645150901e-17 2.252850947887950691e-16 2.798677637916101864e-19
3.756140000000000146e+04 4.617996661697757458e-17 1.958227402668111924e-16 -1.824914759683524467e-18
3.863309999999999854e+04 5.247753323156780366e-17 1.316781931608428141e-16 3.473111905184646551e-17
3.970469999999999709e+04 5.102763309293395798e-17 6.550658978537698122e-17 8.316853234981059303e-17
4.077640000000000146e+04 4.310520109222382591e-17 1.955529578758667029e-17 1.197393779958415915e-16
4.184800000000000000e+04 3.203596442629728108e-17 1.398527478116630223e-18 1.332963129131749611e-16
4.291969999999999709e+04 2.109855125624945381e-17 7.083560099440597191e-18 1.236113281392075411e-16
4.399140000000000146e+04 1.285360071979231570e-17 2.703499229285069417e-17 9.945611997164647923e-17
4.506300000000000000e+04 7.963803527839257038e-18 5.087881929284242048e-17 6.858275842098324301e-17
4.613469999999999709e+04 6.306425305752310957e-18 7.085727030275094147e-17 3.941491196398369411e-17
4.720640000000000146e+04 6.993267533287280954e-18 8.236000303583356845e-17 1.690050337190228962e-17
4.827800000000000000e+04 9.019388520422854033e-18 8.517177810569483504e-17 3.266778251156643466e-18
4.939900000000000000e+04 1.150046179714300212e-17 7.961048906852121415e-17 -2.061126709564224706e-18
5.082809999999999854e+04 1.431666493936844087e-17 6.552552373306061145e-17 1.241211624838392229e-18
5.225719999999999709e+04 1.561499799197709964e-17 4.679297778845016851e-17 1.107244000117529974e-17
5.368630000000000291e+04 1.547491600380025640e-17 2.909516331238634253e-17 2.280332613184326203e-17
5.511540000000000146e+04 1.391690846710751700e-17 1.476387960704718191e-17 3.271729282159796879e-17
5.654450000000000000e+04 1.155499872017810031e-17 5.411903370604772258e-18 3.904179056914471583e-17
5.797350000000000000e+04 8.896973271420848504e-18 9.368807308209796314e-19 4.129429522660346744e-17
5.940259999999999854e+04 6.321584665457565382e-18 4.167117500271779613e-19 3.973842145615587419e-17
6.083169999999999709e+04 4.180319754488750285e-18 2.599521811618230845e-18 3.583567475812998577e-17
6.226080000000000291e+04 2.522737913445190399e-18 6.224504171865568476e-18 3.013412587883799708e-17
6.368990000000000146e+04 1.395644966239246083e-18 1.021201082652305287e-17 2.373440760764820644e-17
6.511900000000000000e+04 7.611721505421211423e-19 1.394207019890595702e-17 1.769507004129142950e-17
6.686039999999999418e+04 5.122685521011275017e-19 1.759739263586554130e-17 1.133665295993368582e-17
6.876610000000000582e+04 6.874397358452566805e-19 2.010509858768315704e-17 5.961063129035847346e-18
7.067180000000000291e+04 1.117778072938565294e-18 2.089726946473254263e-17 2.316864025216259141e-18
7.257750000000000000e+04 1.632307510868627197e-18 2.022483149760212445e-17 2.912242262270370150e-19
7.448319999999999709e+04 2.098501769734017638e-18 1.836985373237091728e-17 -4.128450153428618410e-19
7.638900000000000000e+04 2.478632919908428825e-18 1.605222316445921428e-17 -1.693052097412355128e-19
7.829469999999999709e+04 2.704810019853479046e-18 1.332884374872065031e-17 6.700938551338073923e-19
8.020039999999999418e+04 2.789890902424928583e-18 1.061426713840406016e-17 1.798329720674481432e-18
8.210610000000000582e+04 2.736329900130748874e-18 8.065447290826757262e-18 2.969656514899403244e-18
8.401180000000000291e+04 2.606309306875056521e-18 5.913002338930513241e-18 4.064390429230188615e-18
8.591760000000000582e+04 2.389049437775308022e-18 4.099602568966513293e-18 4.941317416992547255e-18
8.793289999999999418e+04 2.123912753714478930e-18 2.621277951602968639e-18 5.633122469016655455e-18
9.047419999999999709e+04 1.799434295853743504e-18 1.341252091671186441e-18 6.253522936826933472e-18
9.301550000000000000e+04 1.451513577297234425e-18 5.447818393956526013e-19 6.444612533158853369e-18
9.555680000000000291e+04 1.138819815542709230e-18 1.466716562944930037e-19 6.395929585685017116e-18
9.809810000000000582e+04 8.503369720986800893e-19 3.297934387552361889e-20 6.052219329425153197e-18
1.006390000000000000e+05 6.080287803270919818e-19 1.128242389812479747e-19 5.559083494575225721e-18
