1.017789999999999928e+01 7.135145351902674926e-06 7.082243854119637242e-06 7.030449664433271128e-06
1.043200000000000038e+01 6.689832472138704971e-06 6.665753624639176249e-06 6.712336276050949848e-06
1.068609999999999971e+01 6.436953548875410249e-06 6.297491023032807701e-06 6.293956533911266827e-06
1.094030000000000058e+01 5.884061099008231193e-06 5.962720573237036751e-06 6.032213299111924913e-06
1.119439999999999991e+01 5.737174029430263533e-06 5.684724117794129066e-06 5.648249804293914729e-06
1.144849999999999923e+01 5.594340905829642090e-06 5.323674983218080433e-06 5.284453371213830418e-06
1.171439999999999948e+01 5.196880139778846173e-06 5.062828400525059358e-06 5.068168416436777427e-06
1.205320000000000036e+01 4.856027748024300565e-06 4.750227259234355120e-06 4.733378091971963221e-06
1.239209999999999923e+01 4.545528864983621697e-06 4.445971008725688010e-06 4.443703334135723409e-06
1.273099999999999987e+01 4.173912258020240874e-06 4.220614734022377088e-06 4.204194274114975936e-06
1.306990000000000052e+01 3.978506677211654559e-06 3.915580107856579205e-06 3.936794522643280417e-06
1.340879999999999939e+01 3.666922728316352682e-06 3.719731844811128957e-06 3.731821430012649187e-06
1.374770000000000003e+01 3.539937362107129325e-06 3.465342677561281515e-06 3.460067234949086082e-06
1.408660000000000068e+01 3.411557823040796152e-06 3.226575932028219847e-06 3.223162865383837408e-06
1.442549999999999955e+01 3.141699265155398897e-06 3.089171751732744611e-06 3.069135554465105776e-06
1.476440000000000019e+01 2.885077539215211236e-06 2.939916536371765578e-06 2.957090117383169825e-06
1.510330000000000084e+01 2.916130838084777168e-06 2.711899834928818489e-06 2.671437756600914512e-06
1.544209999999999994e+01 2.675662797935335391e-06 2.593140003985623369e-06 2.582558116596518460e-06
1.585510000000000019e+01 2.418093312543137927e-06 2.465728238370976401e-06 2.475545072855897438e-06
1.630699999999999861e+01 2.324521158888559827e-06 2.286575029162392520e-06 2.257678603076544666e-06
1.675890000000000057e+01 2.097654168943056015e-06 2.156973274881547517e-06 2.165639498260052231e-06
1.721079999999999899e+01 2.039662713991503187e-06 1.993800787810906855e-06 1.976006872968092331e-06
1.766280000000000072e+01 1.907737628967620879e-06 1.867048712602695460e-06 1.858044684660562592e-06
1.811469999999999914e+01 1.737567992050970667e-06 1.765986014082648598e-06 1.779429527667341390e-06
1.856660000000000110e+01 1.631093269210705139e-06 1.659832582990308997e-06 1.670798101584755918e-06
1.901849999999999952e+01 1.551755821080867984e-06 1.558188104140214244e-06 1.554440070861267102e-06
1.947040000000000148e+01 1.504722862033101302e-06 1.448314132070127112e-06 1.436738270177450925e-06
1.992229999999999990e+01 1.342455739351009732e-06 1.393673879702322345e-06 1.398561543262563256e-06
2.037430000000000163e+01 1.276704319028251607e-06 1.311338310196510902e-06 1.309422755826386066e-06
2.085219999999999985e+01 1.208719264492447343e-06 1.228747011796641632e-06 1.230634293289729007e-06
2.145479999999999876e+01 1.137014692134987632e-06 1.139148535447545117e-06 1.140216984280701524e-06
2.205750000000000099e+01 1.029908840974660023e-06 1.074807034566314332e-06 1.081810737312841717e-06
2.266009999999999991e+01 9.877716701492188625e-07 9.880348898238383666e-07 9.998586914879086834e-07
2.326269999999999882e+01 9.120261056190562007e-07 9.379815371311797833e-07 9.366575551927485369e-07
2.386540000000000106e+01 8.282344974877199362e-07 8.847827924229777894e-07 8.909085965790055350e-07
2.446799999999999997e+01 7.912322134461718578e-07 8.271582386356385283e-07 8.238759188568927867e-07
2.507069999999999865e+01 7.687740131864133367e-07 7.657055620678283738e-07 7.579258625184765788e-07
2.567330000000000112e+01 7.181237511472616828e-07 7.168576437170913711e-07 7.154797180063993152e-07
2.627590000000000003e+01 6.723421953958402731e-07 6.808844911324521088e-07 6.684185285607886512e-07
2.687859999999999872e+01 6.089618680707215019e-07 6.450572449603338630e-07 6.480700707608472867e-07
2.748120000000000118e+01 6.081146225421256980e-07 5.928889285858297308e-07 5.885702675349214212e-07
2.822250000000000014e+01 5.447855194101699286e-07 5.569313551132959936e-07 5.616557269791494097e-07
2.902609999999999957e+01 5.200816593148860517e-07 5.191696796770989306e-07 5.236172984380610007e-07
2.982979999999999876e+01 4.775451955887241337e-07 4.871184503516392422e-07 4.880764215459518578e-07
3.063340000000000174e+01 4.567455722354619129e-07 4.498460090764211619e-07 4.501985912814215802e-07
3.143700000000000117e+01 4.220946186214178464e-07 4.231523367072768296e-07 4.231752102300155522e-07
3.224069999999999681e+01 3.866632708812978648e-07 3.990163064068251361e-07 4.006628944509450996e-07
3.304429999999999978e+01 3.649024881916296279e-07 3.759208565767437036e-07 3.645325658631991893e-07
3.384790000000000276e+01 3.577889856061406420e-07 3.436565136931432057e-07 3.405375686044491397e-07
3.465160000000000196e+01 3.108694742542805363e-07 3.361100502708505171e-07 3.343003124478365259e-07
3.545519999999999783e+01 3.065240230957057793e-07 3.081591986280701430e-07 3.052453362263084952e-07
3.625880000000000081e+01 2.918828636895851923e-07 2.866823879914118308e-07 2.861689890388492848e-07
3.711789999999999878e+01 2.705055048076742390e-07 2.708050045787440061e-07 2.706843103946525587e-07
3.818959999999999866e+01 2.440144000923414133e-07 2.537130522203478592e-07 2.573344341604367018e-07
3.926129999999999853e+01 2.349519943829111731e-07 2.343066117691267214e-07 2.343051290651441897e-07
4.033290000000000219e+01 2.237833044371127591e-07 2.156226745685151534e-07 2.163836394096100997e-07
4.140460000000000207e+01 1.960056581928024784e-07 2.090127662464334017e-07 2.084479116923092070e-07
4.247630000000000194e+01 1.928628870777132727e-07 1.864300508338377673e-07 1.921729436538382991e-07
4.354789999999999850e+01 1.737586754659854880e-07 1.786668535370660747e-07 1.857384425067221419e-07
4.461959999999999837e+01 1.631053151346505594e-07 1.706612113197512250e-07 1.687447932803402811e-07
4.569129999999999825e+01 1.562039535480516269e-07 1.571344406818005799e-07 1.579762752307200516e-07
4.676290000000000191e+01 1.448116154859057901e-07 1.484434382880988300e-07 1.489089940880700968e-07
4.783460000000000178e+01 1.351386470834118540e-07 1.398362464512508217e-07 1.401398027601919061e-07
4.890630000000000166e+01 1.311244599920034840e-07 1.299006223272110228e-07 1.295589773339981125e-07
5.023669999999999902e+01 1.212808357242125838e-07 1.212012185767808364e-07 1.214746206208705633e-07
5.166579999999999728e+01 1.108454236788802413e-07 1.138405182776536467e-07 1.140519234602114560e-07
5.309490000000000265e+01 1.051232481649789570e-07 1.053345574652749243e-07 1.051154140624474692e-07
5.452400000000000091e+01 9.698778744615455702e-08 9.915324212357548187e-08 9.865172094169552861e-08
5.595309999999999917e+01 9.043693059354424458e-08 9.207821719097620940e-08 9.215433361668550979e-08
5.738219999999999743e+01 8.407187191333715965e-08 8.515626228270325062e-08 8.734953861446618436e-08
5.881130000000000280e+01 7.927117026119920932e-08 8.190532629536921231e-08 8.033517795422555358e-08
6.024040000000000106e+01 7.552983280639998408e-08 7.453851517136518526e-08 7.560143784560121025e-08
6.166949999999999932e+01 6.840729943959769628e-08 7.192313942477005876e-08 7.099527835965488520e-08
6.309859999999999758e+01 6.562340057259114876e-08 6.609395849730702198e-08 6.683489487179072955e-08
6.452760000000000673e+01 6.309745199856669878e-08 6.203986682832647141e-08 6.156963361397299010e-08
6.607179999999999609e+01 5.801677460865352707e-08 5.826499275021582080e-08 5.829918246155486700e-08
6.797750000000000625e+01 5.325712345941230837e-08 5.436508829426964753e-08 5.439840646567822565e-08
6.988320000000000221e+01 4.963250413266652132e-08 5.086770861314097407e-08 5.075467200851850599e-08
7.178889999999999816e+01 4.513158843368122411e-08 4.777574044457057632e-08 4.759898675169535614e-08
7.369469999999999743e+01 4.389325129348330279e-08 4.358506872134396294e-08 4.428215011198865513e-08
7.560039999999999338e+01 4.085408760140989085e-08 4.188416783868896135e-08 4.171083317392223967e-08
7.750610000000000355e+01 3.810680633932267855e-08 3.800306834976729491e-08 3.857080285482233321e-08
7.941179999999999950e+01 3.539948614345172741e-08 3.612869457512236842e-08 3.603616894019298567e-08
8.131749999999999545e+01 3.279908832305373686e-08 3.411448248360450625e-08 3.332605348383321049e-08
8.322329999999999472e+01 3.090293898445560795e-08 3.176484286235061446e-08 3.145542636556880853e-08
8.512900000000000489e+01 3.065047506705441933e-08 2.912863452856624563e-08 2.977379654173392090e-08
8.703470000000000084e+01 2.753339669724548013e-08 2.665670269720127205e-08 2.904791529056676371e-08
8.942260000000000275e+01 2.478059606558637548e-08 2.603684857813145709e-08 2.640423971682115918e-08
9.196389999999999532e+01 2.334126245230878564e-08 2.436182477471265567e-08 2.399509060696321290e-08
9.450520000000000209e+01 2.223156905689018547e-08 2.254162621319558639e-08 2.233699090421053015e-08
9.704659999999999798e+01 2.071490722171123195e-08 2.064714175607914641e-08 2.075322460215179397e-08
9.958790000000000475e+01 1.916562819266632750e-08 1.932101470556337641e-08 1.951997172823166571e-08
1.021290000000000049e+02 1.790682143926696061e-08 1.832431164106806744e-08 1.840910905178148776e-08
1.046710000000000065e+02 1.683847319503114948e-08 1.711275626933278421e-08 1.710617663563607022e-08
1.072120000000000033e+02 1.588566436477704777e-08 1.634064083778973489e-08 1.567213566723343526e-08
1.097530000000000001e+02 1.488037883760735450e-08 1.454167603288325970e-08 1.530198702955248931e-08
1.122939999999999969e+02 1.388908758016548868e-08 1.391982226837571175e-08 1.409729035145880367e-08
1.148359999999999985e+02 1.315709685070604355e-08 1.269026053685063007e-08 1.344070238399517232e-08
1.176110000000000042e+02 1.224281529442465199e-08 1.245661845741968960e-08 1.203931634815566374e-08
1.210000000000000000e+02 1.138206264090281807e-08 1.070104369272941994e-08 1.201862114636776800e-08
1.243889999999999958e+02 1.062547174713692426e-08 1.054717120887522451e-08 1.050941536799592557e-08
1.277780000000000058e+02 9.764854510044381417e-09 9.756513698470623893e-09 9.953137162931578947e-09
1.311670000000000016e+02 9.162921031102606808e-09 9.510924601674910759e-09 8.777620357222489301e-09
1.345550000000000068e+02 8.395790576185800005e-09 8.911405632063603160e-09 8.280385141750600426e-09
1.379439999999999884e+02 7.680111437903942595e-09 8.401550703143713589e-09 7.807758813952345279e-09
1.413329999999999984e+02 7.234232986616269257e-09 7.529802040032628327e-09 7.551658223351105829e-09
1.447220000000000084e+02 6.936824448219659799e-09 7.030062384039660881e-09 6.844307161433117790e-09
1.481109999999999900e+02 6.466933060127548877e-09 6.247255030140606002e-09 6.797180528541630511e-09
1.515000000000000000e+02 6.054463306353779028e-09 6.183041681505708825e-09 6.044552267140514954e-09
1.548890000000000100e+02 5.721256969104342994e-09 5.581166095215149416e-09 5.828932825680510036e-09
1.591740000000000066e+02 5.272643899829475998e-09 5.326501962728564650e-09 5.309071762441963864e-09
1.636930000000000121e+02 4.815702561885174452e-09 4.959183058847812902e-09 4.980507679267014377e-09
1.682129999999999939e+02 4.406864646292049636e-09 4.675429417475479259e-09 4.616022401232473769e-09
1.727319999999999993e+02 4.081893010155145398e-09 4.231032554092391299e-09 4.428444365752465490e-09
1.772510000000000048e+02 3.903555313475273721e-09 3.967874405107278654e-09 3.987096361417447942e-09
1.817700000000000102e+02 3.605582123670362718e-09 3.772152811672375103e-09 3.670974129657263280e-09
1.862889999999999873e+02 3.401172726924431344e-09 3.409178393632391267e-09 3.493609459443178375e-09
1.908079999999999927e+02 3.181687479713128743e-09 3.227041654886958412e-09 3.205965833968329586e-09
1.953280000000000030e+02 2.978035752531229828e-09 3.020721887859305616e-09 2.984909584609465592e-09
1.998470000000000084e+02 2.795329799243798144e-09 2.748181778303934380e-09 2.854008977452268573e-09
2.043660000000000139e+02 2.591446135079863491e-09 2.658375132665150388e-09 2.602880102254986624e-09
2.093530000000000086e+02 2.457100623394109405e-09 2.400651120234460625e-09 2.467277507871431077e-09
2.153789999999999907e+02 2.246566055996432449e-09 2.363854426381860660e-09 2.170350422621707868e-09
2.214060000000000059e+02 2.073269700194385504e-09 2.062946282604901938e-09 2.148976975200713333e-09
2.274319999999999879e+02 1.913908566898277534e-09 1.955047625835923346e-09 1.964030359806107872e-09
2.334590000000000032e+02 1.769268117610850858e-09 1.809829263577337935e-09 1.840132116311812029e-09
2.394850000000000136e+02 1.620998761295646023e-09 1.662299254654634339e-09 1.754847094549720282e-09
2.455109999999999957e+02 1.521535096826617522e-09 1.532669009621236249e-09 1.637259177552147013e-09
2.515380000000000109e+02 1.394035702631162423e-09 1.453351010315403660e-09 1.523230689553434857e-09
2.575640000000000214e+02 1.308434279238336061e-09 1.423143896650886022e-09 1.343464757610778486e-09
2.635910000000000082e+02 1.217477495479073569e-09 1.329054039981627576e-09 1.254422228539299441e-09
2.696170000000000186e+02 1.177831873799489650e-09 1.189339108612594273e-09 1.182328463587916540e-09
2.756440000000000055e+02 1.111840864202491995e-09 1.103276461237068963e-09 1.101965496796416635e-09
2.833330000000000268e+02 9.970752243669830396e-10 1.045722634473360404e-09 1.027011225309656852e-09
2.913700000000000045e+02 9.219244194164714336e-10 9.575059385890298908e-10 9.606742334944993335e-10
2.994060000000000059e+02 8.707929891708965343e-10 8.790485997018297693e-10 8.796446256772742891e-10
3.074420000000000073e+02 7.730499817999583998e-10 8.006141322623360620e-10 8.654813744877060749e-10
3.154789999999999850e+02 7.436636466413255805e-10 7.697588601573299859e-10 7.535989723404010702e-10
3.235149999999999864e+02 6.917461873113124915e-10 7.030254935916501392e-10 7.085046761609106891e-10
3.315509999999999877e+02 6.204373665264896774e-10 6.587335859891657419e-10 6.758811371343447041e-10
3.395880000000000223e+02 6.049400334752933724e-10 6.104594792814107679e-10 6.046060837932961805e-10
3.476240000000000236e+02 5.558241293684396851e-10 5.713900004169708163e-10 5.595190669882181643e-10
3.556610000000000014e+02 5.008923965768973453e-10 5.390242744334161086e-10 5.391945321396867980e-10
3.636970000000000027e+02 4.837584971148353100e-10 4.912677360134881997e-10 4.966501048533455186e-10
3.726580000000000155e+02 4.538126544432232262e-10 4.572772592161685030e-10 4.569145516906086205e-10
3.833740000000000236e+02 3.997312584461888364e-10 4.317130817258060251e-10 4.318547445480054097e-10
3.940910000000000082e+02 3.823569464048929090e-10 3.915573339697128484e-10 3.941144000653943694e-10
4.048079999999999927e+02 3.594237733565013618e-10 3.613501200509420371e-10 3.603706607025568173e-10
4.155240000000000009e+02 3.126158244599395836e-10 3.445037455409273004e-10 3.441050620491333077e-10
4.262409999999999854e+02 2.934893328462900759e-10 3.130242748166508042e-10 3.225003900734055618e-10
4.369569999999999936e+02 2.885965867390488068e-10 2.854615365151834113e-10 2.879265434457679253e-10
4.476739999999999782e+02 2.569289280496931983e-10 2.726275270428573588e-10 2.709653724974495534e-10
4.583910000000000196e+02 2.221398890818949151e-10 2.655759039847066095e-10 2.607972050488933301e-10
4.691070000000000277e+02 2.140383674731270049e-10 2.361643271550739392e-10 2.415662160782991710e-10
4.798240000000000123e+02 2.159010451679948001e-10 2.110689789815865587e-10 2.159122954462531297e-10
4.905409999999999968e+02 1.994673776544353300e-10 2.041054618569652057e-10 1.953775607015995918e-10
5.043389999999999986e+02 1.650589091561213258e-10 1.943725794006408640e-10 1.933656941727378615e-10
5.186299999999999955e+02 1.482671131252307790e-10 1.788610839725600625e-10 1.827086958657092487e-10
5.329199999999999591e+02 1.547170991673003766e-10 1.559128520652558386e-10 1.605917777974438537e-10
5.472110000000000127e+02 1.489912634287177138e-10 1.423922428124682238e-10 1.443295933693141441e-10
5.615019999999999527e+02 1.274105021879674060e-10 1.446951874503681221e-10 1.311501862531645443e-10
5.757930000000000064e+02 1.081127208161087049e-10 1.251354184834071660e-10 1.402930121604842007e-10
5.900839999999999463e+02 1.017783249371400561e-10 1.194320950519907272e-10 1.249078655992162145e-10
6.043750000000000000e+02 1.051527253673189436e-10 1.010812483347315189e-10 1.149366432838496123e-10
6.186660000000000537e+02 1.041873666687800447e-10 9.626574327884281617e-11 9.760947254047719341e-11
6.329569999999999936e+02 9.020863789270620249e-11 9.313553075217172504e-11 9.330551316212212682e-11
6.472480000000000473e+02 7.707847854916269543e-11 9.126471653860165848e-11 8.873964969573568690e-11
6.633460000000000036e+02 6.879987778103144135e-11 8.413545878067810330e-11 8.506606449789050496e-11
6.824039999999999964e+02 6.870206092493198935e-11 7.419799877416078527e-11 7.635997475915726595e-11
7.014610000000000127e+02 6.861164752926925015e-11 6.615060227730790355e-11 6.735494698460658054e-11
7.205180000000000291e+02 6.276173246689713664e-11 6.200238297538234718e-11 6.275061025740469292e-11
7.395750000000000455e+02 5.339539634792190699e-11 5.984367898133204046e-11 5.920970442429998685e-11
7.586319999999999482e+02 4.569196573532616329e-11 5.680577942661342667e-11 5.705315404962543845e-11
7.776900000000000546e+02 4.213125859315996309e-11 5.241709028103475403e-11 5.309905465269543736e-11
7.967469999999999573e+02 4.148869265548488935e-11 4.701311992605736126e-11 4.821959232814277484e-11
8.158039999999999736e+02 4.225711457976988902e-11 4.141386217267411013e-11 4.328833531497961911e-11
8.348609999999999900e+02 4.070291730134486608e-11 3.765832794434225422e-11 3.905066958023790777e-11
8.539180000000000064e+02 3.739805388751410851e-11 3.572551901064150455e-11 3.573638404892940448e-11
8.729759999999999991e+02 3.246104676060503893e-11 3.456249753406297973e-11 3.395836461621199455e-11
8.977309999999999945e+02 2.656114605552566738e-11 3.331533927563038238e-11 3.301835876085146940e-11
9.231449999999999818e+02 2.237742812950613952e-11 3.207896216663844488e-11 3.114168252484142980e-11
9.485579999999999927e+02 2.145940832930292527e-11 2.867117953667012373e-11 2.872763148059031689e-11
9.739710000000000036e+02 2.205314426251716997e-11 2.493397738563117489e-11 2.579535250901816838e-11
9.993840000000000146e+02 2.274888133739091219e-11 2.162378568684767623e-11 2.282731082769142081e-11
1.024799999999999955e+03 2.215568033174430176e-11 1.966982522086871436e-11 2.023184556706288611e-11
1.050210000000000036e+03 2.009447325556450937e-11 1.853550062282351119e-11 1.877614256105379210e-11
1.075619999999999891e+03 1.704738940210679730e-11 1.823551212710048272e-11 1.781134414907077879e-11
1.101039999999999964e+03 1.382573202407602618e-11 1.815567838305472848e-11 1.709091325360150055e-11
1.126450000000000045e+03 1.137521261922138597e-11 1.742729537812093794e-11 1.665567039892178187e-11
1.151859999999999900e+03 9.915203210510093682e-12 1.598364376540138981e-11 1.620921513095703477e-11
1.180779999999999973e+03 9.422094492091100451e-12 1.444520705166001246e-11 1.499432102319062365e-11
1.214670000000000073e+03 9.950805454624012209e-12 1.266008868203227443e-11 1.311846435008921707e-11
1.248559999999999945e+03 1.054293108204476245e-11 1.076203427585949637e-11 1.158026229282077818e-11
1.282450000000000045e+03 1.055604827680405128e-11 9.513247084832617593e-12 1.020654463386941917e-11
1.316339999999999918e+03 9.883607401654726997e-12 8.901740536507483331e-12 9.147067138453874231e-12
1.350230000000000018e+03 8.641607878431258631e-12 8.400398260616318942e-12 8.726712022666033604e-12
1.384119999999999891e+03 7.348692108502780421e-12 8.438166335244471216e-12 8.002873836927717033e-12
1.418009999999999991e+03 5.735835161062753044e-12 8.263931567759661853e-12 7.962448157756353461e-12
1.451900000000000091e+03 4.926564708061795398e-12 8.098816562072552452e-12 7.283308571264944277e-12
1.485789999999999964e+03 3.892687801169825225e-12 6.985859422949067017e-12 7.892555169804375667e-12
1.519670000000000073e+03 3.431357589527496677e-12 6.608107127034431893e-12 7.316786455505387745e-12
1.553559999999999945e+03 3.381958136556425620e-12 6.142808971872405435e-12 6.515059798454325980e-12
1.597980000000000018e+03 3.528193302908007991e-12 5.256658397940719955e-12 5.960848928218840246e-12
1.643170000000000073e+03 3.839335670549375721e-12 4.745391311608520421e-12 4.966960870627633316e-12
1.688359999999999900e+03 3.925788746465490425e-12 4.155885627860530180e-12 4.385424007438841302e-12
1.733549999999999955e+03 3.927957925649812743e-12 3.539721315172535071e-12 4.012263256542083787e-12
1.778740000000000009e+03 3.776136376610522703e-12 3.288475878389981415e-12 3.514675555123623741e-12
1.823930000000000064e+03 3.475934933445730269e-12 3.144957274046823385e-12 3.128149115475218057e-12
1.869130000000000109e+03 3.094960900538120253e-12 3.134941868907659935e-12 2.770529005669030769e-12
1.914319999999999936e+03 2.650585204598041332e-12 3.148671570459855077e-12 2.508071646107091722e-12
1.959509999999999991e+03 2.208091306785507643e-12 2.685437690555865084e-12 2.777305001000020111e-12
2.004700000000000045e+03 1.913616984535720683e-12 2.321492784387813755e-12 2.845669585231491193e-12
2.049889999999999873e+03 1.547609393604848947e-12 2.989257799214797662e-12 2.006951724610165117e-12
2.101840000000000146e+03 1.190404407877519230e-12 2.547855047247345254e-12 2.287805894180575756e-12
2.162110000000000127e+03 9.629086750350606905e-13 2.261226878604747957e-12 2.308709202852401184e-12
2.222369999999999891e+03 8.670704931671973810e-13 1.780722582390778783e-12 2.437634370813992416e-12
2.282630000000000109e+03 8.875041937295490927e-13 1.732351567669208842e-12 2.054334656477844086e-12
2.342900000000000091e+03 7.898813600562108407e-13 1.984662670248844275e-12 1.531943653991463434e-12
2.403159999999999854e+03 7.704823706006536673e-13 1.356670226203882463e-12 1.840014459841012677e-12
2.463429999999999836e+03 8.202979590673402906e-13 1.506617925251276821e-12 1.330079235408892548e-12
2.523690000000000055e+03 8.147962309307898374e-13 1.107837576552500745e-12 1.447760597264032497e-12
2.583960000000000036e+03 8.118056028260571463e-13 1.130759953304695894e-12 1.169251873739358130e-12
2.644219999999999800e+03 8.408319003512800882e-13 9.833197718290652874e-13 1.047345295493118841e-12
2.704480000000000018e+03 8.252640800851626788e-13 8.423886380239549299e-13 9.811193004269840927e-13
2.764750000000000000e+03 8.048713854758906322e-13 7.694839603146828631e-13 8.728412549010669997e-13
2.844420000000000073e+03 7.842072839476579122e-13 6.848308096070930099e-13 7.757885070245005724e-13
2.924780000000000200e+03 7.525305299721916745e-13 6.390699737560425455e-13 6.695126643470893236e-13
3.005150000000000091e+03 7.066455393990950815e-13 5.657402791969433049e-13 6.220119775620403056e-13
3.085510000000000218e+03 6.472188091528241162e-13 5.260586979724418213e-13 5.694921646898929848e-13
3.165869999999999891e+03 5.937428628621362683e-13 5.051455892611226567e-13 5.041486106939522423e-13
3.246239999999999782e+03 5.387932137770652917e-13 4.761140005303810645e-13 4.632245023648216165e-13
3.326599999999999909e+03 4.793854553209507040e-13 4.465702815603824555e-13 4.362155575839867550e-13
3.406960000000000036e+03 4.214019845420232715e-13 4.216596588897227583e-13 4.129146593636243665e-13
3.487329999999999927e+03 3.676237129448028692e-13 3.987222809934675789e-13 3.912689470877999430e-13
3.567690000000000055e+03 3.203468540027348019e-13 3.766654708771747239e-13 3.718187184640447048e-13
3.648050000000000182e+03 2.796452550657953436e-13 3.563494012094877985e-13 3.500977180342307694e-13
3.741360000000000127e+03 2.365444737715213043e-13 3.369055278163521439e-13 3.336357591312343625e-13
3.848519999999999982e+03 1.917458809074639340e-13 3.184846698372510047e-13 3.221315667983423266e-13
3.955690000000000055e+03 1.564766442265129943e-13 3.008534817562055206e-13 3.063470436981321427e-13
4.062860000000000127e+03 1.298011032557192178e-13 2.823656429667360409e-13 2.907093992806410850e-13
4.170020000000000437e+03 1.104569231238024125e-13 2.642244592422008666e-13 2.719359512773624377e-13
4.277189999999999600e+03 9.799229245009084817e-14 2.511352012333321842e-13 2.462280839120307944e-13
4.384359999999999673e+03 8.844802250282532487e-14 2.427218080101540433e-13 2.173531478249999465e-13
4.491520000000000437e+03 7.476296934209372539e-14 2.278086090239277870e-13 2.025599442785365188e-13
4.598689999999999600e+03 5.835628046335506411e-14 2.014910069225596170e-13 2.063083872506866673e-13
4.705859999999999673e+03 5.259480043117009070e-14 1.833211772557988940e-13 1.939977029120953711e-13
4.813020000000000437e+03 5.494944092215143351e-14 1.774453320641749312e-13 1.638851948201130154e-13
4.920189999999999600e+03 4.676676170328611525e-14 1.568418701813181218e-13 1.623442615280551615e-13
5.063100000000000364e+03 4.222652668037618023e-14 1.385978491328765259e-13 1.546804560600252436e-13
5.206010000000000218e+03 4.165150220847659961e-14 1.281332729116349220e-13 1.381711878988696416e-13
5.348920000000000073e+03 4.401009562191674127e-14 1.203297133912455479e-13 1.186364549358275923e-13
5.491819999999999709e+03 4.360625267786061163e-14 1.043700689206612371e-13 1.122901550960104031e-13
5.634729999999999563e+03 4.108501461703328638e-14 9.207192170421103766e-14 1.061094872726020681e-13
5.777640000000000327e+03 4.195916336095619192e-14 8.751724793122229018e-14 9.112789458725885442e-14
5.920550000000000182e+03 4.183255395575053666e-14 7.506960957097775360e-14 8.636586899606995288e-14
6.063460000000000036e+03 4.053907469853766901e-14 6.952862568877459717e-14 7.733142549772584263e-14
6.206369999999999891e+03 4.045515831579028435e-14 6.167708574936177811e-14 7.052680292846516381e-14
6.349279999999999745e+03 3.932826802841857916e-14 5.636741760082980753e-14 6.372334181914308236e-14
6.492189999999999600e+03 3.845712483920616092e-14 4.975811296506530085e-14 5.886584500884000325e-14
6.659750000000000000e+03 3.762246349083215807e-14 4.639490637956503652e-14 5.124410624015775664e-14
6.850319999999999709e+03 3.650972185153669318e-14 3.857038531640511040e-14 4.882147145525292284e-14
7.040890000000000327e+03 3.549591262181429891e-14 3.785704832004767601e-14 4.062310811654987293e-14
7.231470000000000255e+03 3.427657731086127776e-14 3.093939717788862002e-14 3.953576484029514131e-14
7.422039999999999964e+03 3.274618743935962578e-14 3.062851553729810425e-14 3.299366656858135769e-14
7.612609999999999673e+03 3.139588339805489645e-14 2.464831361263634170e-14 3.268767407480546431e-14
7.803180000000000291e+03 2.968402580861794611e-14 2.650331656421674231e-14 2.546161675627639229e-14
7.993750000000000000e+03 2.833341707950087286e-14 1.794990151128259216e-14 2.908159712930815833e-14
8.184329999999999927e+03 2.648647917930386710e-14 2.453582258878289956e-14 1.846752095566615655e-14
8.374899999999999636e+03 2.533016107575738023e-14 1.368871729325183788e-14 2.508423712969272730e-14
8.565469999999999345e+03 2.330817928682903332e-14 1.856921163321654716e-14 1.720763329399482803e-14
8.758229999999999563e+03 2.216483851910080283e-14 1.698309589269429777e-14 1.542623815343610526e-14
9.012370000000000800e+03 2.047651832276860554e-14 1.120244200086242642e-14 1.835606921359185040e-14
9.266500000000000000e+03 1.905227129618878855e-14 1.673199827491194975e-14 1.014667230232306367e-14
9.520629999999999200e+03 1.790221924573522958e-14 6.460766557134925125e-15 1.784819459419772391e-14
9.774760000000000218e+03 1.591447724935700136e-14 1.564190254344145772e-14 7.207466115644940587e-15
1.002889999999999964e+04 1.558935909465828037e-14 7.744094343672650794e-15 1.241103362647334465e-14
1.028300000000000000e+04 1.368924948177594266e-14 7.020908335370065137e-15 1.220922805127178040e-14
1.053720000000000073e+04 1.259690420824746195e-14 1.353727758249936476e-14 4.208069645540037439e-15
1.079129999999999927e+04 1.232290871270639869e-14 4.915167960666399841e-15 1.070564373309409812e-14
1.104539999999999964e+04 1.060933628250037158e-14 5.020271391289866833e-15 1.019116988551983598e-14
1.129960000000000036e+04 9.590775415140289499e-15 1.140620872444591263e-14 2.827516654064532898e-15
1.155370000000000073e+04 9.609193036215641459e-15 6.291710302079554669e-15 6.094830671251697781e-15
1.185460000000000036e+04 8.369079673259803573e-15 2.152646526895428260e-15 9.710685756175696995e-15
1.219350000000000000e+04 7.105435953505557923e-15 9.177131804084725476e-15 2.240263461767507948e-15
1.253239999999999964e+04 7.323103113057243502e-15 5.191621990087247401e-15 4.531903879803401892e-15
1.287129999999999927e+04 6.295434396633083103e-15 1.261245559823338884e-15 8.114077856284486330e-15
1.321010000000000036e+04 5.157369010901880816e-15 6.636961173686516082e-15 2.627262483272152008e-15
1.354900000000000000e+04 5.299925158365818825e-15 6.548150942670891671e-15 1.435942324851041559e-15
1.388789999999999964e+04 5.077777087585694334e-15 1.316134065899968816e-15 5.828581789598730334e-15
1.422679999999999927e+04 4.018605364965824260e-15 1.787019259671624550e-15 5.483629212297523140e-15
1.456570000000000073e+04 3.438579349520356077e-15 5.661798035723707481e-15 1.314254438945598650e-15
1.490460000000000036e+04 3.612399603727976937e-15 5.230602514359056603e-15 7.549804110938331687e-16
1.524350000000000000e+04 3.572748550503445300e-15 1.597206095936427481e-15 3.707067976484347575e-15
1.559020000000000073e+04 2.908125991172198511e-15 4.319228686325392046e-16 4.851896088412085049e-15
1.604210000000000036e+04 2.204343388680084266e-15 3.563335782544227098e-15 1.742564475545480003e-15
1.649400000000000000e+04 2.328618674610395998e-15 4.390238496900326080e-15 1.755258969759244865e-16
1.694590000000000146e+04 2.419413739033217553e-15 1.501567949132680406e-15 2.415363234835739513e-15
1.739779999999999927e+04 1.922578801960465676e-15 1.968816622228270677e-16 3.695586676216607687e-15
1.784979999999999927e+04 1.401970870594786945e-15 1.924799871112338114e-15 2.037085883560737563e-15
1.830170000000000073e+04 1.337516795396610740e-15 3.430306998504519768e-15 1.727980342463301564e-16
1.875359999999999854e+04 1.513418386199884201e-15 2.650935978900187850e-15 3.901991686456036879e-16
1.920550000000000000e+04 1.490962268359275082e-15 8.447798556620254029e-16 1.857468870901331559e-15
1.965740000000000146e+04 1.192825911582779242e-15 7.247683107569881635e-17 2.611134539177947635e-15
2.010929999999999927e+04 8.522430978842691889e-16 7.756329829166840204e-16 1.950170770460705176e-15
2.056129999999999927e+04 6.994007233852793834e-16 1.898764497522600167e-15 7.067907511200192465e-16
2.110150000000000000e+04 7.726335977845823971e-16 2.295568703046671322e-15 -3.903129831347860105e-17
2.170420000000000073e+04 8.941258130785412801e-16 1.328612635728141913e-15 5.626110190422864738e-16
2.230679999999999927e+04 8.045836953545654416e-16 2.302290900180226240e-16 1.521343491062923952e-15
2.290950000000000000e+04 5.674689037172308456e-16 1.166404496698421385e-16 1.664539546697675712e-15
2.351209999999999854e+04 3.820886544278698110e-16 7.922597010270332319e-16 9.859858385286833313e-16
2.411470000000000073e+04 3.480199589088011914e-16 1.413555386701941450e-15 2.223135312330553295e-16
2.471740000000000146e+04 4.176952812147562337e-16 1.452696523172854525e-15 -3.843772075988055245e-17
2.532000000000000000e+04 4.796132146590455707e-16 9.705844121906052823e-16 2.376335181267667876e-16
2.592270000000000073e+04 4.661028916063731331e-16 3.818239785740659074e-16 7.082869301281714361e-16
2.652529999999999927e+04 3.787668539260571526e-16 4.370877924476526170e-17 1.010186418521783533e-15
2.712800000000000000e+04 2.669661419399438435e-16 6.319760840513797545e-17 9.945051321714522037e-16
2.775140000000000146e+04 1.760915231177719038e-16 3.359574328749176912e-16 7.093844569208929574e-16
2.855500000000000000e+04 1.383390956477589929e-16 7.285339003946084544e-16 2.518747213971439828e-16
2.935870000000000073e+04 1.692807347308037575e-16 8.652021470263982298e-16 -8.473647047051138278e-18
3.016229999999999927e+04 2.146541590742322971e-16 6.964829215352387871e-16 2.776781686516933049e-17
3.096590000000000146e+04 2.323686827982798530e-16 3.873456907719674095e-16 2.455277083809330391e-16
3.176959999999999854e+04 2.082404628860235847e-16 1.212361969316577339e-16 4.657727975137614444e-16
3.257320000000000073e+04 1.572446569829470773e-16 6.985692351720711791e-18 5.674878543040068270e-16
3.337680000000000291e+04 1.024017395173530613e-16 4.618055040605237555e-17 5.233516709224391259e-16
3.418050000000000000e+04 6.286871792759143678e-17 1.750027173032884985e-16 3.829165414787536384e-16
3.498409999999999854e+04 4.513129458879218357e-17 3.138902505910520738e-16 2.127636437406068505e-16
3.578780000000000291e+04 4.691200418728043766e-17 4.055582109780534693e-16 7.461618414439016098e-17
3.659140000000000146e+04 5.988826806525941734e-17 4.250645125260538320e-16 -4.181329493726512095e-19
3.756140000000000146e+04 7.949474266984431176e-17 3.715723116139528303e-16 -4.997040772077915067e-18
3.863309999999999854e+04 9.263799916717509039e-17 2.512913843315920256e-16 6.423042912879725798e-17
3.970469999999999709e+04 9.105927333798379384e-17 1.257150041064808807e-16 1.571603934346419342e-16
4.077640000000000146e+04 7.693622168398508601e-17 3.763866833189362461e-17 2.284244670479570696e-16
4.184800000000000000e+04 5.648861963778372656e-17 2.345304855548921345e-18 2.561003060598961618e-16
4.291969999999999709e+04 3.604903598045114923e-17 1.304809491463043278e-17 2.392761588347180568e-16
4.399140000000000146e+04 2.046155562190649515e-17 5.180148950565047916e-17 1.935769544276394438e-16
4.506300000000000000e+04 1.128456215916564152e-17 9.879672456347227713e-17 1.343428945969386214e-16
4.613469999999999709e+04 8.353179946013339551e-18 1.388534438032525478e-16 7.768146405648887473e-17
4.720640000000000146e+04 1.005828041692565062e-17 1.628364353772978732e-16 3.348466108475245236e-17
4.827800000000000000e+04 1.443119897797073837e-17 1.696123779359148972e-16 6.348879416952613667e-18
4.939900000000000000e+04 1.979668133256338016e-17 1.597329236548299718e-16 -4.456696483781646598e-18
5.082809999999999854e+04 2.583928997993609899e-17 1.321159838658981608e-16 2.015663117179425275e-18
5.225719999999999709e+04 2.890941834232032431e-17 9.493484445301104590e-17 2.183953835470201374e-17
5.368630000000000291e+04 2.897282537674084668e-17 5.926834910862119767e-17 4.569985820393613042e-17
5.511540000000000146e+04 2.618107183441035363e-17 3.024482592078790104e-17 6.617438472875044672e-17
5.654450000000000000e+04 2.168372991106421176e-17 1.113143450276583113e-17 7.952808744583788926e-17
5.797350000000000000e+04 1.650351030220792563e-17 1.875702316723587952e-18 8.465285279708336189e-17
5.940259999999999854e+04 1.143560820873139699e-17 7.263657305330760691e-19 8.204460088069727709e-17
6.083169999999999709e+04 7.162706593857929727e-18 5.207575059971869771e-18 7.438594525545140572e-17
6.226080000000000291e+04 3.856540015572514835e-18 1.278470152459214812e-17 6.296317285184424014e-17
6.368990000000000146e+04 1.620748858576316349e-18 2.125886861922190538e-17 4.996612842918875461e-17
6.511900000000000000e+04 3.777408617377183196e-19 2.927800948626372695e-17 3.747767977632674819e-17
6.686039999999999418e+04 -6.050116836384119086e-20 3.721304882566557625e-17 2.413877036526189749e-17
6.876610000000000582e+04 3.963002981144972030e-19 4.273593337165877007e-17 1.274195550842980907e-17
7.067180000000000291e+04 1.399978259594375247e-18 4.463200955551064607e-17 4.960155930503522757e-18
7.257750000000000000e+04 2.589736741032674454e-18 4.339558995720780176e-17 5.959248026776157895e-19
7.448319999999999709e+04 3.690908374623257765e-18 3.964257035131568629e-17 -9.498096616182289844e-19
7.638900000000000000e+04 4.595473149562481736e-18 3.477278499037774582e-17 -4.493889074677687460e-19
7.829469999999999709e+04 5.179935001291973443e-18 2.902474224222285981e-17 1.357768131729015462e-18
8.020039999999999418e+04 5.456894663822698939e-18 2.323749504497182076e-17 3.820260308880643596e-18
8.210610000000000582e+04 5.435281001232933271e-18 1.777172732463868021e-17 6.414602740774718091e-18
8.401180000000000291e+04 5.226560376613881022e-18 1.309541465172212818e-17 8.861936648062460884e-18
8.591760000000000582e+04 4.826661263013950002e-18 9.137771191387800944e-18 1.086714547980578470e-17
8.793289999999999418e+04 4.308355446423590535e-18 5.877824704949932767e-18 1.248005000624101613e-17
9.047419999999999709e+04 3.638874092577052265e-18 3.017165040845975601e-18 1.391928282739894125e-17
9.301550000000000000e+04 2.914317447707924274e-18 1.227332506158656668e-18 1.442719216960496272e-17
9.555680000000000291e+04 2.248817557224662103e-18 3.219251340218658669e-19 1.436810430004372082e-17
9.809810000000000582e+04 1.635712811986674857e-18 5.693564508981638506e-20 1.366363377326229585e-17
1.006390000000000000e+05 1.117633501669264289e-18 2.318817620172973413e-19 1.260813128205869293e-17
