1.017789999999999928e+01 9.104770799228107780e-06 9.009774850385148152e-06 8.964035144842081687e-06
1.043200000000000038e+01 8.541876588310617674e-06 8.505825718257119667e-06 8.564345538302406131e-06
1.068609999999999971e+01 8.225707738134871981e-06 8.041645844803967330e-06 8.030515166891338469e-06
1.094030000000000058e+01 7.524030049379318646e-06 7.747410635498598608e-06 7.708083470398756338e-06
1.119439999999999991e+01 7.340278798609691148e-06 7.269185923719066252e-06 7.224464829513394539e-06
1.144849999999999923e+01 7.163250042446223234e-06 6.812819188723009491e-06 6.762358732159421399e-06
1.171439999999999948e+01 6.658372235924541372e-06 6.483856818326409795e-06 6.488539049588146105e-06
1.205320000000000036e+01 6.225837763919958719e-06 6.088593994722944795e-06 6.065739024953979650e-06
1.239209999999999923e+01 5.840772237468737052e-06 5.701209830687238509e-06 5.695197053750352945e-06
1.273099999999999987e+01 5.361810041312558927e-06 5.416291061179825730e-06 5.394930390976540183e-06
1.306990000000000052e+01 5.113643812147780727e-06 4.967894273199381590e-06 5.054884601988729726e-06
1.340879999999999939e+01 4.716782208709314003e-06 4.780710164384681546e-06 4.795385596525817428e-06
1.374770000000000003e+01 4.559690207091085150e-06 4.455486785298456902e-06 4.448272365136129058e-06
1.408660000000000068e+01 4.406756641036472014e-06 4.152537250756028438e-06 4.147467153579361493e-06
1.442549999999999955e+01 4.050101680202665910e-06 3.978173617014346824e-06 3.955845502034124825e-06
1.476440000000000019e+01 3.724350184474328286e-06 3.789380674468119189e-06 3.811059262628813600e-06
1.510330000000000084e+01 3.765158680725773408e-06 3.499310324629479598e-06 3.447018427919825923e-06
1.544209999999999994e+01 3.460009883521172884e-06 3.347209234118376819e-06 3.332957120005290558e-06
1.585510000000000019e+01 3.130666480574131112e-06 3.185322865063508473e-06 3.197402989936952080e-06
1.630699999999999861e+01 3.009098558244438226e-06 2.955787138763869844e-06 2.919165990275746089e-06
1.675890000000000057e+01 2.717953124208875213e-06 2.790808027925625777e-06 2.801276269667729168e-06
1.721079999999999899e+01 2.644723484805858589e-06 2.581449284519885974e-06 2.557939471454915384e-06
1.766280000000000072e+01 2.476985087545969452e-06 2.419325826983763704e-06 2.406039787144414815e-06
1.811469999999999914e+01 2.257563656147279205e-06 2.289796579892495384e-06 2.305755851896323124e-06
1.856660000000000110e+01 2.120065005577860108e-06 2.153956058778386955e-06 2.167637188656588194e-06
1.901849999999999952e+01 2.019103241633299508e-06 2.023556096524282447e-06 2.018209269618891889e-06
1.947040000000000148e+01 1.960461339676513099e-06 1.880235474183329641e-06 1.867003865809998781e-06
1.992229999999999990e+01 1.750721633987731940e-06 1.810973883222666036e-06 1.818528319196856131e-06
2.037430000000000163e+01 1.666478159245665730e-06 1.706757396468847713e-06 1.703878628009067575e-06
2.085219999999999985e+01 1.578468562380994464e-06 1.600987499254895161e-06 1.602849040136834726e-06
2.145479999999999876e+01 1.485089787360268405e-06 1.485133895543386676e-06 1.486216896208526111e-06
2.205750000000000099e+01 1.346424886752596607e-06 1.402133163514342131e-06 1.411370805323275868e-06
2.266009999999999991e+01 1.293202052641462701e-06 1.289415603291006480e-06 1.304411222899132254e-06
2.326269999999999882e+01 1.189091594179679591e-06 1.224747170290736975e-06 1.223170112734098888e-06
2.386540000000000106e+01 1.085818829537768994e-06 1.158188715163127343e-06 1.163617899144589360e-06
2.446799999999999997e+01 1.036986336414413589e-06 1.081400274257895986e-06 1.076334217993589024e-06
2.507069999999999865e+01 1.008523131178567366e-06 1.004597921393952759e-06 9.907023034449524292e-07
2.567330000000000112e+01 9.441785453872987122e-07 9.379366644526598749e-07 9.366254643022337435e-07
2.627590000000000003e+01 8.834518543724734626e-07 8.920544466128392744e-07 8.758834098257492428e-07
2.687859999999999872e+01 8.013457057611345384e-07 8.457957615412171995e-07 8.491100549488091392e-07
2.748120000000000118e+01 8.003371895435107600e-07 7.787301443631752546e-07 7.722161538270240539e-07
2.822250000000000014e+01 7.202785113924927142e-07 7.309794031723189036e-07 7.397813927130693311e-07
2.902609999999999957e+01 6.843003824346410495e-07 6.819441634249498560e-07 6.808699704613941246e-07
2.982979999999999876e+01 6.297169278302109522e-07 6.398590764411320029e-07 6.410013634669086516e-07
3.063340000000000174e+01 6.030895603086136233e-07 5.905979156739398205e-07 6.142551307936403961e-07
3.143700000000000117e+01 5.568392671523625295e-07 5.565853311513274523e-07 5.559369942611725393e-07
3.224069999999999681e+01 5.106003586424470226e-07 5.267399797392703919e-07 5.262475239494306066e-07
3.304429999999999978e+01 4.819317714344850675e-07 4.945674034673161406e-07 4.836270243726390173e-07
3.384790000000000276e+01 4.723904380761767012e-07 4.560702873210509136e-07 4.497248522994475389e-07
3.465160000000000196e+01 4.108750764511481865e-07 4.424936651275752262e-07 4.392826212515441471e-07
3.545519999999999783e+01 4.055613360554022171e-07 4.057471000438723418e-07 4.019675279666179799e-07
3.625880000000000081e+01 3.861119423072021324e-07 3.780151791700441153e-07 3.777686449897057790e-07
3.711789999999999878e+01 3.582355881117834081e-07 3.570914892957663076e-07 3.566005387442778945e-07
3.818959999999999866e+01 3.232549465899557820e-07 3.346134431303802335e-07 3.391398390893922074e-07
3.926129999999999853e+01 3.111386993418701847e-07 3.091345068001806463e-07 3.090689181280857216e-07
4.033290000000000219e+01 2.967310077480248386e-07 2.852592930650594668e-07 2.849197398620751861e-07
4.140460000000000207e+01 2.592784185396025590e-07 2.757233813137630984e-07 2.747932202896477024e-07
4.247630000000000194e+01 2.559733994415132007e-07 2.487129269267975978e-07 2.534613039658277924e-07
4.354789999999999850e+01 2.305067024472105444e-07 2.377876534082156672e-07 2.416394010098580171e-07
4.461959999999999837e+01 2.164062036507873058e-07 2.251547324899651370e-07 2.227402249907162181e-07
4.569129999999999825e+01 2.068517393637412637e-07 2.077389529406064929e-07 2.086924508997042002e-07
4.676290000000000191e+01 1.918513744808742049e-07 1.961430542839604854e-07 1.963749561045149808e-07
4.783460000000000178e+01 1.796613546586517050e-07 1.845346425449711278e-07 1.848670944460618243e-07
4.890630000000000166e+01 1.731327934767450128e-07 1.715369136370093659e-07 1.709759356029922046e-07
5.023669999999999902e+01 1.608987350285312281e-07 1.598138649507453956e-07 1.604096385411334326e-07
5.166579999999999728e+01 1.475096046870880284e-07 1.503521023660290834e-07 1.504903518200995451e-07
5.309490000000000265e+01 1.398298860558457942e-07 1.391082339150987700e-07 1.387231364416137638e-07
5.452400000000000091e+01 1.288557386049104868e-07 1.307382831630942187e-07 1.304277864747917980e-07
5.595309999999999917e+01 1.203559281365171466e-07 1.218366253833529479e-07 1.213563972619250890e-07
5.738219999999999743e+01 1.111746802370457885e-07 1.134583605023061597e-07 1.143772522182721121e-07
5.881130000000000280e+01 1.044568882918736414e-07 1.080204630986081040e-07 1.060103013344219493e-07
6.024040000000000106e+01 1.000998282279921273e-07 9.789873052908123228e-08 9.983563824128358703e-08
6.166949999999999932e+01 9.009953553747296453e-08 9.485824807459291203e-08 9.508123377745919723e-08
6.309859999999999758e+01 8.662117859175858042e-08 8.723585904061755170e-08 8.787670499984430668e-08
6.452760000000000673e+01 8.286788851853157590e-08 8.174922334021466236e-08 8.076421043795448296e-08
6.607179999999999609e+01 7.677386418839482426e-08 7.701702735339250790e-08 7.638940913794980873e-08
6.797750000000000625e+01 7.063589075542231989e-08 7.177697286483172910e-08 7.116242154701576075e-08
6.988320000000000221e+01 6.588616303228678582e-08 6.665869634829925696e-08 6.676448600128448995e-08
7.178889999999999816e+01 5.995731488748773016e-08 6.276919632265547690e-08 6.277671072114644786e-08
7.369469999999999743e+01 5.805848179235284845e-08 5.772103393851349001e-08 5.783008789302097353e-08
7.560039999999999338e+01 5.416164500974318328e-08 5.490757961706154913e-08 5.396397337376678823e-08
7.750610000000000355e+01 5.034018736474554539e-08 5.000991124186576209e-08 5.079349018766976557e-08
7.941179999999999950e+01 4.683837231455609923e-08 4.732407303805411409e-08 4.731294761416040371e-08
8.131749999999999545e+01 4.337550262175170784e-08 4.483025359415733864e-08 4.389760099645634066e-08
8.322329999999999472e+01 4.083961148711430680e-08 4.184089253984058285e-08 4.128973613041852617e-08
8.512900000000000489e+01 4.046804246210328018e-08 3.828212101027253812e-08 3.913323828018542307e-08
8.703470000000000084e+01 3.635735453014357467e-08 3.590726580838552746e-08 3.735235212733232116e-08
8.942260000000000275e+01 3.273759217452243754e-08 3.435123119608377156e-08 3.456525851028888621e-08
9.196389999999999532e+01 3.079965197683318510e-08 3.219767145711032892e-08 3.134194186038235994e-08
9.450520000000000209e+01 2.928277218506749577e-08 3.059951664159830831e-08 2.931532178834052014e-08
9.704659999999999798e+01 2.728941722522115810e-08 2.764812861244949350e-08 2.733620351185836308e-08
9.958790000000000475e+01 2.525309855907938457e-08 2.553041981277763672e-08 2.544323321311640426e-08
1.021290000000000049e+02 2.356750916513123895e-08 2.408266514727487295e-08 2.412896062846514890e-08
1.046710000000000065e+02 2.212792630743370608e-08 2.241261527136442172e-08 2.231241155468794641e-08
1.072120000000000033e+02 2.085025501594444561e-08 2.121607048522779553e-08 2.051362159206885273e-08
1.097530000000000001e+02 1.950755751499565419e-08 1.980998013769571767e-08 1.919205172705471773e-08
1.122939999999999969e+02 1.820060417261389442e-08 1.806738874659997957e-08 1.915625595637818553e-08
1.148359999999999985e+02 1.724055770031412841e-08 1.693680349956327175e-08 1.688527585552057834e-08
1.176110000000000042e+02 1.604403420600832457e-08 1.626657900959570950e-08 1.592606775538192234e-08
1.210000000000000000e+02 1.488832894888855101e-08 1.398362334779255229e-08 1.566952504831890331e-08
1.243889999999999958e+02 1.388463788370848623e-08 1.376866261685485953e-08 1.370311597614861027e-08
1.277780000000000058e+02 1.275340764025037634e-08 1.272777200450190732e-08 1.296991127306356432e-08
1.311670000000000016e+02 1.196587928903243937e-08 1.239355606007298523e-08 1.142968559589458133e-08
1.345550000000000068e+02 1.097595895806139401e-08 1.159063154594066925e-08 1.077057904599794133e-08
1.379439999999999884e+02 1.005143865521325966e-08 1.091167846363943202e-08 1.014034748114731314e-08
1.413329999999999984e+02 9.454737360449075312e-09 9.778941198093602335e-09 9.337737043822790906e-09
1.447220000000000084e+02 9.033426993385701048e-09 9.130617871536929987e-09 8.893514885997188125e-09
1.481109999999999900e+02 8.413957412691751188e-09 8.114167349475897014e-09 8.819511067632525426e-09
1.515000000000000000e+02 7.882895472177895856e-09 8.015371636708575207e-09 7.833510001113532519e-09
1.548890000000000100e+02 7.432928479535663969e-09 7.234275830489435528e-09 7.552609854974904492e-09
1.591740000000000066e+02 6.842878408289942637e-09 6.901422999855834891e-09 6.875747466854226404e-09
1.636930000000000121e+02 6.254715485053065430e-09 6.418862434622998054e-09 6.440479575323939172e-09
1.682129999999999939e+02 5.733236589924740061e-09 6.040716154825866628e-09 5.959490090249396455e-09
1.727319999999999993e+02 5.305824510246155525e-09 5.463141354855227836e-09 5.714791659898619734e-09
1.772510000000000048e+02 5.062788770918661566e-09 5.123349574698822674e-09 5.145002834382515702e-09
1.817700000000000102e+02 4.679060419359338669e-09 4.862211983171250031e-09 4.732774762469413811e-09
1.862889999999999873e+02 4.404739961973919355e-09 4.395928892513832441e-09 4.501456890512249260e-09
1.908079999999999927e+02 4.113584356639636829e-09 4.158735766259543894e-09 4.130499923318026382e-09
1.953280000000000030e+02 3.845491698881853900e-09 3.890647982547071601e-09 3.843459218571076636e-09
1.998470000000000084e+02 3.604216874755403133e-09 3.537954796788246329e-09 3.672966963456352773e-09
2.043660000000000139e+02 3.337664953029188505e-09 3.419250153299219181e-09 3.347843798671594530e-09
2.093530000000000086e+02 3.161497503632483341e-09 3.085937756393988160e-09 3.170898751473529922e-09
2.153789999999999907e+02 2.889162348070680531e-09 3.036034250210172965e-09 2.788432316719146972e-09
2.214060000000000059e+02 2.665807834076497816e-09 2.648667318305959095e-09 2.757581163617544647e-09
2.274319999999999879e+02 2.459836443020264221e-09 2.507786791281005451e-09 2.519107135005565847e-09
2.334590000000000032e+02 2.273069793138582963e-09 2.320242500091745718e-09 2.357968641769672288e-09
2.394850000000000136e+02 2.081590230523345630e-09 2.129322432659371311e-09 2.247304175817284194e-09
2.455109999999999957e+02 1.952506674059178096e-09 1.962338593169598730e-09 2.094870621771223747e-09
2.515380000000000109e+02 1.786814522241708294e-09 1.859610582858461833e-09 1.948312095899830430e-09
2.575640000000000214e+02 1.676971659718461843e-09 1.818526768052614396e-09 1.717015071728924828e-09
2.635910000000000082e+02 1.557263146124172270e-09 1.697687618029967735e-09 1.603208553345860628e-09
2.696170000000000186e+02 1.506862924399097340e-09 1.518006802938055194e-09 1.508236961162847876e-09
2.756440000000000055e+02 1.420368558877876273e-09 1.407425211978118612e-09 1.403392329994005927e-09
2.833330000000000268e+02 1.273152829424619872e-09 1.332873864405881993e-09 1.309075655169498792e-09
2.913700000000000045e+02 1.177560713161155574e-09 1.219682509953851888e-09 1.223173810384993267e-09
2.994060000000000059e+02 1.110172350831611641e-09 1.119849053934916912e-09 1.120242234233471971e-09
3.074420000000000073e+02 9.876790928733916918e-10 1.018515118259275628e-09 1.099945436017333454e-09
3.154789999999999850e+02 9.472739579943953856e-10 9.794671023818248382e-10 9.586368505539617594e-10
3.235149999999999864e+02 8.814627426638765144e-10 8.934737087519588882e-10 9.005411898341650744e-10
3.315509999999999877e+02 7.914459977684334448e-10 8.363835086317649771e-10 8.576393988498017008e-10
3.395880000000000223e+02 7.688666045954043797e-10 7.755499750616381565e-10 7.679503179429579458e-10
3.476240000000000236e+02 7.068694108917603797e-10 7.247812296055914461e-10 7.100905318773551170e-10
3.556610000000000014e+02 6.379487850632856446e-10 6.828060465915129761e-10 6.829239406452014257e-10
3.636970000000000027e+02 6.140212806141664363e-10 6.228351611728937596e-10 6.291900178537949718e-10
3.726580000000000155e+02 5.753541549285639424e-10 5.793641084234595756e-10 5.788582251979768469e-10
3.833740000000000236e+02 5.084528976283551358e-10 5.459706946607342725e-10 5.459451101009107553e-10
3.940910000000000082e+02 4.848651064421918925e-10 4.956645206685654174e-10 4.986475560742430170e-10
4.048079999999999927e+02 4.551509065810990004e-10 4.573546733939865706e-10 4.561586469149147085e-10
4.155240000000000009e+02 3.973860047451313825e-10 4.350500248184407519e-10 4.345877256764280256e-10
4.262409999999999854e+02 3.725565808412661225e-10 3.955637024286063292e-10 4.069117219951276921e-10
4.369569999999999936e+02 3.648148139851658131e-10 3.611438690852396021e-10 3.640048442345947432e-10
4.476739999999999782e+02 3.252642828353481421e-10 3.442168257544406217e-10 3.423373276552114616e-10
4.583910000000000196e+02 2.821811477134800085e-10 3.347371437171307825e-10 3.287260769263841718e-10
4.691070000000000277e+02 2.713230710499715531e-10 2.978894861030017372e-10 3.043607460420269019e-10
4.798240000000000123e+02 2.725043359650312091e-10 2.666276348336740373e-10 2.730825012812948307e-10
4.905409999999999968e+02 2.515784078782613322e-10 2.574745960339033230e-10 2.465559692793354991e-10
5.043389999999999986e+02 2.090437190956598100e-10 2.447194613606845855e-10 2.434788183126557618e-10
5.186299999999999955e+02 1.878443087387194619e-10 2.251931731080741871e-10 2.299161755327064743e-10
5.329199999999999591e+02 1.951604159860769564e-10 1.966505059615604343e-10 2.023473721333626978e-10
5.472110000000000127e+02 1.877554245231653981e-10 1.795273495541037231e-10 1.820078676067309208e-10
5.615019999999999527e+02 1.609464649867859630e-10 1.821302938544108845e-10 1.652043571408032624e-10
5.757930000000000064e+02 1.367913209758541134e-10 1.574656216508973595e-10 1.764813450202486465e-10
5.900839999999999463e+02 1.285663816678768709e-10 1.504030003820146691e-10 1.571240044192171317e-10
6.043750000000000000e+02 1.324679056152291336e-10 1.274196046102295575e-10 1.446889669950413607e-10
6.186660000000000537e+02 1.311395152632544532e-10 1.212759670528574601e-10 1.229697901977382084e-10
6.329569999999999936e+02 1.136657347838281280e-10 1.172202041722088431e-10 1.174513808962130876e-10
6.472480000000000473e+02 9.725971442160176868e-11 1.147489083445635132e-10 1.116133885114847735e-10
6.633460000000000036e+02 8.684517456427510558e-11 1.057801850382718429e-10 1.069315924549530987e-10
6.824039999999999964e+02 8.657683876199165568e-11 9.336210164810233573e-11 9.603397612330604123e-11
7.014610000000000127e+02 8.633235165690900620e-11 8.329435055718112640e-11 8.477369113594677159e-11
7.205180000000000291e+02 7.897609862879790357e-11 7.805283086698655658e-11 7.899459183149106115e-11
7.395750000000000455e+02 6.728413528873081952e-11 7.527709994752146838e-11 7.450487832217201058e-11
7.586319999999999482e+02 5.766545912207207269e-11 7.142315793369927471e-11 7.174703200767371923e-11
7.776900000000000546e+02 5.317792830674496037e-11 6.592446011829545441e-11 6.675403122888434843e-11
7.967469999999999573e+02 5.230601129957203050e-11 5.914766563317906137e-11 6.065351301010393104e-11
8.158039999999999736e+02 5.320089546739839297e-11 5.214900104942070118e-11 5.447273276448966730e-11
8.348609999999999900e+02 5.121391462554048223e-11 4.743108679520646752e-11 4.916275753646807989e-11
8.539180000000000064e+02 4.706760485123822866e-11 4.498211117818857844e-11 4.499644324806322114e-11
8.729759999999999991e+02 4.089200721901785401e-11 4.349513648344918101e-11 4.274513362581798359e-11
8.977309999999999945e+02 3.351644817172567662e-11 4.190821579190493721e-11 4.154527393585839928e-11
9.231449999999999818e+02 2.826886382298385606e-11 4.035702820053385493e-11 3.917635989130080932e-11
9.485579999999999927e+02 2.709328440952111013e-11 3.609232786319538498e-11 3.614795067978728160e-11
9.739710000000000036e+02 2.780848147421251306e-11 3.141301997955462504e-11 3.247750623692988118e-11
9.993840000000000146e+02 2.866208494300792409e-11 2.726065401455379138e-11 2.876120701914380106e-11
1.024799999999999955e+03 2.791310911122590587e-11 2.480208735234132087e-11 2.550599371753898373e-11
1.050210000000000036e+03 2.533088082894072567e-11 2.336897960484902789e-11 2.367606314726756373e-11
1.075619999999999891e+03 2.151251798579123888e-11 2.298751096710312461e-11 2.245642826306840079e-11
1.101039999999999964e+03 1.747084785788766029e-11 2.288685976453340780e-11 2.154358571755037449e-11
1.126450000000000045e+03 1.439171455587322557e-11 2.197232594451834802e-11 2.099437988474448406e-11
1.151859999999999900e+03 1.255159145843214736e-11 2.015837512710958480e-11 2.043733715355692692e-11
1.180779999999999973e+03 1.192530980654673518e-11 1.822913409546169199e-11 1.891064422461094592e-11
1.214670000000000073e+03 1.258342474599150338e-11 1.598189791400430629e-11 1.655940005281025882e-11
1.248559999999999945e+03 1.332284235464727188e-11 1.359816075684998920e-11 1.462552175235529690e-11
1.282450000000000045e+03 1.333738209446808613e-11 1.202752443126460002e-11 1.289832347822946286e-11
1.316339999999999918e+03 1.249097727027467885e-11 1.125767188056080518e-11 1.156586977766137581e-11
1.350230000000000018e+03 1.092803051264772255e-11 1.062602395897769517e-11 1.103754672192113651e-11
1.384119999999999891e+03 9.300894906606259348e-12 1.067431513400414785e-11 1.012571539926310805e-11
1.418009999999999991e+03 7.268551374830316649e-12 1.045566022002304008e-11 1.007633719512886530e-11
1.451900000000000091e+03 6.249726102803240413e-12 1.024948309615949153e-11 9.219976134162732801e-12
1.485789999999999964e+03 4.944861104555056869e-12 8.845391024838087394e-12 9.993191322158651267e-12
1.519670000000000073e+03 4.362310845087305987e-12 8.371266013451730519e-12 9.268469888884808511e-12
1.553559999999999945e+03 4.300355340313511268e-12 7.786442781295938695e-12 8.257543601200311397e-12
1.597980000000000018e+03 4.484981651295450751e-12 6.667036333965665794e-12 7.558470329407194866e-12
1.643170000000000073e+03 4.878588918425759839e-12 6.022086642706685456e-12 6.301830198362289149e-12
1.688359999999999900e+03 4.987724107639134954e-12 5.277557574747428594e-12 5.567308055093597386e-12
1.733549999999999955e+03 4.990718867689887586e-12 4.498238119484652656e-12 5.096634557154531964e-12
1.778740000000000009e+03 4.798982430645141347e-12 4.181235348642515235e-12 4.467497530477609285e-12
1.823930000000000064e+03 4.419248700566104390e-12 4.000694371043583106e-12 3.978672149071893335e-12
1.869130000000000109e+03 3.937053214435022140e-12 3.989631898235398905e-12 3.525982927877832395e-12
1.914319999999999936e+03 3.374128788176987544e-12 4.008709188627781729e-12 3.193864963640497404e-12
1.959509999999999991e+03 2.813259757718829754e-12 3.420726134669454080e-12 3.538209772630670380e-12
2.004700000000000045e+03 2.440340385168421707e-12 2.958970284113513713e-12 3.626913963168673548e-12
2.049889999999999873e+03 1.975762140663735295e-12 3.811725618838516051e-12 2.559901229708381848e-12
2.101840000000000146e+03 1.521698073942166019e-12 3.250299478836966223e-12 2.919362002723799670e-12
2.162110000000000127e+03 1.232299075649535479e-12 2.885634971707751831e-12 2.946912416453463078e-12
2.222369999999999891e+03 1.110554929194838837e-12 2.273403415591498215e-12 3.112504300073523728e-12
2.282630000000000109e+03 1.136997222263527111e-12 2.212907005490639915e-12 2.624033959055118232e-12
2.342900000000000091e+03 1.012449825557488322e-12 2.536488342587145499e-12 1.957800275694988180e-12
2.403159999999999854e+03 9.878832799465601565e-13 1.734811156398686540e-12 2.352804791984875708e-12
2.463429999999999836e+03 1.051705650156055501e-12 1.927891261732027929e-12 1.701671555244782339e-12
2.523690000000000055e+03 1.044932099348624219e-12 1.418554120054973951e-12 1.853435813904083587e-12
2.583960000000000036e+03 1.041344599165460906e-12 1.448915957889382044e-12 1.497942389819288767e-12
2.644219999999999800e+03 1.078918613211918182e-12 1.261009666882038068e-12 1.342695193309098977e-12
2.704480000000000018e+03 1.059437068603349219e-12 1.081150099292091874e-12 1.258772375155040884e-12
2.764750000000000000e+03 1.033815829280695157e-12 9.883991889866130404e-13 1.120790099076077192e-12
2.844420000000000073e+03 1.007456292943174081e-12 8.800938346154022243e-13 9.966551580414996796e-13
2.924780000000000200e+03 9.670073039202447913e-13 8.216338421189026250e-13 8.605550158169244520e-13
3.005150000000000091e+03 9.083660026741345753e-13 7.276849345843507153e-13 7.998571291204321428e-13
3.085510000000000218e+03 8.323164378014863256e-13 6.768975775165639168e-13 7.326871368658775512e-13
3.165869999999999891e+03 7.638984036809988529e-13 6.502416798276525618e-13 6.489428880634805530e-13
3.246239999999999782e+03 6.935732456431296520e-13 6.131313717363282169e-13 5.965367001295798968e-13
3.326599999999999909e+03 6.174746542775638533e-13 5.753326762144081339e-13 5.620100891140756465e-13
3.406960000000000036e+03 5.431527814472206314e-13 5.434800461383555266e-13 5.322444026776547059e-13
3.487329999999999927e+03 4.741831923470569807e-13 5.141577366464723004e-13 5.045984799039315967e-13
3.567690000000000055e+03 4.135311539421302623e-13 4.859647828516037372e-13 4.797740386432278187e-13
3.648050000000000182e+03 3.612981536910066943e-13 4.600071345612611795e-13 4.520076864595149202e-13
3.741360000000000127e+03 3.058528001463111606e-13 4.350740404828042933e-13 4.309210257166592373e-13
3.848519999999999982e+03 2.481046712528099236e-13 4.113573266362591234e-13 4.161340231786333276e-13
3.955690000000000055e+03 2.026215201504201771e-13 3.886675197249988890e-13 3.958262741611386027e-13
4.062860000000000127e+03 1.682067010902499074e-13 3.648745615079242823e-13 3.757093340021821057e-13
4.170020000000000437e+03 1.432387420267409361e-13 3.415306365519850558e-13 3.515379320676738434e-13
4.277189999999999600e+03 1.271449470976851893e-13 3.247177480642431461e-13 3.183944020323965832e-13
4.384359999999999673e+03 1.148169880473465950e-13 3.139495927408579875e-13 2.811414048719073106e-13
4.491520000000000437e+03 9.712613617071438460e-14 2.947639516700138979e-13 2.620961651494812822e-13
4.598689999999999600e+03 7.590252855080687639e-14 2.608021106830245451e-13 2.670485730536631971e-13
4.705859999999999673e+03 6.844275274888390184e-14 2.373851493092513674e-13 2.512126470308101617e-13
4.813020000000000437e+03 7.148954903235891579e-14 2.298897090705976121e-13 2.123021395335588480e-13
4.920189999999999600e+03 6.089282961935354895e-14 2.032871841716742702e-13 2.104063085461265795e-13
5.063100000000000364e+03 5.497841008197296508e-14 1.796636671793000727e-13 2.005003519564635529e-13
5.206010000000000218e+03 5.420443798438679046e-14 1.661248101709160758e-13 1.791227766608752064e-13
5.348920000000000073e+03 5.723575744189513209e-14 1.560374904021560838e-13 1.538163361778652869e-13
5.491819999999999709e+03 5.669151255696391578e-14 1.353653750357215541e-13 1.456099094852962555e-13
5.634729999999999563e+03 5.340667599412442695e-14 1.194318411861058105e-13 1.376191041726618945e-13
5.777640000000000327e+03 5.452631806246227396e-14 1.135448828710285873e-13 1.182065117391891351e-13
5.920550000000000182e+03 5.435177611213757377e-14 9.741426770951654974e-14 1.120481346169788499e-13
6.063460000000000036e+03 5.266725539585235855e-14 9.023831171918550121e-14 1.003455722966269208e-13
6.206369999999999891e+03 5.255350323231584587e-14 8.006469257549677737e-14 9.153170744777964306e-14
6.349279999999999745e+03 5.108950280420305197e-14 7.318494084858989753e-14 8.271824648206439228e-14
6.492189999999999600e+03 4.995880213014423729e-14 6.461713708229231420e-14 7.642737881913005451e-14
6.659750000000000000e+03 4.886957559417499902e-14 6.025213125542972499e-14 6.653647172547093093e-14
6.850319999999999709e+03 4.741369484264178852e-14 5.008802308773435872e-14 6.338507211456051291e-14
7.040890000000000327e+03 4.608817438103422784e-14 4.915437526736091345e-14 5.273802833994673245e-14
7.231470000000000255e+03 4.449660500506196145e-14 4.017031076625933520e-14 5.131967397307718509e-14
7.422039999999999964e+03 4.250299352729315099e-14 3.975878791203064601e-14 4.282455237361607531e-14
7.612609999999999673e+03 4.074337023721762842e-14 3.199373973425486797e-14 4.242028515013198409e-14
7.803180000000000291e+03 3.851598530726611239e-14 3.439284837581846985e-14 3.304003134483215913e-14
7.993750000000000000e+03 3.675750324910529844e-14 2.329201201366264019e-14 3.772929916515164086e-14
8.184329999999999927e+03 3.435613532587329016e-14 3.182781157540770115e-14 2.395700837149998455e-14
8.374899999999999636e+03 3.285075710235715375e-14 1.775525023487189125e-14 3.253219544742324147e-14
8.565469999999999345e+03 3.022332846717681657e-14 2.407827642333450983e-14 2.231332742623328750e-14
8.758229999999999563e+03 2.873537201194530357e-14 2.201672411185288457e-14 1.999853867889847998e-14
9.012370000000000800e+03 2.653752476876557358e-14 1.451644910572553629e-14 2.378807245113023609e-14
9.266500000000000000e+03 2.468239417258140686e-14 2.167435241407747491e-14 1.314337795537399873e-14
9.520629999999999200e+03 2.318385691899143677e-14 8.363992622132656246e-15 2.311121051919200626e-14
9.774760000000000218e+03 2.060105687493037681e-14 2.024472217121308283e-14 9.327695495634001703e-15
1.002889999999999964e+04 2.017162265553108927e-14 1.001759874320445353e-14 1.605518646450343841e-14
1.028300000000000000e+04 1.770522132175493463e-14 9.075593872298274179e-15 1.578830097680150470e-14
1.053720000000000073e+04 1.628400305256306093e-14 1.749687245330004598e-14 5.435778770066008303e-15
1.079129999999999927e+04 1.592204937760703793e-14 6.347322400571670465e-15 1.382788755198832036e-14
1.104539999999999964e+04 1.370067849745969619e-14 6.477289133107209651e-15 1.315810512411185980e-14
1.129960000000000036e+04 1.237733386939878899e-14 1.471818032621513413e-14 3.644642199398621743e-15
1.155370000000000073e+04 1.239377234128727013e-14 8.113096435954329100e-15 7.855610952511039409e-15
1.185460000000000036e+04 1.078746353283508694e-14 2.768854999526804058e-15 1.251489154595804064e-14
1.219350000000000000e+04 9.151037450640069274e-15 1.181883199619918694e-14 2.881545875248857619e-15
1.253239999999999964e+04 9.424831224471513215e-15 6.681523645474409003e-15 5.828075868433489270e-15
1.287129999999999927e+04 8.096113413750461587e-15 1.617224821433810899e-15 1.043511972417607728e-14
1.321010000000000036e+04 6.625852250230255645e-15 8.527547086348458347e-15 3.373888802494661682e-15
1.354900000000000000e+04 6.803165163198352674e-15 8.409574025197867578e-15 1.838544048401746264e-15
1.388789999999999964e+04 6.512758397339684175e-15 1.686221010520396778e-15 7.475547304421934808e-15
1.422679999999999927e+04 5.148531019636925859e-15 2.286486443622071861e-15 7.028921449304706253e-15
1.456570000000000073e+04 4.399663451035060800e-15 7.249919719717927922e-15 1.680358613567172618e-15
1.490460000000000036e+04 4.617425922627227601e-15 6.693226744837656264e-15 9.609220359068585925e-16
1.524350000000000000e+04 4.562275444609663424e-15 2.040348843255374474e-15 4.734349964735817694e-15
1.559020000000000073e+04 3.708545385637527333e-15 5.477723686922382162e-16 6.193310432541479069e-15
1.604210000000000036e+04 2.806229022505386760e-15 4.542653692715905208e-15 2.220956463478939651e-15
1.649400000000000000e+04 2.961333162370157206e-15 5.594277644263220766e-15 2.196691954620856536e-16
1.694590000000000146e+04 3.074191389739843644e-15 1.910798065638468677e-15 3.070555435527519153e-15
1.739779999999999927e+04 2.439221277460358547e-15 2.478222363690054297e-16 4.696635837093301272e-15
1.784979999999999927e+04 1.774746396956483074e-15 2.441548474876965587e-15 2.585699547664468695e-15
1.830170000000000073e+04 1.690336655294396166e-15 4.349354355727823943e-15 2.170392076847613483e-16
1.875359999999999854e+04 1.910975527549068489e-15 3.357548229298177887e-15 4.909971313407662518e-16
1.920550000000000000e+04 1.880305169742887414e-15 1.068082664654496778e-15 2.346143440776292842e-15
1.965740000000000146e+04 1.501231928753633087e-15 9.001801109284517118e-17 3.295463863030638928e-15
2.010929999999999927e+04 1.069312232344466416e-15 9.757654858229409801e-16 2.457780476913676160e-15
2.056129999999999927e+04 8.748488291854007526e-16 2.388151945911468437e-15 8.886806453457983203e-16
2.110150000000000000e+04 9.654891408619784436e-16 2.884241178151214429e-15 -5.076356422527791367e-17
2.170420000000000073e+04 1.116935546361638979e-15 1.667310423670168057e-15 7.036134614692474968e-16
2.230679999999999927e+04 1.003543508291933018e-15 2.881094267888176032e-16 1.904065922208706937e-15
2.290950000000000000e+04 7.055967847757302510e-16 1.447666750610811456e-16 2.080984711336362405e-15
2.351209999999999854e+04 4.729264637778353722e-16 9.879080359862972811e-16 1.230696714373217530e-15
2.411470000000000073e+04 4.295938757602153321e-16 1.760944457987279934e-15 2.765379836802601316e-16
2.471740000000000146e+04 5.155550554213594450e-16 1.806937036268310717e-15 -4.883652417238560546e-17
2.532000000000000000e+04 5.916553611669543256e-16 1.205136851087100687e-15 2.936340606245154020e-16
2.592270000000000073e+04 5.739768673413497995e-16 4.731245380034810616e-16 8.760706795598311263e-16
2.652529999999999927e+04 4.649958647426399649e-16 5.378119314084887787e-17 1.247578848911318171e-15
2.712800000000000000e+04 3.261633943735286649e-16 7.731300103093009229e-17 1.225688985625215841e-15
2.775140000000000146e+04 2.136355512122422020e-16 4.124422896432361118e-16 8.722993247492194594e-16
2.855500000000000000e+04 1.669484298853029206e-16 8.937957288415997955e-16 3.090588628526186993e-16
2.935870000000000073e+04 2.046448222978314448e-16 1.059874325713378763e-15 -1.076847742447908874e-17
3.016229999999999927e+04 2.599069318058695326e-16 8.516933391862758073e-16 3.330724237026025883e-17
3.096590000000000146e+04 2.811913135252320808e-16 4.727625576620835500e-16 2.988046349276596777e-16
3.176959999999999854e+04 2.514074517624673571e-16 1.476408705598555065e-16 5.663000080512024079e-16
3.257320000000000073e+04 1.890508579232645550e-16 8.348736661191650412e-18 6.886478000450845444e-16
3.337680000000000291e+04 1.222625517688353683e-16 5.563165057374576179e-17 6.336522447552714269e-16
3.418050000000000000e+04 7.424516553148974099e-17 2.110134785095905874e-16 4.624553418233558160e-16
3.498409999999999854e+04 5.272105917464414916e-17 3.777223338087786436e-16 2.562437004544938515e-16
3.578780000000000291e+04 5.475218821618147030e-17 4.867479923796372179e-16 8.954795658823086165e-17
3.659140000000000146e+04 7.017698369096272389e-17 5.086472702765017529e-16 -6.305866934599083576e-19
3.756140000000000146e+04 9.349758891928381231e-17 4.435794652633693970e-16 -6.203269707756645368e-18
3.863309999999999854e+04 1.090746095716022801e-16 2.993855807520863561e-16 7.618564342410083461e-17
3.970469999999999709e+04 1.070710218904002864e-16 1.494582380419158270e-16 1.864114363103152631e-16
4.077640000000000146e+04 9.017794897555698219e-17 4.463845628519166773e-17 2.704495927376402664e-16
4.184800000000000000e+04 6.586031034069400475e-17 2.728330703778215556e-18 3.025217081799357521e-16
4.291969999999999709e+04 4.165551161851158578e-17 1.527302978773871517e-17 2.819224726800094819e-16
4.399140000000000146e+04 2.326359386718718371e-17 6.073182919398145009e-17 2.274414258251782309e-16
4.506300000000000000e+04 1.248204046737507470e-17 1.155844150149951518e-16 1.573705978153979516e-16
4.613469999999999709e+04 9.055210732484425126e-18 1.619790847797550774e-16 9.070123124669466031e-17
4.720640000000000146e+04 1.104501684117161620e-17 1.893328081067749950e-16 3.895319174045446167e-17
4.827800000000000000e+04 1.610684086698915636e-17 1.965003865216369238e-16 7.336313670272879602e-18
4.939900000000000000e+04 2.228001812843707149e-17 1.843801542832763294e-16 -5.192821602739169028e-18
5.082809999999999854e+04 2.923675061392662499e-17 1.521611768570676894e-16 2.243299544110937161e-18
5.225719999999999709e+04 3.274213731427288134e-17 1.090800442399279634e-16 2.499030974191901181e-17
5.368630000000000291e+04 3.277247440729282725e-17 6.792867755572039415e-17 5.225008727916466477e-17
5.511540000000000146e+04 2.953326321703007892e-17 3.457266327715631865e-17 7.549394511641391679e-17
5.654450000000000000e+04 2.435954927945178439e-17 1.268698226252502363e-17 9.048568501089651598e-17
5.797350000000000000e+04 1.843242944465258914e-17 2.123854225461389843e-18 9.602877498117046027e-17
5.940259999999999854e+04 1.266367845693039512e-17 8.022631258520657401e-19 9.276778624329863246e-17
6.083169999999999709e+04 7.822560223182068044e-18 5.839112566225688877e-18 8.381195052025085220e-17
6.226080000000000291e+04 4.099090569742866792e-18 1.431621073955071599e-17 7.067363384541808492e-17
6.368990000000000146e+04 1.599293933036159124e-18 2.372790061454169021e-17 5.585780085929670411e-17
6.511900000000000000e+04 2.222388285288710730e-19 3.254656411684072904e-17 4.171315111765410357e-17
6.686039999999999418e+04 -2.502045272758137832e-19 4.124811518960455407e-17 2.678366590132833955e-17
6.876610000000000582e+04 2.700345912200337333e-19 4.726028956574360244e-17 1.410354535923358069e-17
7.067180000000000291e+04 1.390381999580256721e-18 4.923192046380232614e-17 5.474693919515189329e-18
7.257750000000000000e+04 2.708485389369919416e-18 4.773703992160595224e-17 6.525052508759359853e-19
7.448319999999999709e+04 3.921192892516564527e-18 4.348063879752512430e-17 -1.049427478704384045e-18
7.638900000000000000e+04 4.908688091024535560e-18 3.801871461275238147e-17 -5.025935690194829714e-19
7.829469999999999709e+04 5.539594614249059130e-18 3.162685624339990991e-17 1.465445980000393306e-18
8.020039999999999418e+04 5.829883176677678587e-18 2.522895965912448670e-17 4.131370227778072287e-18
8.210610000000000582e+04 5.792946181132504950e-18 1.921971853111184567e-17 6.919212437834468289e-18
8.401180000000000291e+04 5.551413790258520409e-18 1.410267717008809796e-17 9.524001057921838316e-18
8.591760000000000582e+04 5.104772182007627962e-18 9.795977851966771426e-18 1.162918297489090591e-17
8.793289999999999418e+04 4.535626069180996328e-18 6.273335658993793757e-18 1.329806694425341318e-17
9.047419999999999709e+04 3.818971608610753371e-18 3.212789963055257031e-18 1.479926138931958619e-17
9.301550000000000000e+04 3.046281091744150948e-18 1.303391195387708007e-18 1.530268985196748061e-17
9.555680000000000291e+04 2.338340643091969535e-18 3.400754804298277252e-19 1.520017994592691676e-17
9.809810000000000582e+04 1.688886276143418639e-18 5.824734181935073738e-20 1.441408009541073426e-17
1.006390000000000000e+05 1.142309379029278026e-18 2.412136915409576344e-19 1.325976361051282713e-17
