1.017789999999999928e+01 9.719724978871684210e-06 9.694352643197147066e-06 9.602759899875279060e-06
1.043200000000000038e+01 9.061693663686786577e-06 9.232371338647692963e-06 9.163464847989265534e-06
1.068609999999999971e+01 8.616085059820495072e-06 8.677699020809324934e-06 8.694130871254691982e-06
1.094030000000000058e+01 8.237665819064944259e-06 8.198005729516884106e-06 8.176758292285685694e-06
1.119439999999999991e+01 7.657572015840531952e-06 7.872482933482932699e-06 7.836881909209638753e-06
1.144849999999999923e+01 7.350416538490673083e-06 7.409881477072311653e-06 7.402206744484435872e-06
1.171439999999999948e+01 7.043120001360540828e-06 6.959584858213894620e-06 6.980816240920279886e-06
1.205320000000000036e+01 6.744178159462255336e-06 6.460296759133444536e-06 6.431773935840138080e-06
1.239209999999999923e+01 6.331181242634355657e-06 6.032401471679750698e-06 6.013549629319558885e-06
1.273099999999999987e+01 6.084580400981799484e-06 5.584164860915952468e-06 5.567525510444438244e-06
1.306990000000000052e+01 5.547218501032379634e-06 5.316831693872246734e-06 5.300983415955697346e-06
1.340879999999999939e+01 4.989051161796640826e-06 5.097584160935283026e-06 5.121770744018958710e-06
1.374770000000000003e+01 4.941463997032137898e-06 4.690984068617929886e-06 4.674017223454522921e-06
1.408660000000000068e+01 4.559269440624158901e-06 4.459877802396834100e-06 4.468231475461213449e-06
1.442549999999999955e+01 4.232440796643313571e-06 4.242514955782484561e-06 4.246046955809421143e-06
1.476440000000000019e+01 4.148009950050985264e-06 3.954541806578265402e-06 3.909233960910034554e-06
1.510330000000000084e+01 3.735754563259881050e-06 3.801582022984427999e-06 3.812354467232931750e-06
1.544209999999999994e+01 3.491177545439743818e-06 3.614050004045841589e-06 3.629702482371626025e-06
1.585510000000000019e+01 3.336898312958577863e-06 3.360435270780795270e-06 3.355557857571508820e-06
1.630699999999999861e+01 2.977950056329267752e-06 3.182374152272187322e-06 3.226642488473141717e-06
1.675890000000000057e+01 2.871433244093826309e-06 2.943854204818803235e-06 2.954008342462997090e-06
1.721079999999999899e+01 2.713449357930342382e-06 2.741228748115914554e-06 2.750257702487668883e-06
1.766280000000000072e+01 2.421407970353852801e-06 2.615892082985709276e-06 2.649515927668336596e-06
1.811469999999999914e+01 2.356309890062551562e-06 2.430382963223256057e-06 2.422506563505552757e-06
1.856660000000000110e+01 2.230059762704822874e-06 2.267103212637707042e-06 2.270502034071133485e-06
1.901849999999999952e+01 2.100695584659401735e-06 2.120322663742522630e-06 2.136376582951026106e-06
1.947040000000000148e+01 1.944194413920266054e-06 2.010438316835983747e-06 2.026996237623311257e-06
1.992229999999999990e+01 1.811884428890307878e-06 1.901845965982957940e-06 1.918398735604146557e-06
2.037430000000000163e+01 1.719090766316758925e-06 1.786411288073933092e-06 1.801825764406665939e-06
2.085219999999999985e+01 1.644377817423155195e-06 1.672096743074701941e-06 1.675443004724367771e-06
2.145479999999999876e+01 1.489524158544779254e-06 1.576902244184717113e-06 1.576345660453283207e-06
2.205750000000000099e+01 1.405053851972961645e-06 1.458384723322476078e-06 1.467714759644869486e-06
2.266009999999999991e+01 1.304056485605562436e-06 1.365203973164747255e-06 1.371156155859541062e-06
2.326269999999999882e+01 1.255126361176431323e-06 1.258531357060418681e-06 1.263183369965559278e-06
2.386540000000000106e+01 1.134080133146516484e-06 1.199195827045273800e-06 1.199776222005833378e-06
2.446799999999999997e+01 1.076021111693563471e-06 1.109413692318183299e-06 1.123645937128736949e-06
2.507069999999999865e+01 1.015584163871060207e-06 1.039411399134274317e-06 1.046420645652279618e-06
2.567330000000000112e+01 9.655938579536087185e-07 9.700186885836400637e-07 9.734388022924095464e-07
2.627590000000000003e+01 9.043215322364198518e-07 9.114872199909094226e-07 9.166439143569992853e-07
2.687859999999999872e+01 8.194521794665512651e-07 8.816561427581177837e-07 8.746415219654818367e-07
2.748120000000000118e+01 7.768734927712325071e-07 8.113757816688931291e-07 8.268848155516335417e-07
2.822250000000000014e+01 7.379788779239761471e-07 7.567485942937663572e-07 7.563722701961542669e-07
2.902609999999999957e+01 6.971619367448684510e-07 7.014296142407664991e-07 6.995004057475931027e-07
2.982979999999999876e+01 6.163832830900950453e-07 6.647364387678815347e-07 6.729888794639931637e-07
3.063340000000000174e+01 5.769648099604180222e-07 6.095336858317223563e-07 6.408968931672313365e-07
3.143700000000000117e+01 5.549476129299674215e-07 5.724153016688581250e-07 5.751978835563723861e-07
3.224069999999999681e+01 5.357660401410745757e-07 5.290118003387856122e-07 5.272934640055731835e-07
3.304429999999999978e+01 4.797245170562998820e-07 5.112441816612605596e-07 4.925079782875239360e-07
3.384790000000000276e+01 4.661682915513552843e-07 4.665535124873436223e-07 4.629605434402703308e-07
3.465160000000000196e+01 4.297929362090410564e-07 4.389501187057003130e-07 4.391847675715485309e-07
3.545519999999999783e+01 3.956388468300177069e-07 4.150664417108120804e-07 4.162776099088985146e-07
3.625880000000000081e+01 3.814320979160459410e-07 3.856635505778270174e-07 3.853867257716121445e-07
3.711789999999999878e+01 3.477701065571054914e-07 3.648118168230232347e-07 3.675860356330122206e-07
3.818959999999999866e+01 3.311738459812487505e-07 3.367023627437114805e-07 3.362850880635467128e-07
3.926129999999999853e+01 2.944174036082948727e-07 3.202961077581522342e-07 3.197193744539511210e-07
4.033290000000000219e+01 2.927228369321206964e-07 2.882069340343334284e-07 2.895527727722486124e-07
4.140460000000000207e+01 2.729361967265763117e-07 2.689338144319883697e-07 2.705481267723009530e-07
4.247630000000000194e+01 2.435797777437274853e-07 2.591177917064094778e-07 2.558270194902220333e-07
4.354789999999999850e+01 2.349017314031128247e-07 2.351743111772851360e-07 2.392901214470538081e-07
4.461959999999999837e+01 2.167623096774875519e-07 2.232964786832197961e-07 2.231936227841080990e-07
4.569129999999999825e+01 2.013206247247214617e-07 2.093221089868120129e-07 2.108782165883671708e-07
4.676290000000000191e+01 1.942615863226306969e-07 1.944848539104196854e-07 1.940762677942201644e-07
4.783460000000000178e+01 1.769990509239230562e-07 1.847666163713748586e-07 1.853129285215239196e-07
4.890630000000000166e+01 1.679543190200907633e-07 1.727598633109690875e-07 1.722146886713530899e-07
5.023669999999999902e+01 1.581788016508564068e-07 1.597463346907756713e-07 1.592507247044469471e-07
5.166579999999999728e+01 1.440635892453031008e-07 1.494318145337124669e-07 1.500175580372153439e-07
5.309490000000000265e+01 1.369170249937867411e-07 1.368552122302284966e-07 1.384944756223137548e-07
5.452400000000000091e+01 1.220878314502456274e-07 1.312825204655919925e-07 1.291681658101268998e-07
5.595309999999999917e+01 1.219673941872916862e-07 1.196027322706173350e-07 1.186241445108237563e-07
5.738219999999999743e+01 1.073821744438856680e-07 1.144790922764766677e-07 1.141282339206408510e-07
5.881130000000000280e+01 1.028863225856498450e-07 1.062599780904585390e-07 1.054381761178164306e-07
6.024040000000000106e+01 9.670936957164253599e-08 9.810775507492171070e-08 9.784828476495986350e-08
6.166949999999999932e+01 8.987032847789258290e-08 9.281495393877927051e-08 9.268841368149515946e-08
6.309859999999999758e+01 8.447326134796129215e-08 8.740502583254827905e-08 8.711170684489540505e-08
6.452760000000000673e+01 7.846551680394419648e-08 8.165459297013380844e-08 8.173467322421733906e-08
6.607179999999999609e+01 7.302622895996083707e-08 7.653853496873790849e-08 7.666618165354535789e-08
6.797750000000000625e+01 6.818940307525757580e-08 7.072903564699924007e-08 7.184587381731000144e-08
6.988320000000000221e+01 6.449439053066326312e-08 6.298254425065067024e-08 6.625244130533702224e-08
7.178889999999999816e+01 5.734217918501698881e-08 6.227813916969465826e-08 6.248527687028463890e-08
7.369469999999999743e+01 5.587816613958174456e-08 5.624242105086553302e-08 5.929033979531068927e-08
7.560039999999999338e+01 5.255972213714738552e-08 5.359460403588423712e-08 5.270255054338942434e-08
7.750610000000000355e+01 4.866318308884089764e-08 4.943165286752421324e-08 4.987804523978316507e-08
7.941179999999999950e+01 4.364892245298941937e-08 4.726628147881347914e-08 4.720060637499113439e-08
8.131749999999999545e+01 4.117102753988323358e-08 4.377763187255366762e-08 4.429484042783197666e-08
8.322329999999999472e+01 3.920910553320683759e-08 4.059182408688542424e-08 4.116748448516143652e-08
8.512900000000000489e+01 3.851370801695517384e-08 3.773629723966682092e-08 3.858514974007459200e-08
8.703470000000000084e+01 3.421354593203284419e-08 3.665284766211807616e-08 3.606958091637839298e-08
8.942260000000000275e+01 3.180889996328436267e-08 3.332956121740257687e-08 3.372217367970727427e-08
9.196389999999999532e+01 3.012027189503672445e-08 3.137951597777779779e-08 3.072056071454614133e-08
9.450520000000000209e+01 2.694468942536417429e-08 2.675389663433572725e-08 2.921090076879915505e-08
9.704659999999999798e+01 2.505593070338683369e-08 2.693584187353839098e-08 2.769141314724785574e-08
9.958790000000000475e+01 2.411220776748444781e-08 2.519633445091461791e-08 2.516154777897804717e-08
1.021290000000000049e+02 2.282057289262146375e-08 2.337426124027848321e-08 2.360288124008971686e-08
1.046710000000000065e+02 2.121434103528504678e-08 2.185023370757912557e-08 2.192808048289144364e-08
1.072120000000000033e+02 1.977932575175353529e-08 2.019277922958264221e-08 2.069897792391667688e-08
1.097530000000000001e+02 1.863285739202917813e-08 1.882737367612420796e-08 1.939245351029365707e-08
1.122939999999999969e+02 1.729735403913673347e-08 1.752643345797741347e-08 1.944085473889521711e-08
1.148359999999999985e+02 1.619256061493927597e-08 1.624521046478418185e-08 1.719958135042394318e-08
1.176110000000000042e+02 1.508447373264572022e-08 1.540066769122768510e-08 1.617456812920156397e-08
1.210000000000000000e+02 1.429183831777518783e-08 1.329928373738305627e-08 1.541781635108900612e-08
1.243889999999999958e+02 1.333975166040963134e-08 1.332010335660218360e-08 1.337272258298819123e-08
1.277780000000000058e+02 1.217529710680178234e-08 1.284395828565273493e-08 1.219150634696845243e-08
1.311670000000000016e+02 1.140679381487943698e-08 1.229056709254820117e-08 1.092822601257236402e-08
1.345550000000000068e+02 1.025651411953190586e-08 1.125983332598872879e-08 1.072084935447937291e-08
1.379439999999999884e+02 9.397900230263761401e-09 1.019107487701552353e-08 1.049366825074754512e-08
1.413329999999999984e+02 8.743965213166285993e-09 9.439058569555569415e-09 9.873448922278147025e-09
1.447220000000000084e+02 8.362350363270752097e-09 8.916241124245266927e-09 8.706002979762486629e-09
1.481109999999999900e+02 7.893076919917233273e-09 8.310446125424995457e-09 8.267531038655176758e-09
1.515000000000000000e+02 7.077553257061655396e-09 7.811653592631997381e-09 8.002050515306350898e-09
1.548890000000000100e+02 6.853655050146298226e-09 7.353415569739696541e-09 7.208907240114009255e-09
1.591740000000000066e+02 6.523365962863548505e-09 6.671974954121800868e-09 6.675820673014654880e-09
1.636930000000000121e+02 5.871388548204557208e-09 6.347245054192906613e-09 6.200324097602537776e-09
1.682129999999999939e+02 5.311982327393958724e-09 5.761597037411616707e-09 6.008733000194427476e-09
1.727319999999999993e+02 4.903975869396786668e-09 5.392253355578602933e-09 5.583614150024613581e-09
1.772510000000000048e+02 4.728059081259498643e-09 4.990552382075963346e-09 5.047061606664539845e-09
1.817700000000000102e+02 4.275874793193302297e-09 4.861166920695086906e-09 4.606430716111613868e-09
1.862889999999999873e+02 4.072986791013985689e-09 4.246869729200826145e-09 4.483330739785190350e-09
1.908079999999999927e+02 3.801843565340541401e-09 4.057685782716616739e-09 4.070322701942843457e-09
1.953280000000000030e+02 3.530875659283817734e-09 3.842177060653839741e-09 3.761398395062343200e-09
1.998470000000000084e+02 3.324607636824248066e-09 3.412287975521073107e-09 3.656589701200707245e-09
2.043660000000000139e+02 3.062339899947574082e-09 3.356238881788318118e-09 3.284155160071369461e-09
2.093530000000000086e+02 2.904874225511455515e-09 3.021363693858932900e-09 3.114364831129613350e-09
2.153789999999999907e+02 2.666690761611790887e-09 2.914399869182193232e-09 2.782204919206017211e-09
2.214060000000000059e+02 2.430468737839702806e-09 2.637685174570454548e-09 2.678248267589844136e-09
2.274319999999999879e+02 2.235526295525100633e-09 2.522948046004253653e-09 2.426255594077191701e-09
2.334590000000000032e+02 2.080563745185293145e-09 2.237289169984476363e-09 2.350518325834265155e-09
2.394850000000000136e+02 1.888187182562261143e-09 2.048202717877132091e-09 2.255402274560607231e-09
2.455109999999999957e+02 1.792354031883294090e-09 1.898210828711521832e-09 2.070855691905184776e-09
2.515380000000000109e+02 1.676497755465444169e-09 1.807390146261946769e-09 1.870446972118485891e-09
2.575640000000000214e+02 1.533294183280266811e-09 1.740344267113168827e-09 1.718837254606564885e-09
2.635910000000000082e+02 1.515283972200560440e-09 1.568514300063524700e-09 1.560853716419951006e-09
2.696170000000000186e+02 1.304884870977338427e-09 1.490681411325507032e-09 1.540798092697155010e-09
2.756440000000000055e+02 1.245379471176260976e-09 1.373488909191397330e-09 1.425614824632342712e-09
2.833330000000000268e+02 1.194765410938612621e-09 1.259236875600980136e-09 1.287393137460407625e-09
2.913700000000000045e+02 1.056521901830871407e-09 1.174552377976748995e-09 1.227884880192379802e-09
2.994060000000000059e+02 1.045086101749093417e-09 1.074255678222171479e-09 1.079154683028735775e-09
3.074420000000000073e+02 8.732429254089520744e-10 9.895859576440248891e-10 1.102392447947023447e-09
3.154789999999999850e+02 8.899066912411882526e-10 9.460009072345972397e-10 9.257749488798667821e-10
3.235149999999999864e+02 8.089866249620164605e-10 8.702923700399911956e-10 8.719622035255345890e-10
3.315509999999999877e+02 7.078955071146930676e-10 8.220415023360383371e-10 8.398433026444034479e-10
3.395880000000000223e+02 7.238733298952841561e-10 7.323720119724526867e-10 7.462605971322637167e-10
3.476240000000000236e+02 6.316413285573311811e-10 7.113247392809114225e-10 6.838749525942294415e-10
3.556610000000000014e+02 5.492031551688197239e-10 6.717136939326582177e-10 6.846403608985222277e-10
3.636970000000000027e+02 5.704692617599480464e-10 5.967166422451972156e-10 6.054177094948549634e-10
3.726580000000000155e+02 5.246076414512734369e-10 5.507039107320398662e-10 5.708811343166867624e-10
3.833740000000000236e+02 4.255969989957232585e-10 5.315396809283174302e-10 5.619976830759595415e-10
3.940910000000000082e+02 4.437606762768270332e-10 4.746036401741259414e-10 4.851407975490471860e-10
4.048079999999999927e+02 4.243095359391321699e-10 4.363753657515971161e-10 4.373576853092709440e-10
4.155240000000000009e+02 3.369449754241692334e-10 4.294360171020208252e-10 4.341357258238101557e-10
4.262409999999999854e+02 3.279419417518936412e-10 3.825547785000351185e-10 4.026107487480713966e-10
4.369569999999999936e+02 3.473397656463667367e-10 3.383558299408980407e-10 3.459965824127352587e-10
4.476739999999999782e+02 3.002893942012671085e-10 3.312682306321172679e-10 3.253601061666157834e-10
4.583910000000000196e+02 2.446686044525426957e-10 3.214019043037778506e-10 3.213854537436795150e-10
4.691070000000000277e+02 2.421805966625883620e-10 2.857877815968856019e-10 2.966220772405261658e-10
4.798240000000000123e+02 2.573625727449142327e-10 2.488077540679921532e-10 2.596006016870936904e-10
4.905409999999999968e+02 2.364431665291332645e-10 2.461299759350106357e-10 2.289598395358562032e-10
5.043389999999999986e+02 1.859596203898112519e-10 2.378147065278753309e-10 2.323867395823135117e-10
5.186299999999999955e+02 1.666806546419117129e-10 2.163321854815921835e-10 2.213571043764962002e-10
5.329199999999999591e+02 1.825003307659266859e-10 1.836536582340547211e-10 1.921793838500186959e-10
5.472110000000000127e+02 1.767789228651416568e-10 1.691333123466573205e-10 1.697987331882010990e-10
5.615019999999999527e+02 1.442820904537060033e-10 1.746198376274908277e-10 1.578685581188031963e-10
5.757930000000000064e+02 1.174365817237201906e-10 1.498192081790887524e-10 1.713154811534968867e-10
5.900839999999999463e+02 1.127636460079887340e-10 1.425345115651508594e-10 1.527598500384408425e-10
6.043750000000000000e+02 1.233759851802523688e-10 1.164120960952050732e-10 1.384734583745426319e-10
6.186660000000000537e+02 1.251563985524972075e-10 1.117150870505126927e-10 1.136405985469901929e-10
6.329569999999999936e+02 1.038501635967852396e-10 1.104260026048834285e-10 1.104304276483314021e-10
6.472480000000000473e+02 8.304215731987707873e-11 1.115582919188430321e-10 1.067359805612799317e-10
6.633460000000000036e+02 7.150033414244003379e-11 1.025863015318820664e-10 1.044813584756779461e-10
6.824039999999999964e+02 7.639012778282815387e-11 8.785091252778611391e-11 9.218837748938577750e-11
7.014610000000000127e+02 8.119554914373766035e-11 7.611643838711720826e-11 7.895719139329389686e-11
7.205180000000000291e+02 7.384108232874222079e-11 7.212901251909633935e-11 7.201379030216147385e-11
7.395750000000000455e+02 5.879222373642908486e-11 7.174408923760757050e-11 7.049385922096335320e-11
7.586319999999999482e+02 4.715287894683939732e-11 6.892695529517739312e-11 6.979201055798324723e-11
7.776900000000000546e+02 4.385346603375834571e-11 6.373387486212087310e-11 6.420087565912081825e-11
7.967469999999999573e+02 4.557782044266180252e-11 5.484022368007644827e-11 5.844671890226177529e-11
8.158039999999999736e+02 4.907212484786698746e-11 4.820517473058058023e-11 5.005610594181150863e-11
8.348609999999999900e+02 4.791619216101820252e-11 4.333731297517671267e-11 4.476285440880511362e-11
8.539180000000000064e+02 4.309993704233865896e-11 4.146178742405909993e-11 4.133044989860226408e-11
8.729759999999999991e+02 3.599536673286123864e-11 4.088651045497914330e-11 3.968955683215962882e-11
8.977309999999999945e+02 2.787243629181589826e-11 4.015195825724194313e-11 3.906389694094216008e-11
9.231449999999999818e+02 2.314636082032191964e-11 3.801948775927387557e-11 3.748362585540422330e-11
9.485579999999999927e+02 2.297959758265955571e-11 3.342960759238929939e-11 3.434702596231837388e-11
9.739710000000000036e+02 2.481838677344730584e-11 2.857899017616325432e-11 3.031029452588945612e-11
9.993840000000000146e+02 2.629095878153585026e-11 2.454999707497203512e-11 2.635989069049213227e-11
1.024799999999999955e+03 2.572477815163846699e-11 2.235091688234072636e-11 2.309828408902082319e-11
1.050210000000000036e+03 2.313688329159495090e-11 2.121580011444671363e-11 2.142658078745834675e-11
1.075619999999999891e+03 1.925929037060156225e-11 2.103256190671741388e-11 2.045123492118104192e-11
1.101039999999999964e+03 1.528408317092636192e-11 2.113543355819192157e-11 1.969543503488173011e-11
1.126450000000000045e+03 1.219991618896534339e-11 2.038688175819479580e-11 1.922284529183987006e-11
1.151859999999999900e+03 1.048020544232835827e-11 1.861687797084898572e-11 1.881844518082266418e-11
1.180779999999999973e+03 1.001802173443131861e-11 1.689554246082879742e-11 1.723793121848988879e-11
1.214670000000000073e+03 1.091863042149552629e-11 1.437581150183005185e-11 1.526256289752442655e-11
1.248559999999999945e+03 1.176861789386649008e-11 1.217543860607439161e-11 1.334850462465912542e-11
1.282450000000000045e+03 1.197470400612444338e-11 1.072415080966182635e-11 1.157972894426373729e-11
1.316339999999999918e+03 1.132481503442003557e-11 9.975033974623190988e-12 1.030336530650677886e-11
1.350230000000000018e+03 9.924518523266901278e-12 9.463948877462907287e-12 9.725117645120197339e-12
1.384119999999999891e+03 8.359444500556343529e-12 9.466656344836862498e-12 9.011238554247902684e-12
1.418009999999999991e+03 6.510473370023029298e-12 9.302268233505287031e-12 8.912524288698796476e-12
1.451900000000000091e+03 5.454618852448748022e-12 9.119657828430914449e-12 8.259903055280342698e-12
1.485789999999999964e+03 4.282773515690604395e-12 7.974241324097068662e-12 8.805742128607329818e-12
1.519670000000000073e+03 3.743326915988460355e-12 7.497926229518059680e-12 8.193179351593480712e-12
1.553559999999999945e+03 3.663649483874011529e-12 6.926080640179724571e-12 7.319715092776266278e-12
1.597980000000000018e+03 3.840114365331944891e-12 5.928490407148627477e-12 6.689487105189431821e-12
1.643170000000000073e+03 4.206406799116588288e-12 5.316948689946113554e-12 5.585188780897300221e-12
1.688359999999999900e+03 4.337112933285691650e-12 4.633004810755754878e-12 4.912571462291554499e-12
1.733549999999999955e+03 4.358909281802626364e-12 3.936769116024292149e-12 4.471439365100083337e-12
1.778740000000000009e+03 4.197778600141509591e-12 3.645430292196102966e-12 3.906033811254889864e-12
1.823930000000000064e+03 3.861311637405711072e-12 3.477458207332895726e-12 3.466673124420395187e-12
1.869130000000000109e+03 3.432994788683789396e-12 3.463959302760189132e-12 3.066143653407023845e-12
1.914319999999999936e+03 2.930703817322495083e-12 3.478050262572503368e-12 2.769717659503002159e-12
1.959509999999999991e+03 2.431751910535234309e-12 2.961981324154306601e-12 3.064386703740973742e-12
2.004700000000000045e+03 2.099766143419017939e-12 2.550630832888726666e-12 3.136808772906656225e-12
2.049889999999999873e+03 1.692569254326742978e-12 3.293610422984961352e-12 2.195541000160796888e-12
2.101840000000000146e+03 1.298513195764898793e-12 2.792919055048347937e-12 2.509347561066204195e-12
2.162110000000000127e+03 1.051871987136894748e-12 2.467852299297076159e-12 2.533679345921830138e-12
2.222369999999999891e+03 9.537871013272840550e-13 1.920681490698503765e-12 2.682237654061262478e-12
2.282630000000000109e+03 9.848605427553591532e-13 1.872334679379442153e-12 2.239736387165994567e-12
2.342900000000000091e+03 8.752672796596883342e-13 2.172727143659598145e-12 1.642684908038363908e-12
2.403159999999999854e+03 8.561329231423070169e-13 1.446225975567264436e-12 2.010802234379629114e-12
2.463429999999999836e+03 9.102369750718760958e-13 1.640773569948167407e-12 1.417149110331307086e-12
2.523690000000000055e+03 9.012344771630655345e-13 1.177299715099048011e-12 1.569185266529454241e-12
2.583960000000000036e+03 8.901758557614369395e-13 1.220101762787677129e-12 1.251251930787875890e-12
2.644219999999999800e+03 9.196805257885188805e-13 1.059726555123943846e-12 1.114443563592914083e-12
2.704480000000000018e+03 8.959489609740145817e-13 8.999685168948467441e-13 1.048917102995145348e-12
2.764750000000000000e+03 8.670074497126432920e-13 8.232845296728938215e-13 9.314865620457824604e-13
2.844420000000000073e+03 8.388814932672051201e-13 7.333070318934784956e-13 8.289226506358707420e-13
2.924780000000000200e+03 8.003309569377039767e-13 6.898970817065809285e-13 7.106712092247342724e-13
3.005150000000000091e+03 7.489756478935882239e-13 6.054528269718088751e-13 6.647919411407016201e-13
3.085510000000000218e+03 6.800460316511826439e-13 5.591963725761650242e-13 6.147673427665223345e-13
3.165869999999999891e+03 6.204389712859367786e-13 5.428203169135404819e-13 5.375566356442282335e-13
3.246239999999999782e+03 5.634334747349377275e-13 5.149996246656401187e-13 4.870837156971971607e-13
3.326599999999999909e+03 5.017310062387056313e-13 4.814723947625855291e-13 4.556930645220677469e-13
3.406960000000000036e+03 4.411966823020843072e-13 4.518683190914292093e-13 4.299407019283422695e-13
3.487329999999999927e+03 3.847308687218502260e-13 4.249384535458596612e-13 4.055053168866420102e-13
3.567690000000000055e+03 3.351981385549900213e-13 3.997968564655979579e-13 3.838181470471802041e-13
3.648050000000000182e+03 2.918955795682268273e-13 3.753178603601299896e-13 3.612579833206727995e-13
3.741360000000000127e+03 2.481359883927713266e-13 3.525477609667280081e-13 3.427402903581451708e-13
3.848519999999999982e+03 2.039674967354678050e-13 3.315476204819195802e-13 3.285633371022354537e-13
3.955690000000000055e+03 1.684428957631987700e-13 3.109969932369712335e-13 3.111546673706168660e-13
4.062860000000000127e+03 1.414019866535517888e-13 2.905324364763673428e-13 2.944996225854058645e-13
4.170020000000000437e+03 1.212688553704469936e-13 2.702666497114954202e-13 2.750195640327552478e-13
4.277189999999999600e+03 1.077409441240068618e-13 2.546295476507547448e-13 2.496592098156335350e-13
4.384359999999999673e+03 9.724123998579899067e-14 2.436084787125659568e-13 2.213787011052329716e-13
4.491520000000000437e+03 8.328517054648114817e-14 2.274061004168676336e-13 2.051273198704727585e-13
4.598689999999999600e+03 6.714906072858447435e-14 2.016727799782847593e-13 2.057447749638776120e-13
4.705859999999999673e+03 6.067166444839730943e-14 1.828985433020006924e-13 1.924187010881528735e-13
4.813020000000000437e+03 6.162353079378529261e-14 1.751806160947409648e-13 1.632472558094616675e-13
4.920189999999999600e+03 5.318534422223892035e-14 1.548615357083327885e-13 1.599335682949907060e-13
5.063100000000000364e+03 4.811791892611708949e-14 1.369140837987273438e-13 1.515629065704045267e-13
5.206010000000000218e+03 4.672517472914341960e-14 1.261391261561670185e-13 1.353342451068745743e-13
5.348920000000000073e+03 4.807881025956669914e-14 1.179583807127701319e-13 1.164203781464791188e-13
5.491819999999999709e+03 4.695721236373912459e-14 1.024446123172061887e-13 1.096567592761743271e-13
5.634729999999999563e+03 4.390491628026944904e-14 9.027910913249866561e-14 1.030876054498605416e-13
5.777640000000000327e+03 4.406461808701854485e-14 8.545845365348345378e-14 8.863376681481562857e-14
5.920550000000000182e+03 4.331023676032222332e-14 7.337932457302894715e-14 8.358320394366994138e-14
6.063460000000000036e+03 4.153151365758726221e-14 6.769917519392008000e-14 7.468253953356616145e-14
6.206369999999999891e+03 4.086115724169699958e-14 5.994725753742617823e-14 6.783328357411230057e-14
6.349279999999999745e+03 3.932231613516908470e-14 5.461542250593724391e-14 6.112966677704976177e-14
6.492189999999999600e+03 3.801992375965042067e-14 4.812568459796802668e-14 5.620898683354718136e-14
6.659750000000000000e+03 3.682091636056961461e-14 4.470355269553202667e-14 4.889211364836232805e-14
6.850319999999999709e+03 3.540190113791680238e-14 3.726756754530285661e-14 4.637228357758085191e-14
7.040890000000000327e+03 3.417830816783008282e-14 3.638189764801368869e-14 3.870671071943900518e-14
7.231470000000000255e+03 3.274912058134588175e-14 2.987752613493301553e-14 3.745996269037122937e-14
7.422039999999999964e+03 3.108934578257769232e-14 2.932798362253780959e-14 3.133293709007431426e-14
7.612609999999999673e+03 2.959557215724636132e-14 2.375228947834323211e-14 3.081440984365494221e-14
7.803180000000000291e+03 2.780866921901259864e-14 2.515817774676024147e-14 2.411597834914317928e-14
7.993750000000000000e+03 2.637368212516231706e-14 1.733119476216914013e-14 2.717960389689680679e-14
8.184329999999999927e+03 2.452288835215112103e-14 2.303597578871691066e-14 1.748605015565348467e-14
8.374899999999999636e+03 2.328379464628772115e-14 1.315402941565400887e-14 2.325917179011710730e-14
8.565469999999999345e+03 2.128770066544972630e-14 1.738625069438128646e-14 1.601963722387653489e-14
8.758229999999999563e+03 2.012701401755389982e-14 1.575139268912612756e-14 1.437327860852847877e-14
9.012370000000000800e+03 1.850675871556384822e-14 1.061717389033089462e-14 1.679818258609722335e-14
9.266500000000000000e+03 1.717382224198638712e-14 1.531222128805478489e-14 9.523458775862980464e-15
9.520629999999999200e+03 1.605014637553360894e-14 6.240432117614961025e-15 1.617499642032400904e-14
9.774760000000000218e+03 1.422938515588178315e-14 1.417783012533192846e-14 6.750221120396655887e-15
1.002889999999999964e+04 1.387127314966396232e-14 7.157451065510694530e-15 1.127659260612464824e-14
1.028300000000000000e+04 1.212998600991421181e-14 6.532069161738955328e-15 1.094969200977724173e-14
1.053720000000000073e+04 1.113100735681113775e-14 1.204003289277605872e-14 3.987297320199120735e-15
1.079129999999999927e+04 1.080503488839502727e-14 4.514135921674094944e-15 9.544390442814275070e-15
1.104539999999999964e+04 9.268560172360334984e-15 4.614891743949552834e-15 8.976184769171710819e-15
1.129960000000000036e+04 8.351472350337659655e-15 9.956084076666984491e-15 2.653646250866900867e-15
1.155370000000000073e+04 8.300080058635398189e-15 5.510348384565629114e-15 5.415985403096132241e-15
1.185460000000000036e+04 7.195166085519463763e-15 2.032056159729689742e-15 8.369113446855528051e-15
1.219350000000000000e+04 6.109486285961477557e-15 7.873392947528528949e-15 2.048175097633869083e-15
1.253239999999999964e+04 6.262699790869245654e-15 4.461518825290740389e-15 3.979822645565672007e-15
1.287129999999999927e+04 5.362931874823995877e-15 1.200557046530734363e-15 6.892144421523149994e-15
1.321010000000000036e+04 4.399928800527109665e-15 5.634876557394403076e-15 2.289106010917628411e-15
1.354900000000000000e+04 4.494285791748606314e-15 5.481163123386303309e-15 1.319018813034851935e-15
1.388789999999999964e+04 4.269379290137651589e-15 1.160746680124949438e-15 4.897689370515012012e-15
1.422679999999999927e+04 3.377888717318957195e-15 1.559817026778207768e-15 4.552123659877107731e-15
1.456570000000000073e+04 2.890510568353711585e-15 4.671222497164439227e-15 1.137772438335007988e-15
1.490460000000000036e+04 3.006402451015439560e-15 4.256820686187203605e-15 6.954904412031569526e-16
1.524350000000000000e+04 2.944593931454665891e-15 1.320238529065977250e-15 3.048522431540544019e-15
1.559020000000000073e+04 2.387264748051863814e-15 4.013308822675627203e-16 3.909817082747169281e-15
1.604210000000000036e+04 1.822550815933453838e-15 2.873490243716690578e-15 1.418740800454448281e-15
1.649400000000000000e+04 1.911861775590266696e-15 3.485007411756089844e-15 1.912571488009125369e-16
1.694590000000000146e+04 1.965463043677494450e-15 1.197861155083352120e-15 1.948096828624811937e-15
1.739779999999999927e+04 1.559597423129872311e-15 1.870436060075654125e-16 2.916000980171315615e-15
1.784979999999999927e+04 1.148205734457392828e-15 1.529457020300909367e-15 1.603046413267400084e-15
1.830170000000000073e+04 1.092098069794938851e-15 2.668098309896865524e-15 1.594529714368973596e-16
1.875359999999999854e+04 1.216426742830098177e-15 2.041750366389914173e-15 3.327388601327536224e-16
1.920550000000000000e+04 1.184126804194539448e-15 6.523791617147940011e-16 1.445269731707192190e-15
1.965740000000000146e+04 9.465549619351872886e-16 7.154506432999491858e-17 1.996375430247223036e-15
2.010929999999999927e+04 6.820657453649151573e-16 6.026865082032874192e-16 1.476514840276902722e-15
2.056129999999999927e+04 5.624690496263349502e-16 1.430705897498244863e-15 5.370527145174105194e-16
2.110150000000000000e+04 6.111930200147269743e-16 1.704908319701983176e-15 -1.392357609964771525e-17
2.170420000000000073e+04 6.947618719602451289e-16 9.809701726650427291e-16 4.330504062006334612e-16
2.230679999999999927e+04 6.212573604280044158e-16 1.735662073517134973e-16 1.130208038215979857e-15
2.290950000000000000e+04 4.425474046398117180e-16 9.450709561944288089e-17 1.221944386795823008e-15
2.351209999999999854e+04 3.048815492524076658e-16 5.844668897107513076e-16 7.192617328646283331e-16
2.411470000000000073e+04 2.776446446129544323e-16 1.024149457137777344e-15 1.650784483573130982e-16
2.471740000000000146e+04 3.246168135805647758e-16 1.042073275556364064e-15 -1.983710719544853092e-17
2.532000000000000000e+04 3.640486691542681517e-16 6.897829260350288996e-16 1.782308455601410245e-16
2.592270000000000073e+04 3.493434282718539978e-16 2.697864940128862026e-16 5.083684431809353654e-16
2.652529999999999927e+04 2.832127116540212519e-16 3.295903682836434089e-17 7.128486154978309773e-16
2.712800000000000000e+04 2.021446189969681153e-16 4.803599174000640016e-17 6.938743890330857639e-16
2.775140000000000146e+04 1.370994019625256049e-16 2.359106018099978729e-16 4.899469580581375885e-16
2.855500000000000000e+04 1.101144014369885813e-16 5.023171633427491412e-16 1.738966407033706331e-16
2.935870000000000073e+04 1.298684270650164419e-16 5.905401946811208189e-16 -3.169725595178739909e-18
3.016229999999999927e+04 1.584784773037995610e-16 4.708210075894469093e-16 2.256878231183201576e-17
3.096590000000000146e+04 1.682623116453196711e-16 2.600427575660523863e-16 1.693362244085823717e-16
3.176959999999999854e+04 1.497531344836824717e-16 8.108333986776326448e-17 3.147952035047612718e-16
3.257320000000000073e+04 1.139026494734333027e-16 5.671945334492359051e-18 3.789898112463141517e-16
3.337680000000000291e+04 7.618861219030761997e-17 3.217136339314085535e-17 3.457213692271503826e-16
3.418050000000000000e+04 4.939520992528648928e-17 1.164113705516223053e-16 2.508286917675261959e-16
3.498409999999999854e+04 3.710657884739509715e-17 2.051933846559117604e-16 1.381855881931614661e-16
3.578780000000000291e+04 3.753574779605764001e-17 2.617162443449238167e-16 4.837738106546367885e-17
3.659140000000000146e+04 4.492572073201410691e-17 2.707809601546979002e-16 5.294610870272324446e-19
3.756140000000000146e+04 5.653029218083683726e-17 2.347501819790958518e-16 -1.915308304116441218e-18
3.863309999999999854e+04 6.384698425951354202e-17 1.575063648217630742e-16 4.186914009799340851e-17
3.970469999999999709e+04 6.188011844327617275e-17 7.819420644841464147e-17 9.960453919051277567e-17
4.077640000000000146e+04 5.221694696018629952e-17 2.333251578377225171e-17 1.429041645173185975e-16
4.184800000000000000e+04 3.886796700113215318e-17 1.757251814099903141e-18 1.586165637725996119e-16
4.291969999999999709e+04 2.574648604786452214e-17 8.538735882596928386e-18 1.466756502264309792e-16
4.399140000000000146e+04 1.588949186713585488e-17 3.213244991975086298e-17 1.176752364525874095e-16
4.506300000000000000e+04 1.004335845191062888e-17 6.015738121664391987e-17 8.091040664774555983e-17
4.613469999999999709e+04 8.031983332849861760e-18 8.344405079813531266e-17 4.636818843540966812e-17
4.720640000000000146e+04 8.775539465758647315e-18 9.662328875255793543e-17 1.984270935457791786e-17
4.827800000000000000e+04 1.107788013140810980e-17 9.953663040049130951e-17 3.869191007241768485e-18
4.939900000000000000e+04 1.388874415337591391e-17 9.268150173214093612e-17 -2.324249597170894866e-18
5.082809999999999854e+04 1.708511312359159906e-17 7.608581367800116730e-17 1.537463320885421944e-18
5.225719999999999709e+04 1.850330381456010077e-17 5.418981219770834899e-17 1.293187750802071468e-17
5.368630000000000291e+04 1.825667779880489112e-17 3.360286066602507759e-17 2.645120338259145306e-17
5.511540000000000146e+04 1.637570836573394601e-17 1.700783767819802311e-17 3.779020320467522915e-17
5.654450000000000000e+04 1.358381247264052363e-17 6.228167755353635793e-18 4.492829205649943756e-17
5.797350000000000000e+04 1.047162369065165464e-17 1.097781486654287926e-18 4.734794326855210862e-17
5.940259999999999854e+04 7.474471426912316609e-18 5.116509215637539249e-19 4.539525920031069556e-17
6.083169999999999709e+04 4.995489927653916503e-18 2.999787275011685953e-18 4.077752358273436718e-17
6.226080000000000291e+04 3.082723182551772056e-18 7.097654313029957036e-18 3.414886518882558456e-17
6.368990000000000146e+04 1.783727841669771699e-18 1.156509919379915266e-17 2.677916095986008758e-17
6.511900000000000000e+04 1.051623375022830939e-18 1.569715194737551915e-17 1.987155327679625214e-17
6.686039999999999418e+04 7.570275551080904219e-19 1.972725354657473781e-17 1.268769303837277464e-17
6.876610000000000582e+04 9.382223226941395307e-19 2.246151570409474782e-17 6.655954098338431299e-18
7.067180000000000291e+04 1.402333641153509183e-18 2.326682000479800260e-17 2.585816474199167968e-18
7.257750000000000000e+04 1.956863532801605720e-18 2.243887507776966739e-17 3.356590231529054614e-19
7.448319999999999709e+04 2.453308357300494491e-18 2.030592073935350955e-17 -4.397002005713743196e-19
7.638900000000000000e+04 2.852769330933165252e-18 1.767485104433739319e-17 -1.667905377092857779e-19
7.829469999999999709e+04 3.079152140022541901e-18 1.461538905525522673e-17 7.563139266983739581e-19
8.020039999999999418e+04 3.149321083638034178e-18 1.158731715174415836e-17 1.985902441162293519e-18
8.210610000000000582e+04 3.067301353209306911e-18 8.763211168869984620e-18 3.249646067598836334e-18
8.401180000000000291e+04 2.903659357825760268e-18 6.391784810650207413e-18 4.416387360352643770e-18
8.591760000000000582e+04 2.646742050219503691e-18 4.407434915539833727e-18 5.333906702570317355e-18
8.793289999999999418e+04 2.341986371141271327e-18 2.803417967655486199e-18 6.042934346707829114e-18
9.047419999999999709e+04 1.981855316190504881e-18 1.431418933651787674e-18 6.682622430579442207e-18
9.301550000000000000e+04 1.599110539106582897e-18 5.818894751636990151e-19 6.860189464789598349e-18
9.555680000000000291e+04 1.257449975085821453e-18 1.597575592206864135e-19 6.781046678370380048e-18
9.809810000000000582e+04 9.437190175085068289e-19 4.036277888326805980e-20 6.389587476542866048e-18
1.006390000000000000e+05 6.814001136550165624e-19 1.248233968753626006e-19 5.842523706682223927e-18
